"Alleles","AllBinders","StrongBinders","WeakBinders","WeakandStrongBinders"
"HLA-A*01:01",15217,313,694,1007
"HLA-A*01:02",15217,328,715,1043
"HLA-A*01:03",15217,325,691,1016
"HLA-A*01:06",15217,284,707,991
"HLA-A*01:09",15217,313,694,1007
"HLA-A*01:100",15217,319,680,999
"HLA-A*01:104",15217,335,680,1015
"HLA-A*01:113",15217,319,680,999
"HLA-A*01:12",15217,281,697,978
"HLA-A*01:126",15217,320,694,1014
"HLA-A*01:14",15217,300,698,998
"HLA-A*01:156",15217,313,694,1007
"HLA-A*01:17",15217,320,695,1015
"HLA-A*01:190",15217,328,715,1043
"HLA-A*01:23",15217,318,695,1013
"HLA-A*01:24",15217,319,680,999
"HLA-A*01:25",15217,326,691,1017
"HLA-A*01:26",15217,303,721,1024
"HLA-A*01:29",15217,319,680,999
"HLA-A*01:30",15217,294,706,1000
"HLA-A*01:38",15217,319,680,999
"HLA-A*01:39",15217,319,680,999
"HLA-A*01:40",15217,319,680,999
"HLA-A*01:42",15217,319,680,999
"HLA-A*01:43",15217,315,703,1018
"HLA-A*01:44",15217,319,680,999
"HLA-A*01:46",15217,319,680,999
"HLA-A*01:48",15217,319,680,999
"HLA-A*01:51",15217,328,712,1040
"HLA-A*01:61",15217,319,680,999
"HLA-A*01:67",15217,319,680,999
"HLA-A*01:68",15217,319,680,999
"HLA-A*01:69",15217,313,694,1007
"HLA-A*01:72",15217,315,747,1062
"HLA-A*01:74",15217,319,680,999
"HLA-A*01:82",15217,313,694,1007
"HLA-A*01:86",15217,319,680,999
"HLA-A*01:92",15217,319,680,999
"HLA-A*01:98",15217,313,710,1023
"HLA-A*02:01",15217,177,578,755
"HLA-A*02:02",15217,180,573,753
"HLA-A*02:03",15217,179,561,740
"HLA-A*02:04",15217,179,573,752
"HLA-A*02:05",15217,192,589,781
"HLA-A*02:06
",15217,196,571,767
"HLA-A*02:07",15217,199,597,796
"HLA-A*02:08",15217,205,605,810
"HLA-A*02:10",15217,192,586,778
"HLA-A*02:101",15217,189,576,765
"HLA-A*02:102",15217,179,580,759
"HLA-A*02:105",15217,183,584,767
"HLA-A*02:107",15217,179,568,747
"HLA-A*02:109",15217,179,568,747
"HLA-A*02:11",15217,183,573,756
"HLA-A*02:110",15217,180,580,760
"HLA-A*02:114",15217,180,604,784
"HLA-A*02:118",15217,179,568,747
"HLA-A*02:119",15217,179,568,747
"HLA-A*02:12",15217,181,599,780
"HLA-A*02:120",15217,179,568,747
"HLA-A*02:121",15217,177,578,755
"HLA-A*02:122",15217,194,590,784
"HLA-A*02:123",15217,177,578,755
"HLA-A*02:128",15217,193,584,777
"HLA-A*02:13",15217,187,608,795
"HLA-A*02:133",15217,177,578,755
"HLA-A*02:135",15217,204,617,821
"HLA-A*02:136",15217,188,631,819
"HLA-A*02:137",15217,196,571,767
"HLA-A*02:138",15217,179,568,747
"HLA-A*02:139",15217,185,558,743
"HLA-A*02:14",15217,192,570,762
"HLA-A*02:141",15217,185,572,757
"HLA-A*02:147",15217,187,585,772
"HLA-A*02:149",15217,179,568,747
"HLA-A*02:151",15217,187,585,772
"HLA-A*02:154",15217,199,599,798
"HLA-A*02:156",15217,172,580,752
"HLA-A*02:157",15217,177,578,755
"HLA-A*02:158",15217,180,564,744
"HLA-A*02:16",15217,185,578,763
"HLA-A*02:160",15217,179,568,747
"HLA-A*02:161",15217,175,575,750
"HLA-A*02:162",15217,179,568,747
"HLA-A*02:163
",15217,179,568,747
"HLA-A*02:164",15217,179,568,747
"HLA-A*02:165",15217,179,568,747
"HLA-A*02:166",15217,179,568,747
"HLA-A*02:17",15217,26,310,336
"HLA-A*02:172",15217,26,310,336
"HLA-A*02:173",15217,179,568,747
"HLA-A*02:174",15217,179,568,747
"HLA-A*02:177",15217,177,578,755
"HLA-A*02:18",15217,199,597,796
"HLA-A*02:180",15217,193,585,778
"HLA-A*02:182",15217,179,568,747
"HLA-A*02:183",15217,177,578,755
"HLA-A*02:186",15217,179,580,759
"HLA-A*02:188",15217,197,602,799
"HLA-A*02:189",15217,177,578,755
"HLA-A*02:19",15217,188,633,821
"HLA-A*02:190",15217,177,578,755
"HLA-A*02:194",15217,179,568,747
"HLA-A*02:195",15217,197,589,786
"HLA-A*02:197",15217,177,578,755
"HLA-A*02:198",15217,179,568,747
"HLA-A*02:199",15217,179,568,747
"HLA-A*02:20",15217,184,572,756
"HLA-A*02:203",15217,179,568,747
"HLA-A*02:205",15217,179,568,747
"HLA-A*02:206",15217,179,568,747
"HLA-A*02:209",15217,180,573,753
"HLA-A*02:21",15217,196,571,767
"HLA-A*02:210",15217,179,568,747
"HLA-A*02:211",15217,177,578,755
"HLA-A*02:212",15217,179,568,747
"HLA-A*02:217",15217,186,592,778
"HLA-A*02:218",15217,179,568,747
"HLA-A*02:22",15217,177,577,754
"HLA-A*02:221",15217,177,578,755
"HLA-A*02:235",15217,179,568,747
"HLA-A*02:236",15217,179,568,747
"HLA-A*02:237",15217,179,568,747
"HLA-A*02:24",15217,177,578,755
"HLA-A*02:245",15217,182,573,755
"HLA-A*02:246",15217,180,604,784
"HLA-A*02:26",15217,182,585,767
"HLA-A*02:263",15217,179,561,740
"HLA-A*02:27",15217,182,605,787
"HLA-A*02:273",15217,179,568,747
"HLA-A*02:277",15217,179,568,747
"HLA-A*02:278",15217,193,585,778
"HLA-A*02:28",15217,196,571,767
"HLA-A*02:283",15217,179,568,747
"HLA-A*02:289",15217,183,570,753
"HLA-A*02:29",15217,173,577,750
"HLA-A*02:299",15217,179,568,747
"HLA-A*02:30",15217,177,578,755
"HLA-A*02:306",15217,179,568,747
"HLA-A*02:31",15217,179,568,747
"HLA-A*02:312",15217,179,568,747
"HLA-A*02:325",15217,177,578,755
"HLA-A*02:326
",15217,179,568,747
"HLA-A*02:33",15217,198,570,768
"HLA-A*02:332",15217,184,568,752
"HLA-A*02:338",15217,169,569,738
"HLA-A*02:34",15217,185,565,750
"HLA-A*02:342",15217,177,578,755
"HLA-A*02:343",15217,179,568,747
"HLA-A*02:346",15217,179,568,747
"HLA-A*02:35",15217,183,591,774
"HLA-A*02:359",15217,0,15217,15217
"HLA-A*02:36",15217,180,580,760
"HLA-A*02:367",15217,179,568,747
"HLA-A*02:37",15217,194,616,810
"HLA-A*02:38",15217,198,591,789
"HLA-A*02:380",15217,177,578,755
"HLA-A*02:382",15217,203,577,780
"HLA-A*02:39",15217,187,562,749
"HLA-A*02:392",15217,179,568,747
"HLA-A*02:393",15217,182,585,767
"HLA-A*02:40",15217,179,568,747
"HLA-A*02:42",15217,183,552,735
"HLA-A*02:423",15217,177,588,765
"HLA-A*02:433",15217,0,15217,15217
"HLA-A*02:434",15217,179,568,747
"HLA-A*02:436",15217,177,578,755
"HLA-A*02:44",15217,210,602,812
"HLA-A*02:45",15217,190,589,779
"HLA-A*02:46",15217,185,592,777
"HLA-A*02:47",15217,176,574,750
"HLA-A*02:48",15217,185,580,765
"HLA-A*02:484",15217,0,15217,15217
"HLA-A*02:49",15217,189,607,796
"HLA-A*02:498",15217,177,571,748
"HLA-A*02:51",15217,196,571,767
"HLA-A*02:52",15217,187,617,804
"HLA-A*02:56",15217,203,617,820
"HLA-A*02:562",15217,177,578,755
"HLA-A*02:57",15217,180,596,776
"HLA-A*02:58",15217,179,560,739
"HLA-A*02:580",15217,186,593,779
"HLA-A*02:59",15217,177,578,755
"HLA-A*02:60",15217,182,563,745
"HLA-A*02:623",15217,196,571,767
"HLA-A*02:63",15217,179,580,759
"HLA-A*02:64
",15217,185,589,774
"HLA-A*02:67",15217,177,578,755
"HLA-A*02:74",15217,177,578,755
"HLA-A*02:76",15217,172,599,771
"HLA-A*02:77",15217,177,578,755
"HLA-A*02:81",15217,209,600,809
"HLA-A*02:84",15217,190,583,773
"HLA-A*02:85",15217,177,578,755
"HLA-A*02:86",15217,177,578,755
"HLA-A*02:87",15217,213,593,806
"HLA-A*02:90",15217,179,579,758
"HLA-A*02:93",15217,177,578,755
"HLA-A*02:95",15217,177,578,755
"HLA-A*02:96",15217,178,569,747
"HLA-A*03:01",15217,200,569,769
"HLA-A*03:02",15217,202,561,763
"HLA-A*03:04",15217,200,569,769
"HLA-A*03:05",15217,200,569,769
"HLA-A*03:06",15217,200,569,769
"HLA-A*03:07",15217,188,546,734
"HLA-A*03:08",15217,190,532,722
"HLA-A*03:09",15217,210,551,761
"HLA-A*03:10",15217,202,561,763
"HLA-A*03:102",15217,203,569,772
"HLA-A*03:103",15217,196,550,746
"HLA-A*03:107",15217,240,645,885
"HLA-A*03:108",15217,191,542,733
"HLA-A*03:111",15217,203,569,772
"HLA-A*03:12",15217,210,561,771
"HLA-A*03:120",15217,205,558,763
"HLA-A*03:123",15217,200,569,769
"HLA-A*03:13",15217,203,569,772
"HLA-A*03:14",15217,203,569,772
"HLA-A*03:144",15217,203,569,772
"HLA-A*03:149",15217,203,569,772
"HLA-A*03:15",15217,211,569,780
"HLA-A*03:154",15217,203,569,772
"HLA-A*03:157",15217,193,573,766
"HLA-A*03:16",15217,203,569,772
"HLA-A*03:167",15217,229,610,839
"HLA-A*03:17",15217,200,569,769
"HLA-A*03:18",15217,320,666,986
"HLA-A*03:202",15217,203,569,772
"HLA-A*03:216",15217,203,569,772
"HLA-A*03:22",15217,200,569,769
"HLA-A*03:228",15217,203,569,772
"HLA-A*03:23",15217,200,566,766
"HLA-A*03:25",15217,200,569,769
"HLA-A*03:27",15217,203,569,772
"HLA-A*03:28",15217,203,569,772
"HLA-A*03:29",15217,194,564,758
"HLA-A*03:33",15217,203,569,772
"HLA-A*03:38",15217,203,569,772
"HLA-A*03:46
",15217,203,569,772
"HLA-A*03:47",15217,200,569,769
"HLA-A*03:48",15217,200,569,769
"HLA-A*03:49",15217,203,569,772
"HLA-A*03:50",15217,202,538,740
"HLA-A*03:51",15217,200,569,769
"HLA-A*03:53",15217,200,569,769
"HLA-A*03:56",15217,200,569,769
"HLA-A*03:57",15217,202,675,877
"HLA-A*03:62",15217,194,566,760
"HLA-A*03:63",15217,203,569,772
"HLA-A*03:65",15217,211,600,811
"HLA-A*03:74",15217,203,569,772
"HLA-A*03:81",15217,203,569,772
"HLA-A*03:86",15217,203,569,772
"HLA-A*03:87",15217,203,569,772
"HLA-A*03:89",15217,198,531,729
"HLA-A*03:93",15217,203,569,772
"HLA-A*03:94",15217,203,569,772
"HLA-A*11:01",15217,225,613,838
"HLA-A*11:02",15217,225,613,838
"HLA-A*11:03",15217,237,607,844
"HLA-A*11:04",15217,212,566,778
"HLA-A*11:05",15217,225,613,838
"HLA-A*11:06",15217,233,629,862
"HLA-A*11:08",15217,238,608,846
"HLA-A*11:09",15217,225,613,838
"HLA-A*11:10",15217,232,634,866
"HLA-A*11:117",15217,230,611,841
"HLA-A*11:12",15217,225,613,838
"HLA-A*11:15",15217,230,611,841
"HLA-A*11:159",15217,225,612,837
"HLA-A*11:160",15217,225,613,838
"HLA-A*11:161",15217,227,616,843
"HLA-A*11:18
",15217,219,608,827
"HLA-A*11:183",15217,186,577,763
"HLA-A*11:187",15217,230,611,841
"HLA-A*11:19",15217,216,583,799
"HLA-A*11:20",15217,237,607,844
"HLA-A*11:211",15217,246,637,883
"HLA-A*11:221",15217,216,605,821
"HLA-A*11:25",15217,216,566,782
"HLA-A*11:29",15217,225,613,838
"HLA-A*11:30",15217,230,611,841
"HLA-A*11:32",15217,230,611,841
"HLA-A*11:37",15217,230,611,841
"HLA-A*11:39",15217,253,636,889
"HLA-A*11:41",15217,225,613,838
"HLA-A*11:44",15217,232,616,848
"HLA-A*11:45",15217,258,666,924
"HLA-A*11:47",15217,227,600,827
"HLA-A*11:58",15217,230,611,841
"HLA-A*11:64",15217,234,615,849
"HLA-A*11:67",15217,230,611,841
"HLA-A*11:70",15217,238,613,851
"HLA-A*11:74",15217,225,613,838
"HLA-A*11:81",15217,230,611,841
"HLA-A*11:89",15217,230,611,841
"HLA-A*11:91",15217,230,611,841
"HLA-A*11:92",15217,230,611,841
"HLA-A*23:01",15217,197,595,792
"HLA-A*23:02",15217,211,603,814
"HLA-A*23:03",15217,203,595,798
"HLA-A*23:04",15217,201,589,790
"HLA-A*23:05",15217,201,600,801
"HLA-A*23:06",15217,197,595,792
"HLA-A*23:12",15217,209,586,795
"HLA-A*23:13",15217,207,595,802
"HLA-A*23:14",15217,203,595,798
"HLA-A*23:15",15217,197,595,792
"HLA-A*23:23",15217,203,595,798
"HLA-A*23:30",15217,198,585,783
"HLA-A*23:39",15217,203,595,798
"HLA-A*23:47",15217,203,595,798
"HLA-A*23:48",15217,203,595,798
"HLA-A*23:53
",15217,218,593,811
"HLA-A*23:56",15217,197,595,792
"HLA-A*24:02",15217,209,598,807
"HLA-A*24:03",15217,201,595,796
"HLA-A*24:04",15217,209,608,817
"HLA-A*24:05",15217,209,598,807
"HLA-A*24:06",15217,211,603,814
"HLA-A*24:07",15217,205,609,814
"HLA-A*24:08",15217,212,623,835
"HLA-A*24:10",15217,208,598,806
"HLA-A*24:103",15217,214,594,808
"HLA-A*24:104",15217,218,604,822
"HLA-A*24:105",15217,214,594,808
"HLA-A*24:106",15217,210,581,791
"HLA-A*24:107",15217,206,600,806
"HLA-A*24:108",15217,210,611,821
"HLA-A*24:110",15217,214,594,808
"HLA-A*24:118",15217,214,594,808
"HLA-A*24:120",15217,212,598,810
"HLA-A*24:121",15217,209,601,810
"HLA-A*24:122",15217,209,598,807
"HLA-A*24:123",15217,214,594,808
"HLA-A*24:13",15217,203,595,798
"HLA-A*24:130",15217,209,598,807
"HLA-A*24:138",15217,208,569,777
"HLA-A*24:14",15217,214,600,814
"HLA-A*24:140",15217,216,595,811
"HLA-A*24:145",15217,208,586,794
"HLA-A*24:146",15217,207,597,804
"HLA-A*24:15",15217,215,599,814
"HLA-A*24:159",15217,209,598,807
"HLA-A*24:164",15217,204,603,807
"HLA-A*24:165",15217,214,594,808
"HLA-A*24:168",15217,214,594,808
"HLA-A*24:169",15217,214,594,808
"HLA-A*24:17",15217,217,604,821
"HLA-A*24:173",15217,214,594,808
"HLA-A*24:175",15217,214,594,808
"HLA-A*24:176",15217,214,594,808
"HLA-A*24:18",15217,201,582,783
"HLA-A*24:180",15217,214,594,808
"HLA-A*24:192",15217,214,594,808
"HLA-A*24:193",15217,214,594,808
"HLA-A*24:194",15217,209,598,807
"HLA-A*24:196",15217,214,594,808
"HLA-A*24:20",15217,209,598,807
"HLA-A*24:203",15217,214,594,808
"HLA-A*24:205",15217,214,594,808
"HLA-A*24:206",15217,214,594,808
"HLA-A*24:207",15217,201,582,783
"HLA-A*24:21",15217,214,594,808
"HLA-A*24:22",15217,215,579,794
"HLA-A*24:220",15217,215,590,805
"HLA-A*24:226",15217,214,594,808
"HLA-A*24:228",15217,203,595,798
"HLA-A*24:23",15217,201,595,796
"HLA-A*24:234",15217,209,598,807
"HLA-A*24:24",15217,225,586,811
"HLA-A*24:25",15217,215,591,806
"HLA-A*24:26",15217,209,598,807
"HLA-A*24:28",15217,206,579,785
"HLA-A*24:29",15217,209,598,807
"HLA-A*24:30",15217,214,610,824
"HLA-A*24:31",15217,209,597,806
"HLA-A*24:32",15217,207,617,824
"HLA-A*24:35",15217,209,598,807
"HLA-A*24:37",15217,209,598,807
"HLA-A*24:38",15217,214,594,808
"HLA-A*24:39",15217,209,598,807
"HLA-A*24:42",15217,220,613,833
"HLA-A*24:43",15217,209,598,807
"HLA-A*24:46",15217,214,602,816
"HLA-A*24:47",15217,209,598,807
"HLA-A*24:50",15217,222,613,835
"HLA-A*24:52",15217,209,615,824
"HLA-A*24:53",15217,210,593,803
"HLA-A*24:56",15217,208,619,827
"HLA-A*24:57",15217,208,590,798
"HLA-A*24:58",15217,209,598,807
"HLA-A*24:64",15217,210,600,810
"HLA-A*24:68",15217,209,598,807
"HLA-A*24:71",15217,209,598,807
"HLA-A*24:72",15217,209,598,807
"HLA-A*24:81
",15217,209,598,807
"HLA-A*24:87",15217,204,598,802
"HLA-A*24:95",15217,209,598,807
"HLA-A*24:97",15217,214,594,808
"HLA-A*25:01",15217,264,641,905
"HLA-A*25:02",15217,257,660,917
"HLA-A*25:03",15217,259,640,899
"HLA-A*25:04
",15217,286,650,936
"HLA-A*25:08",15217,264,652,916
"HLA-A*25:11",15217,273,671,944
"HLA-A*25:13",15217,264,652,916
"HLA-A*25:14",15217,264,652,916
"HLA-A*25:16",15217,264,652,916
"HLA-A*25:24",15217,264,652,916
"HLA-A*26:01",15217,275,638,913
"HLA-A*26:02",15217,280,644,924
"HLA-A*26:03",15217,222,615,837
"HLA-A*26:05",15217,280,623,903
"HLA-A*26:06",15217,222,615,837
"HLA-A*26:07",15217,272,617,889
"HLA-A*26:08",15217,299,672,971
"HLA-A*26:09",15217,278,625,903
"HLA-A*26:10",15217,275,638,913
"HLA-A*26:104",15217,275,638,913
"HLA-A*26:12",15217,290,648,938
"HLA-A*26:13",15217,271,634,905
"HLA-A*26:14",15217,275,638,913
"HLA-A*26:15",15217,275,638,913
"HLA-A*26:16",15217,281,656,937
"HLA-A*26:17",15217,275,638,913
"HLA-A*26:18",15217,290,648,938
"HLA-A*26:20",15217,272,650,922
"HLA-A*26:27",15217,275,638,913
"HLA-A*26:30",15217,230,609,839
"HLA-A*26:31",15217,292,641,933
"HLA-A*26:37",15217,275,638,913
"HLA-A*26:38",15217,279,646,925
"HLA-A*26:39",15217,275,638,913
"HLA-A*26:42",15217,269,652,921
"HLA-A*26:45",15217,279,646,925
"HLA-A*26:47",15217,275,638,913
"HLA-A*26:49",15217,300,673,973
"HLA-A*26:52",15217,275,638,913
"HLA-A*26:59",15217,279,646,925
"HLA-A*26:62",15217,289,642,931
"HLA-A*26:63",15217,275,638,913
"HLA-A*26:65",15217,279,646,925
"HLA-A*26:75",15217,279,646,925
"HLA-A*26:76",15217,279,646,925
"HLA-A*29:01",15217,247,670,917
"HLA-A*29:02",15217,249,658,907
"HLA-A*29:03",15217,248,672,920
"HLA-A*29:04
",15217,224,675,899
"HLA-A*29:07",15217,252,662,914
"HLA-A*29:09",15217,249,658,907
"HLA-A*29:10",15217,249,658,907
"HLA-A*29:11",15217,249,658,907
"HLA-A*29:12",15217,247,670,917
"HLA-A*29:13",15217,203,668,871
"HLA-A*29:14",15217,222,656,878
"HLA-A*29:16",15217,251,665,916
"HLA-A*29:21",15217,247,665,912
"HLA-A*29:23",15217,249,658,907
"HLA-A*29:32",15217,247,667,914
"HLA-A*29:34",15217,250,662,912
"HLA-A*29:40",15217,249,658,907
"HLA-A*29:44",15217,247,665,912
"HLA-A*29:48",15217,151,523,674
"HLA-A*29:64",15217,251,665,916
"HLA-A*29:88",15217,247,665,912
"HLA-A*30:01",15217,162,556,718
"HLA-A*30:02",15217,236,642,878
"HLA-A*30:03",15217,236,642,878
"HLA-A*30:04",15217,231,611,842
"HLA-A*30:07",15217,236,671,907
"HLA-A*30:08",15217,187,600,787
"HLA-A*30:09",15217,238,611,849
"HLA-A*30:10",15217,243,637,880
"HLA-A*30:11",15217,162,556,718
"HLA-A*30:15",15217,163,560,723
"HLA-A*30:16",15217,158,574,732
"HLA-A*30:18",15217,162,556,718
"HLA-A*30:25",15217,247,647,894
"HLA-A*30:28",15217,235,647,882
"HLA-A*30:29",15217,242,638,880
"HLA-A*30:30",15217,163,560,723
"HLA-A*30:31",15217,153,560,713
"HLA-A*30:36",15217,163,560,723
"HLA-A*30:40",15217,163,560,723
"HLA-A*30:47",15217,239,646,885
"HLA-A*30:51",15217,236,647,883
"HLA-A*30:54",15217,163,560,723
"HLA-A*30:56",15217,163,560,723
"HLA-A*30:58",15217,163,560,723
"HLA-A*31:01",15217,120,432,552
"HLA-A*31:02",15217,131,442,573
"HLA-A*31:04",15217,133,469,602
"HLA-A*31:05
",15217,131,461,592
"HLA-A*31:06",15217,124,452,576
"HLA-A*31:07",15217,175,643,818
"HLA-A*31:08",15217,178,622,800
"HLA-A*31:09",15217,126,457,583
"HLA-A*31:11",15217,120,432,552
"HLA-A*31:12",15217,126,456,582
"HLA-A*31:13",15217,120,432,552
"HLA-A*31:15",15217,135,458,593
"HLA-A*31:16",15217,120,432,552
"HLA-A*31:18",15217,122,458,580
"HLA-A*31:19",15217,121,439,560
"HLA-A*31:20",15217,120,432,552
"HLA-A*31:25",15217,132,479,611
"HLA-A*31:26",15217,121,439,560
"HLA-A*31:27",15217,121,439,560
"HLA-A*31:28",15217,124,451,575
"HLA-A*31:30",15217,122,488,610
"HLA-A*31:36",15217,120,432,552
"HLA-A*31:38",15217,121,439,560
"HLA-A*31:39",15217,121,439,560
"HLA-A*31:40",15217,120,432,552
"HLA-A*31:68",15217,121,439,560
"HLA-A*31:88",15217,123,436,559
"HLA-A*32:01",15217,182,582,764
"HLA-A*32:02",15217,200,592,792
"HLA-A*32:03",15217,179,614,793
"HLA-A*32:04",15217,199,585,784
"HLA-A*32:05",15217,187,573,760
"HLA-A*32:06",15217,182,582,764
"HLA-A*32:07",15217,180,602,782
"HLA-A*32:08",15217,185,602,787
"HLA-A*32:12",15217,186,579,765
"HLA-A*32:16",15217,186,579,765
"HLA-A*32:17",15217,181,598,779
"HLA-A*32:18",15217,186,579,765
"HLA-A*32:21",15217,186,579,765
"HLA-A*32:22",15217,200,592,792
"HLA-A*32:26",15217,190,585,775
"HLA-A*32:28",15217,186,579,765
"HLA-A*32:31",15217,187,573,760
"HLA-A*32:44",15217,182,582,764
"HLA-A*32:47",15217,186,579,765
"HLA-A*32:55",15217,182,582,764
"HLA-A*32:60",15217,181,589,770
"HLA-A*32:62
",15217,182,582,764
"HLA-A*33:01",15217,121,424,545
"HLA-A*33:03",15217,128,430,558
"HLA-A*33:04",15217,121,424,545
"HLA-A*33:05",15217,121,424,545
"HLA-A*33:08",15217,135,466,601
"HLA-A*33:09",15217,126,455,581
"HLA-A*33:10",15217,140,487,627
"HLA-A*33:11",15217,128,463,591
"HLA-A*33:12",15217,123,433,556
"HLA-A*33:13",15217,258,616,874
"HLA-A*33:16",15217,121,424,545
"HLA-A*33:26",15217,123,433,556
"HLA-A*33:27",15217,129,426,555
"HLA-A*33:33",15217,123,433,556
"HLA-A*33:34",15217,129,426,555
"HLA-A*33:48",15217,258,616,874
"HLA-A*33:55",15217,123,433,556
"HLA-A*33:60",15217,128,447,575
"HLA-A*33:64",15217,129,426,555
"HLA-A*33:65",15217,128,430,558
"HLA-A*34:01",15217,180,549,729
"HLA-A*34:02",15217,223,573,796
"HLA-A*34:04",15217,227,589,816
"HLA-A*34:05",15217,180,549,729
"HLA-A*34:06",15217,192,585,777
"HLA-A*34:07",15217,230,600,830
"HLA-A*34:08",15217,225,555,780
"HLA-A*36:01",15217,299,738,1037
"HLA-A*36:02",15217,294,729,1023
"HLA-A*36:03",15217,302,757,1059
"HLA-A*36:04",15217,311,755,1066
"HLA-A*43:01",15217,279,656,935
"HLA-A*66:01",15217,195,540,735
"HLA-A*66:02",15217,189,560,749
"HLA-A*66:03",15217,201,547,748
"HLA-A*66:04",15217,197,570,767
"HLA-A*66:05",15217,208,566,774
"HLA-A*66:13",15217,195,540,735
"HLA-A*66:15",15217,198,609,807
"HLA-A*68:01",15217,177,530,707
"HLA-A*68:02",15217,224,658,882
"HLA-A*68:03",15217,157,541,698
"HLA-A*68:04",15217,162,560,722
"HLA-A*68:05",15217,183,627,810
"HLA-A*68:06
",15217,195,604,799
"HLA-A*68:07",15217,206,596,802
"HLA-A*68:08",15217,195,548,743
"HLA-A*68:10",15217,167,524,691
"HLA-A*68:101",15217,177,530,707
"HLA-A*68:104",15217,219,626,845
"HLA-A*68:12",15217,177,530,707
"HLA-A*68:13",15217,156,536,692
"HLA-A*68:15",15217,225,648,873
"HLA-A*68:16",15217,177,530,707
"HLA-A*68:17",15217,211,581,792
"HLA-A*68:19",15217,177,530,707
"HLA-A*68:20",15217,183,627,810
"HLA-A*68:21",15217,177,548,725
"HLA-A*68:22",15217,177,530,707
"HLA-A*68:23",15217,188,574,762
"HLA-A*68:24",15217,177,530,707
"HLA-A*68:25",15217,177,530,707
"HLA-A*68:26",15217,238,631,869
"HLA-A*68:27",15217,224,658,882
"HLA-A*68:29",15217,143,509,652
"HLA-A*68:30",15217,181,558,739
"HLA-A*68:31",15217,221,655,876
"HLA-A*68:32",15217,177,548,725
"HLA-A*68:35",15217,177,530,707
"HLA-A*68:36",15217,272,638,910
"HLA-A*68:37",15217,177,530,707
"HLA-A*68:38",15217,174,538,712
"HLA-A*68:40",15217,235,640,875
"HLA-A*68:43",15217,177,530,707
"HLA-A*68:45",15217,154,508,662
"HLA-A*68:46",15217,223,581,804
"HLA-A*68:54",15217,226,651,877
"HLA-A*68:55",15217,177,530,707
"HLA-A*68:57",15217,177,548,725
"HLA-A*68:60",15217,228,646,874
"HLA-A*68:67",15217,224,658,882
"HLA-A*68:68",15217,177,548,725
"HLA-A*68:72",15217,188,562,750
"HLA-A*68:85",15217,179,526,705
"HLA-A*68:91",15217,177,548,725
"HLA-A*68:95",15217,177,548,725
"HLA-A*68:99",15217,177,530,707
"HLA-A*69:01",15217,215,624,839
"HLA-A*74:01",15217,145,487,632
"HLA-A*74:03
",15217,145,487,632
"HLA-A*74:05",15217,150,495,645
"HLA-A*74:06",15217,169,559,728
"HLA-A*74:07",15217,144,491,635
"HLA-A*74:08",15217,153,485,638
"HLA-A*74:09",15217,145,487,632
"HLA-A*74:10",15217,226,589,815
"HLA-A*74:11",15217,145,487,632
"HLA-A*74:13",15217,176,521,697
"HLA-A*74:16",15217,153,485,638
"HLA-A*80:01",15217,254,684,938
"HLA-B*07:02",15217,142,463,605
"HLA-B*07:03",15217,148,479,627
"HLA-B*07:04",15217,140,448,588
"HLA-B*07:05",15217,150,472,622
"HLA-B*07:07",15217,158,472,630
"HLA-B*07:08",15217,147,495,642
"HLA-B*07:09",15217,147,527,674
"HLA-B*07:10",15217,133,492,625
"HLA-B*07:102",15217,148,449,597
"HLA-B*07:103",15217,148,449,597
"HLA-B*07:104",15217,142,463,605
"HLA-B*07:105",15217,154,485,639
"HLA-B*07:106",15217,151,471,622
"HLA-B*07:109",15217,148,449,597
"HLA-B*07:110",15217,148,449,597
"HLA-B*07:112",15217,150,472,622
"HLA-B*07:113",15217,142,463,605
"HLA-B*07:12",15217,157,475,632
"HLA-B*07:122",15217,148,449,597
"HLA-B*07:13",15217,220,600,820
"HLA-B*07:131",15217,148,462,610
"HLA-B*07:132",15217,147,467,614
"HLA-B*07:136",15217,148,449,597
"HLA-B*07:14",15217,157,475,632
"HLA-B*07:143",15217,152,472,624
"HLA-B*07:15",15217,155,488,643
"HLA-B*07:151",15217,150,480,630
"HLA-B*07:158",15217,142,463,605
"HLA-B*07:16",15217,168,501,669
"HLA-B*07:165",15217,148,449,597
"HLA-B*07:17",15217,147,527,674
"HLA-B*07:18",15217,157,475,632
"HLA-B*07:188",15217,142,463,605
"HLA-B*07:19",15217,148,443,591
"HLA-B*07:193",15217,172,465,637
"HLA-B*07:20",15217,159,483,642
"HLA-B*07:206",15217,151,466,617
"HLA-B*07:208",15217,148,449,597
"HLA-B*07:22",15217,142,463,605
"HLA-B*07:222",15217,156,467,623
"HLA-B*07:23",15217,149,448,597
"HLA-B*07:237",15217,147,527,674
"HLA-B*07:24",15217,149,464,613
"HLA-B*07:26",15217,144,463,607
"HLA-B*07:29",15217,144,497,641
"HLA-B*07:31",15217,147,464,611
"HLA-B*07:33",15217,142,463,605
"HLA-B*07:36",15217,157,462,619
"HLA-B*07:37",15217,159,484,643
"HLA-B*07:38",15217,176,516,692
"HLA-B*07:42",15217,142,463,605
"HLA-B*07:46",15217,142,463,605
"HLA-B*07:47",15217,142,463,605
"HLA-B*07:48",15217,141,492,633
"HLA-B*07:51",15217,148,480,628
"HLA-B*07:53",15217,150,472,622
"HLA-B*07:56",15217,141,477,618
"HLA-B*07:57
",15217,145,456,601
"HLA-B*07:62",15217,148,449,597
"HLA-B*07:63",15217,146,467,613
"HLA-B*07:68",15217,142,463,605
"HLA-B*07:71",15217,148,449,597
"HLA-B*07:73",15217,148,449,597
"HLA-B*07:74",15217,148,449,597
"HLA-B*07:77",15217,167,465,632
"HLA-B*07:80",15217,148,460,608
"HLA-B*07:81",15217,155,460,615
"HLA-B*07:85",15217,132,495,627
"HLA-B*07:86",15217,142,463,605
"HLA-B*07:87",15217,148,449,597
"HLA-B*07:88",15217,148,449,597
"HLA-B*07:92",15217,154,483,637
"HLA-B*07:94",15217,157,474,631
"HLA-B*07:95",15217,151,442,593
"HLA-B*07:96",15217,148,449,597
"HLA-B*07:98",15217,149,475,624
"HLA-B*08:01",15217,119,488,607
"HLA-B*08:02",15217,152,531,683
"HLA-B*08:03",15217,150,528,678
"HLA-B*08:04
",15217,124,440,564
"HLA-B*08:07",15217,119,477,596
"HLA-B*08:09",15217,133,437,570
"HLA-B*08:104",15217,117,488,605
"HLA-B*08:11",15217,118,482,600
"HLA-B*08:110",15217,125,452,577
"HLA-B*08:12",15217,133,487,620
"HLA-B*08:13",15217,124,498,622
"HLA-B*08:14",15217,132,506,638
"HLA-B*08:15",15217,132,485,617
"HLA-B*08:16",15217,143,473,616
"HLA-B*08:18",15217,119,488,607
"HLA-B*08:20",15217,134,527,661
"HLA-B*08:22",15217,117,488,605
"HLA-B*08:23",15217,135,476,611
"HLA-B*08:24",15217,117,488,605
"HLA-B*08:25",15217,130,513,643
"HLA-B*08:26",15217,162,476,638
"HLA-B*08:28",15217,130,503,633
"HLA-B*08:31",15217,117,488,605
"HLA-B*08:33",15217,119,488,607
"HLA-B*08:34",15217,119,488,607
"HLA-B*08:35",15217,136,520,656
"HLA-B*08:36",15217,119,488,607
"HLA-B*08:37",15217,134,490,624
"HLA-B*08:39",15217,121,485,606
"HLA-B*08:41",15217,117,488,605
"HLA-B*08:50",15217,153,495,648
"HLA-B*08:52",15217,152,521,673
"HLA-B*08:56",15217,121,484,605
"HLA-B*08:59",15217,117,488,605
"HLA-B*08:63",15217,117,488,605
"HLA-B*08:71",15217,117,488,605
"HLA-B*08:75",15217,117,488,605
"HLA-B*08:78",15217,161,528,689
"HLA-B*08:88",15217,117,488,605
"HLA-B*08:97",15217,117,488,605
"HLA-B*13:01",15217,177,545,722
"HLA-B*13:02",15217,169,562,731
"HLA-B*13:03",15217,157,542,699
"HLA-B*13:04",15217,143,484,627
"HLA-B*13:06",15217,159,568,727
"HLA-B*13:08",15217,173,556,729
"HLA-B*13:10",15217,165,518,683
"HLA-B*13:11",15217,176,539,715
"HLA-B*13:12
",15217,175,545,720
"HLA-B*13:14",15217,168,559,727
"HLA-B*13:45",15217,168,559,727
"HLA-B*13:47",15217,168,559,727
"HLA-B*13:57",15217,179,549,728
"HLA-B*14:01",15217,135,431,566
"HLA-B*14:02",15217,135,431,566
"HLA-B*14:03",15217,146,467,613
"HLA-B*14:05",15217,144,424,568
"HLA-B*14:06",15217,144,452,596
"HLA-B*14:08",15217,147,447,594
"HLA-B*14:09",15217,136,428,564
"HLA-B*14:10",15217,147,447,594
"HLA-B*14:19",15217,136,455,591
"HLA-B*14:20",15217,136,428,564
"HLA-B*14:23",15217,140,422,562
"HLA-B*14:29",15217,136,428,564
"HLA-B*14:32",15217,136,428,564
"HLA-B*15:01",15217,204,556,760
"HLA-B*15:02",15217,229,622,851
"HLA-B*15:03",15217,162,550,712
"HLA-B*15:04",15217,170,539,709
"HLA-B*15:05",15217,192,566,758
"HLA-B*15:06",15217,201,559,760
"HLA-B*15:07",15217,202,547,749
"HLA-B*15:08",15217,236,673,909
"HLA-B*15:09",15217,159,480,639
"HLA-B*15:10",15217,144,486,630
"HLA-B*15:106",15217,178,561,739
"HLA-B*15:108",15217,181,532,713
"HLA-B*15:11",15217,229,679,908
"HLA-B*15:110",15217,197,600,797
"HLA-B*15:113
",15217,201,568,769
"HLA-B*15:117",15217,190,591,781
"HLA-B*15:12",15217,205,586,791
"HLA-B*15:122",15217,201,568,769
"HLA-B*15:123",15217,161,554,715
"HLA-B*15:125",15217,201,568,769
"HLA-B*15:128",15217,204,556,760
"HLA-B*15:13",15217,216,591,807
"HLA-B*15:132",15217,162,550,712
"HLA-B*15:135",15217,194,588,782
"HLA-B*15:14",15217,206,574,780
"HLA-B*15:141",15217,201,533,734
"HLA-B*15:142",15217,172,566,738
"HLA-B*15:147",15217,204,556,760
"HLA-B*15:15",15217,233,609,842
"HLA-B*15:150",15217,196,544,740
"HLA-B*15:153",15217,170,543,713
"HLA-B*15:154",15217,201,569,770
"HLA-B*15:157",15217,189,552,741
"HLA-B*15:158",15217,160,555,715
"HLA-B*15:159",15217,204,564,768
"HLA-B*15:16",15217,214,663,877
"HLA-B*15:160",15217,199,574,773
"HLA-B*15:162",15217,213,657,870
"HLA-B*15:164",15217,201,568,769
"HLA-B*15:167",15217,201,568,769
"HLA-B*15:17",15217,216,656,872
"HLA-B*15:170",15217,0,15217,15217
"HLA-B*15:172",15217,201,568,769
"HLA-B*15:173",15217,162,550,712
"HLA-B*15:174",15217,201,568,769
"HLA-B*15:175",15217,182,560,742
"HLA-B*15:18",15217,170,543,713
"HLA-B*15:183",15217,195,561,756
"HLA-B*15:20",15217,194,585,779
"HLA-B*15:204",15217,177,564,741
"HLA-B*15:207",15217,201,554,755
"HLA-B*15:208",15217,214,661,875
"HLA-B*15:21",15217,221,641,862
"HLA-B*15:211",15217,201,568,769
"HLA-B*15:23",15217,145,529,674
"HLA-B*15:237",15217,203,602,805
"HLA-B*15:239",15217,190,577,767
"HLA-B*15:24",15217,187,551,738
"HLA-B*15:240",15217,197,552,749
"HLA-B*15:248",15217,177,524,701
"HLA-B*15:25",15217,197,552,749
"HLA-B*15:27",15217,205,563,768
"HLA-B*15:29",15217,180,647,827
"HLA-B*15:290",15217,147,559,706
"HLA-B*15:30",15217,196,544,740
"HLA-B*15:31",15217,220,616,836
"HLA-B*15:319",15217,0,15217,15217
"HLA-B*15:32
",15217,201,591,792
"HLA-B*15:33",15217,204,556,760
"HLA-B*15:335",15217,165,550,715
"HLA-B*15:34",15217,204,556,760
"HLA-B*15:35",15217,201,533,734
"HLA-B*15:37",15217,144,476,620
"HLA-B*15:38",15217,206,556,762
"HLA-B*15:39",15217,197,549,746
"HLA-B*15:40",15217,184,573,757
"HLA-B*15:42",15217,154,505,659
"HLA-B*15:44",15217,204,615,819
"HLA-B*15:45",15217,170,527,697
"HLA-B*15:46",15217,179,555,734
"HLA-B*15:47",15217,163,567,730
"HLA-B*15:48",15217,183,571,754
"HLA-B*15:52",15217,155,510,665
"HLA-B*15:53",15217,170,540,710
"HLA-B*15:54",15217,168,549,717
"HLA-B*15:55",15217,217,594,811
"HLA-B*15:56",15217,213,640,853
"HLA-B*15:57",15217,193,571,764
"HLA-B*15:58",15217,193,561,754
"HLA-B*15:62",15217,167,554,721
"HLA-B*15:63",15217,184,523,707
"HLA-B*15:64",15217,188,554,742
"HLA-B*15:65",15217,201,610,811
"HLA-B*15:67",15217,215,678,893
"HLA-B*15:69",15217,168,544,712
"HLA-B*15:70",15217,186,553,739
"HLA-B*15:71",15217,185,568,753
"HLA-B*15:72",15217,170,543,713
"HLA-B*15:73",15217,191,557,748
"HLA-B*15:75",15217,205,569,774
"HLA-B*15:76",15217,218,625,843
"HLA-B*15:78",15217,204,556,760
"HLA-B*15:80",15217,177,563,740
"HLA-B*15:82",15217,204,556,760
"HLA-B*15:83",15217,140,499,639
"HLA-B*15:87",15217,182,568,750
"HLA-B*15:88",15217,223,622,845
"HLA-B*15:89",15217,215,602,817
"HLA-B*15:96",15217,201,568,769
"HLA-B*15:98",15217,165,545,710
"HLA-B*18:01",15217,128,496,624
"HLA-B*18:02",15217,116,497,613
"HLA-B*18:03",15217,123,508,631
"HLA-B*18:04",15217,173,598,771
"HLA-B*18:05",15217,128,496,624
"HLA-B*18:06",15217,123,459,582
"HLA-B*18:07",15217,181,603,784
"HLA-B*18:08
",15217,133,533,666
"HLA-B*18:09",15217,131,505,636
"HLA-B*18:10",15217,127,535,662
"HLA-B*18:11",15217,132,511,643
"HLA-B*18:114",15217,128,496,624
"HLA-B*18:12",15217,117,480,597
"HLA-B*18:13",15217,142,536,678
"HLA-B*18:14",15217,112,510,622
"HLA-B*18:15",15217,122,483,605
"HLA-B*18:18",15217,136,517,653
"HLA-B*18:19",15217,138,492,630
"HLA-B*18:20",15217,128,496,624
"HLA-B*18:22",15217,114,519,633
"HLA-B*18:25",15217,152,572,724
"HLA-B*18:28",15217,128,496,624
"HLA-B*18:30",15217,150,519,669
"HLA-B*18:32",15217,128,496,624
"HLA-B*18:33",15217,134,512,646
"HLA-B*18:34",15217,128,496,624
"HLA-B*18:36",15217,134,530,664
"HLA-B*18:37",15217,129,478,607
"HLA-B*18:40",15217,128,496,624
"HLA-B*18:43",15217,149,570,719
"HLA-B*18:44",15217,127,503,630
"HLA-B*18:49",15217,134,493,627
"HLA-B*18:60",15217,128,496,624
"HLA-B*18:68",15217,128,496,624
"HLA-B*18:69",15217,128,504,632
"HLA-B*18:73",15217,128,496,624
"HLA-B*18:95",15217,130,500,630
"HLA-B*27:01",15217,119,331,450
"HLA-B*27:02",15217,122,327,449
"HLA-B*27:03",15217,112,419,531
"HLA-B*27:04",15217,116,379,495
"HLA-B*27:05",15217,103,435,538
"HLA-B*27:06",15217,151,367,518
"HLA-B*27:07",15217,146,370,516
"HLA-B*27:08",15217,120,327,447
"HLA-B*27:09",15217,140,391,531
"HLA-B*27:10",15217,115,389,504
"HLA-B*27:12",15217,131,343,474
"HLA-B*27:14",15217,114,329,443
"HLA-B*27:15",15217,124,337,461
"HLA-B*27:17",15217,105,419,524
"HLA-B*27:18",15217,120,448,568
"HLA-B*27:19
",15217,112,445,557
"HLA-B*27:20",15217,145,364,509
"HLA-B*27:23",15217,159,601,760
"HLA-B*27:24",15217,143,373,516
"HLA-B*27:25",15217,123,410,533
"HLA-B*27:26",15217,114,350,464
"HLA-B*27:27",15217,153,351,504
"HLA-B*27:30",15217,127,357,484
"HLA-B*27:32",15217,105,436,541
"HLA-B*27:34",15217,148,370,518
"HLA-B*27:35",15217,148,367,515
"HLA-B*27:41",15217,131,371,502
"HLA-B*27:42",15217,109,359,468
"HLA-B*27:43",15217,149,362,511
"HLA-B*27:46",15217,150,382,532
"HLA-B*27:47",15217,133,414,547
"HLA-B*27:48",15217,107,410,517
"HLA-B*27:49",15217,107,410,517
"HLA-B*27:51",15217,103,435,538
"HLA-B*27:53",15217,120,336,456
"HLA-B*27:56",15217,107,410,517
"HLA-B*27:60",15217,107,410,517
"HLA-B*27:61",15217,115,379,494
"HLA-B*27:70",15217,112,434,546
"HLA-B*27:73",15217,107,410,517
"HLA-B*27:80",15217,107,410,517
"HLA-B*27:82",15217,107,410,517
"HLA-B*27:83",15217,126,319,445
"HLA-B*27:84",15217,107,410,517
"HLA-B*27:85",15217,107,410,517
"HLA-B*27:90",15217,107,410,517
"HLA-B*35:01",15217,228,642,870
"HLA-B*35:02",15217,195,551,746
"HLA-B*35:03",15217,182,525,707
"HLA-B*35:04",15217,195,551,746
"HLA-B*35:05",15217,208,623,831
"HLA-B*35:06",15217,197,549,746
"HLA-B*35:08",15217,227,681,908
"HLA-B*35:09",15217,195,551,746
"HLA-B*35:10",15217,219,640,859
"HLA-B*35:100",15217,227,679,906
"HLA-B*35:103
",15217,222,656,878
"HLA-B*35:104",15217,222,656,878
"HLA-B*35:106",15217,189,535,724
"HLA-B*35:108",15217,228,642,870
"HLA-B*35:109",15217,177,536,713
"HLA-B*35:11",15217,223,627,850
"HLA-B*35:112",15217,222,656,878
"HLA-B*35:115",15217,224,642,866
"HLA-B*35:116",15217,228,642,870
"HLA-B*35:12",15217,195,551,746
"HLA-B*35:121",15217,215,634,849
"HLA-B*35:123",15217,228,642,870
"HLA-B*35:128",15217,189,535,724
"HLA-B*35:13",15217,195,548,743
"HLA-B*35:132",15217,228,642,870
"HLA-B*35:136",15217,168,538,706
"HLA-B*35:139",15217,222,656,878
"HLA-B*35:14",15217,223,668,891
"HLA-B*35:15",15217,220,650,870
"HLA-B*35:157",15217,195,547,742
"HLA-B*35:158",15217,227,679,906
"HLA-B*35:16
",15217,216,596,812
"HLA-B*35:163",15217,191,559,750
"HLA-B*35:167",15217,178,538,716
"HLA-B*35:17",15217,216,627,843
"HLA-B*35:174",15217,227,679,906
"HLA-B*35:178",15217,228,642,870
"HLA-B*35:18",15217,200,599,799
"HLA-B*35:183",15217,196,547,743
"HLA-B*35:19",15217,220,646,866
"HLA-B*35:191",15217,222,656,878
"HLA-B*35:193",15217,189,535,724
"HLA-B*35:20",15217,200,637,837
"HLA-B*35:204",15217,189,535,724
"HLA-B*35:21",15217,223,615,838
"HLA-B*35:214",15217,222,656,878
"HLA-B*35:22",15217,175,527,702
"HLA-B*35:225",15217,227,679,906
"HLA-B*35:23",15217,225,647,872
"HLA-B*35:24",15217,226,625,851
"HLA-B*35:247",15217,222,656,878
"HLA-B*35:25",15217,205,644,849
"HLA-B*35:259",15217,225,654,879
"HLA-B*35:26",15217,184,576,760
"HLA-B*35:263",15217,228,642,870
"HLA-B*35:27",15217,224,644,868
"HLA-B*35:278",15217,189,535,724
"HLA-B*35:28",15217,189,574,763
"HLA-B*35:29",15217,193,624,817
"HLA-B*35:30",15217,216,627,843
"HLA-B*35:31",15217,173,548,721
"HLA-B*35:32",15217,223,653,876
"HLA-B*35:321",15217,196,547,743
"HLA-B*35:33",15217,187,548,735
"HLA-B*35:34",15217,183,530,713
"HLA-B*35:36",15217,182,525,707
"HLA-B*35:37",15217,164,499,663
"HLA-B*35:38",15217,192,521,713
"HLA-B*35:41",15217,222,646,868
"HLA-B*35:43",15217,224,665,889
"HLA-B*35:44",15217,196,580,776
"HLA-B*35:45",15217,236,700,936
"HLA-B*35:47",15217,220,646,866
"HLA-B*35:48",15217,221,660,881
"HLA-B*35:49",15217,215,632,847
"HLA-B*35:55",15217,182,525,707
"HLA-B*35:58",15217,207,594,801
"HLA-B*35:59",15217,197,546,743
"HLA-B*35:61",15217,227,679,906
"HLA-B*35:68",15217,223,653,876
"HLA-B*35:72",15217,200,613,813
"HLA-B*35:74",15217,192,523,715
"HLA-B*35:77",15217,228,642,870
"HLA-B*35:80",15217,228,688,916
"HLA-B*35:81",15217,189,544,733
"HLA-B*35:87",15217,178,522,700
"HLA-B*35:90",15217,225,651,876
"HLA-B*35:93",15217,228,632,860
"HLA-B*35:95",15217,160,621,781
"HLA-B*35:96",15217,169,523,692
"HLA-B*37:01",15217,138,584,722
"HLA-B*37:02",15217,149,549,698
"HLA-B*37:04",15217,131,570,701
"HLA-B*37:05",15217,134,533,667
"HLA-B*37:07",15217,130,521,651
"HLA-B*37:09",15217,123,507,630
"HLA-B*37:10",15217,142,555,697
"HLA-B*37:17",15217,143,578,721
"HLA-B*37:18",15217,139,574,713
"HLA-B*37:21",15217,166,577,743
"HLA-B*37:22",15217,139,594,733
"HLA-B*37:27",15217,139,574,713
"HLA-B*37:35",15217,124,563,687
"HLA-B*37:48",15217,137,600,737
"HLA-B*38:01
",15217,150,513,663
"HLA-B*38:02",15217,153,517,670
"HLA-B*38:03",15217,137,488,625
"HLA-B*38:06",15217,193,611,804
"HLA-B*38:09",15217,150,513,663
"HLA-B*38:12",15217,150,513,663
"HLA-B*38:13",15217,153,501,654
"HLA-B*38:14",15217,144,496,640
"HLA-B*38:15",15217,153,522,675
"HLA-B*38:17",15217,154,520,674
"HLA-B*38:24",15217,150,513,663
"HLA-B*38:27",15217,158,512,670
"HLA-B*38:31",15217,153,501,654
"HLA-B*38:32",15217,150,508,658
"HLA-B*38:35",15217,153,517,670
"HLA-B*38:37",15217,156,513,669
"HLA-B*39:01",15217,141,455,596
"HLA-B*39:02",15217,135,477,612
"HLA-B*39:03",15217,142,449,591
"HLA-B*39:04",15217,141,455,596
"HLA-B*39:05",15217,151,484,635
"HLA-B*39:06",15217,119,423,542
"HLA-B*39:07",15217,162,511,673
"HLA-B*39:08",15217,144,528,672
"HLA-B*39:09",15217,152,470,622
"HLA-B*39:10",15217,172,518,690
"HLA-B*39:11",15217,174,498,672
"HLA-B*39:12",15217,138,450,588
"HLA-B*39:13",15217,123,510,633
"HLA-B*39:14",15217,141,451,592
"HLA-B*39:15",15217,143,442,585
"HLA-B*39:19",15217,152,495,647
"HLA-B*39:20",15217,183,560,743
"HLA-B*39:22",15217,147,444,591
"HLA-B*39:24",15217,142,449,591
"HLA-B*39:26",15217,144,458,602
"HLA-B*39:29",15217,135,439,574
"HLA-B*39:31",15217,146,458,604
"HLA-B*39:33",15217,160,466,626
"HLA-B*39:34",15217,126,428,554
"HLA-B*39:37",15217,137,469,606
"HLA-B*39:39",15217,128,524,652
"HLA-B*39:43",15217,138,486,624
"HLA-B*39:47",15217,149,474,623
"HLA-B*39:53",15217,144,458,602
"HLA-B*39:57
",15217,126,420,546
"HLA-B*39:62",15217,119,423,542
"HLA-B*39:68",15217,144,458,602
"HLA-B*39:75",15217,144,458,602
"HLA-B*39:79",15217,145,435,580
"HLA-B*39:93",15217,144,458,602
"HLA-B*40:01",15217,128,454,582
"HLA-B*40:02",15217,123,461,584
"HLA-B*40:03",15217,122,451,573
"HLA-B*40:04",15217,128,449,577
"HLA-B*40:05",15217,114,470,584
"HLA-B*40:06",15217,109,362,471
"HLA-B*40:07",15217,150,548,698
"HLA-B*40:08",15217,138,567,705
"HLA-B*40:09",15217,114,452,566
"HLA-B*40:10",15217,144,552,696
"HLA-B*40:102",15217,131,437,568
"HLA-B*40:103",15217,113,362,475
"HLA-B*40:108",15217,131,437,568
"HLA-B*40:11",15217,130,450,580
"HLA-B*40:110",15217,141,500,641
"HLA-B*40:111",15217,123,461,584
"HLA-B*40:113",15217,131,445,576
"HLA-B*40:114",15217,131,450,581
"HLA-B*40:115",15217,127,483,610
"HLA-B*40:117",15217,127,502,629
"HLA-B*40:119",15217,115,482,597
"HLA-B*40:12",15217,135,524,659
"HLA-B*40:126",15217,131,437,568
"HLA-B*40:129",15217,126,533,659
"HLA-B*40:13",15217,151,528,679
"HLA-B*40:130",15217,131,437,568
"HLA-B*40:135",15217,131,437,568
"HLA-B*40:14",15217,136,437,573
"HLA-B*40:157",15217,117,504,621
"HLA-B*40:159",15217,100,363,463
"HLA-B*40:16",15217,131,484,615
"HLA-B*40:160",15217,130,446,576
"HLA-B*40:168",15217,131,441,572
"HLA-B*40:177",15217,113,362,475
"HLA-B*40:18",15217,119,449,568
"HLA-B*40:183",15217,124,462,586
"HLA-B*40:19",15217,115,528,643
"HLA-B*40:197",15217,131,437,568
"HLA-B*40:20",15217,125,454,579
"HLA-B*40:200",15217,127,458,585
"HLA-B*40:201",15217,124,490,614
"HLA-B*40:203",15217,127,458,585
"HLA-B*40:21",15217,175,566,741
"HLA-B*40:226",15217,114,460,574
"HLA-B*40:23",15217,140,492,632
"HLA-B*40:26",15217,125,453,578
"HLA-B*40:27",15217,125,492,617
"HLA-B*40:295",15217,113,362,475
"HLA-B*40:30",15217,115,509,624
"HLA-B*40:31",15217,115,481,596
"HLA-B*40:310",15217,128,454,582
"HLA-B*40:32",15217,133,471,604
"HLA-B*40:334",15217,123,461,584
"HLA-B*40:35",15217,127,458,585
"HLA-B*40:40",15217,112,529,641
"HLA-B*40:42",15217,125,443,568
"HLA-B*40:43",15217,118,515,633
"HLA-B*40:44",15217,115,363,478
"HLA-B*40:47",15217,132,469,601
"HLA-B*40:48",15217,118,488,606
"HLA-B*40:49",15217,125,541,666
"HLA-B*40:50",15217,111,475,586
"HLA-B*40:52",15217,121,465,586
"HLA-B*40:53",15217,109,362,471
"HLA-B*40:61",15217,148,556,704
"HLA-B*40:63",15217,124,477,601
"HLA-B*40:64",15217,128,449,577
"HLA-B*40:72
",15217,130,445,575
"HLA-B*40:74",15217,128,454,582
"HLA-B*40:78",15217,127,458,585
"HLA-B*40:79",15217,127,454,581
"HLA-B*40:84",15217,131,437,568
"HLA-B*40:87",15217,131,437,568
"HLA-B*40:90",15217,122,466,588
"HLA-B*40:94",15217,123,461,584
"HLA-B*40:95",15217,121,362,483
"HLA-B*40:99",15217,128,449,577
"HLA-B*41:01",15217,132,355,487
"HLA-B*41:02",15217,127,440,567
"HLA-B*41:03",15217,138,428,566
"HLA-B*41:05",15217,137,367,504
"HLA-B*41:06",15217,132,355,487
"HLA-B*41:07",15217,132,355,487
"HLA-B*41:09",15217,131,360,491
"HLA-B*41:10
",15217,132,444,576
"HLA-B*41:11",15217,132,444,576
"HLA-B*41:14",15217,130,374,504
"HLA-B*41:16",15217,132,355,487
"HLA-B*41:18",15217,126,446,572
"HLA-B*41:19",15217,124,462,586
"HLA-B*42:01",15217,148,455,603
"HLA-B*42:02",15217,151,468,619
"HLA-B*42:05",15217,144,464,608
"HLA-B*42:07",15217,158,478,636
"HLA-B*42:10",15217,144,464,608
"HLA-B*42:18",15217,158,459,617
"HLA-B*44:02",15217,150,413,563
"HLA-B*44:03",15217,152,422,574
"HLA-B*44:04",15217,162,478,640
"HLA-B*44:05",15217,158,431,589
"HLA-B*44:06",15217,195,624,819
"HLA-B*44:07",15217,152,422,574
"HLA-B*44:08",15217,139,562,701
"HLA-B*44:09",15217,141,436,577
"HLA-B*44:10",15217,139,528,667
"HLA-B*44:104",15217,148,441,589
"HLA-B*44:107",15217,145,491,636
"HLA-B*44:111",15217,0,15217,15217
"HLA-B*44:115",15217,152,422,574
"HLA-B*44:116",15217,148,441,589
"HLA-B*44:120",15217,0,15217,15217
"HLA-B*44:122",15217,0,15217,15217
"HLA-B*44:13",15217,152,422,574
"HLA-B*44:146",15217,131,503,634
"HLA-B*44:15",15217,134,368,502
"HLA-B*44:166",15217,123,536,659
"HLA-B*44:17",15217,150,437,587
"HLA-B*44:18",15217,147,387,534
"HLA-B*44:20",15217,140,351,491
"HLA-B*44:205",15217,0,15217,15217
"HLA-B*44:21",15217,147,452,599
"HLA-B*44:22",15217,148,441,589
"HLA-B*44:24",15217,150,413,563
"HLA-B*44:25",15217,143,496,639
"HLA-B*44:28",15217,149,511,660
"HLA-B*44:29",15217,143,448,591
"HLA-B*44:30",15217,152,422,574
"HLA-B*44:31",15217,139,547,686
"HLA-B*44:32",15217,142,441,583
"HLA-B*44:34",15217,138,509,647
"HLA-B*44:36",15217,0,15217,15217
"HLA-B*44:37",15217,127,495,622
"HLA-B*44:41",15217,152,407,559
"HLA-B*44:43",15217,138,502,640
"HLA-B*44:45",15217,0,15217,15217
"HLA-B*44:48",15217,148,441,589
"HLA-B*44:50",15217,141,492,633
"HLA-B*44:60",15217,159,575,734
"HLA-B*44:64",15217,130,509,639
"HLA-B*44:67
",15217,148,441,589
"HLA-B*44:68",15217,148,441,589
"HLA-B*44:73",15217,140,454,594
"HLA-B*44:74",15217,148,441,589
"HLA-B*44:76",15217,138,521,659
"HLA-B*44:77",15217,148,481,629
"HLA-B*44:80",15217,148,441,589
"HLA-B*44:83",15217,134,558,692
"HLA-B*44:84",15217,148,441,589
"HLA-B*44:86",15217,148,441,589
"HLA-B*44:87",15217,148,441,589
"HLA-B*44:88",15217,148,441,589
"HLA-B*44:91",15217,134,475,609
"HLA-B*44:92",15217,135,470,605
"HLA-B*44:96",15217,131,510,641
"HLA-B*44:98",15217,0,15217,15217
"HLA-B*44:99",15217,148,441,589
"HLA-B*45:01",15217,105,349,454
"HLA-B*45:02",15217,118,356,474
"HLA-B*46:01",15217,226,595,821
"HLA-B*46:22",15217,219,596,815
"HLA-B*47:01",15217,152,585,737
"HLA-B*47:02",15217,134,526,660
"HLA-B*47:03",15217,134,526,660
"HLA-B*47:04",15217,124,496,620
"HLA-B*47:05",15217,136,552,688
"HLA-B*48:01",15217,143,528,671
"HLA-B*48:02",15217,162,558,720
"HLA-B*48:03",15217,135,524,659
"HLA-B*48:04",15217,143,528,671
"HLA-B*48:05",15217,148,503,651
"HLA-B*48:06",15217,173,533,706
"HLA-B*48:07",15217,143,507,650
"HLA-B*48:12",15217,142,477,619
"HLA-B*48:13",15217,142,477,619
"HLA-B*48:24
",15217,133,525,658
"HLA-B*48:26",15217,147,526,673
"HLA-B*48:29",15217,133,525,658
"HLA-B*49:01",15217,138,417,555
"HLA-B*49:04",15217,120,417,537
"HLA-B*49:09",15217,136,428,564
"HLA-B*49:18",15217,151,430,581
"HLA-B*50:01",15217,106,360,466
"HLA-B*50:02",15217,116,350,466
"HLA-B*50:04",15217,106,360,466
"HLA-B*50:08",15217,112,365,477
"HLA-B*50:09",15217,130,365,495
"HLA-B*50:12",15217,113,425,538
"HLA-B*51:01",15217,169,543,712
"HLA-B*51:02",15217,170,555,725
"HLA-B*51:04",15217,174,598,772
"HLA-B*51:05",15217,184,586,770
"HLA-B*51:06",15217,172,589,761
"HLA-B*51:07",15217,168,526,694
"HLA-B*51:08",15217,174,551,725
"HLA-B*51:09",15217,168,568,736
"HLA-B*51:10",15217,181,566,747
"HLA-B*51:100",15217,168,546,714
"HLA-B*51:105",15217,169,543,712
"HLA-B*51:107",15217,168,546,714
"HLA-B*51:109",15217,168,546,714
"HLA-B*51:114",15217,168,546,714
"HLA-B*51:116",15217,158,543,701
"HLA-B*51:117",15217,168,546,714
"HLA-B*51:122",15217,165,574,739
"HLA-B*51:123",15217,168,546,714
"HLA-B*51:127",15217,168,546,714
"HLA-B*51:13",15217,168,553,721
"HLA-B*51:134",15217,168,546,714
"HLA-B*51:14",15217,164,546,710
"HLA-B*51:158",15217,168,546,714
"HLA-B*51:17",15217,169,543,712
"HLA-B*51:177",15217,168,546,714
"HLA-B*51:19",15217,165,581,746
"HLA-B*51:20",15217,162,533,695
"HLA-B*51:21",15217,168,566,734
"HLA-B*51:22",15217,166,525,691
"HLA-B*51:23",15217,173,585,758
"HLA-B*51:24",15217,168,546,714
"HLA-B*51:26",15217,168,546,714
"HLA-B*51:29",15217,173,583,756
"HLA-B*51:31",15217,174,571,745
"HLA-B*51:33",15217,168,546,714
"HLA-B*51:34",15217,180,541,721
"HLA-B*51:36",15217,171,577,748
"HLA-B*51:37",15217,173,501,674
"HLA-B*51:38",15217,168,546,714
"HLA-B*51:39",15217,169,543,712
"HLA-B*51:40",15217,169,572,741
"HLA-B*51:43",15217,169,543,712
"HLA-B*51:46",15217,161,563,724
"HLA-B*51:49",15217,169,543,712
"HLA-B*51:50",15217,172,536,708
"HLA-B*51:55
",15217,170,578,748
"HLA-B*51:56",15217,169,597,766
"HLA-B*51:61",15217,162,608,770
"HLA-B*51:64",15217,156,561,717
"HLA-B*51:65",15217,169,543,712
"HLA-B*51:67",15217,168,546,714
"HLA-B*51:68",15217,156,514,670
"HLA-B*51:69",15217,168,546,714
"HLA-B*51:70",15217,168,546,714
"HLA-B*51:71",15217,168,546,714
"HLA-B*51:73",15217,165,574,739
"HLA-B*51:74",15217,168,546,714
"HLA-B*51:75",15217,169,543,712
"HLA-B*51:76",15217,170,552,722
"HLA-B*51:79",15217,169,543,712
"HLA-B*51:82",15217,168,602,770
"HLA-B*51:83",15217,169,543,712
"HLA-B*51:87",15217,167,546,713
"HLA-B*52:01",15217,164,490,654
"HLA-B*52:02",15217,179,479,658
"HLA-B*52:03",15217,162,514,676
"HLA-B*52:04",15217,164,490,654
"HLA-B*52:06",15217,184,526,710
"HLA-B*52:10",15217,149,509,658
"HLA-B*52:11",15217,173,495,668
"HLA-B*52:17",15217,164,511,675
"HLA-B*52:21",15217,154,517,671
"HLA-B*52:25",15217,154,513,667
"HLA-B*52:27",15217,144,517,661
"HLA-B*52:37",15217,148,517,665
"HLA-B*53:01",15217,205,617,822
"HLA-B*53:04",15217,191,584,775
"HLA-B*53:05
",15217,203,636,839
"HLA-B*53:06",15217,190,636,826
"HLA-B*53:09",15217,182,624,806
"HLA-B*53:10",15217,205,617,822
"HLA-B*53:15",15217,209,597,806
"HLA-B*53:18",15217,209,597,806
"HLA-B*53:20",15217,209,597,806
"HLA-B*53:23",15217,189,599,788
"HLA-B*53:24",15217,212,622,834
"HLA-B*53:28",15217,157,556,713
"HLA-B*53:31",15217,182,612,794
"HLA-B*54:01",15217,148,432,580
"HLA-B*55:01",15217,142,372,514
"HLA-B*55:02",15217,148,368,516
"HLA-B*55:03",15217,152,397,549
"HLA-B*55:04",15217,145,470,615
"HLA-B*55:05",15217,142,372,514
"HLA-B*55:07",15217,148,432,580
"HLA-B*55:09",15217,161,386,547
"HLA-B*55:11",15217,142,385,527
"HLA-B*55:12",15217,142,372,514
"HLA-B*55:14",15217,161,517,678
"HLA-B*55:17",15217,155,376,531
"HLA-B*55:18",15217,110,448,558
"HLA-B*55:20",15217,154,386,540
"HLA-B*55:21",15217,142,417,559
"HLA-B*55:23",15217,148,371,519
"HLA-B*55:25",15217,141,365,506
"HLA-B*55:29",15217,141,365,506
"HLA-B*55:31",15217,161,374,535
"HLA-B*55:33",15217,141,365,506
"HLA-B*55:45",15217,141,365,506
"HLA-B*55:78",15217,148,375,523
"HLA-B*56:01",15217,146,377,523
"HLA-B*56:02",15217,165,477,642
"HLA-B*56:03",15217,178,577,755
"HLA-B*56:04",15217,165,477,642
"HLA-B*56:05",15217,148,404,552
"HLA-B*56:07",15217,149,432,581
"HLA-B*56:10",15217,167,470,637
"HLA-B*56:13",15217,143,374,517
"HLA-B*56:15",15217,142,388,530
"HLA-B*56:16",15217,147,383,530
"HLA-B*56:22",15217,147,378,525
"HLA-B*56:25",15217,148,374,522
"HLA-B*56:27
",15217,146,377,523
"HLA-B*56:33",15217,144,448,592
"HLA-B*57:01",15217,194,637,831
"HLA-B*57:02",15217,241,626,867
"HLA-B*57:03",15217,221,618,839
"HLA-B*57:04",15217,210,655,865
"HLA-B*57:05",15217,249,658,907
"HLA-B*57:09",15217,225,651,876
"HLA-B*57:11",15217,191,626,817
"HLA-B*57:14",15217,198,638,836
"HLA-B*57:15",15217,198,643,841
"HLA-B*57:21",15217,196,640,836
"HLA-B*57:22",15217,206,623,829
"HLA-B*57:23",15217,196,640,836
"HLA-B*57:24",15217,206,644,850
"HLA-B*57:26",15217,204,629,833
"HLA-B*57:32",15217,218,654,872
"HLA-B*57:34",15217,196,640,836
"HLA-B*57:40",15217,196,640,836
"HLA-B*57:44",15217,196,640,836
"HLA-B*57:48",15217,194,637,831
"HLA-B*57:58",15217,203,631,834
"HLA-B*57:61",15217,196,640,836
"HLA-B*58:01",15217,196,682,878
"HLA-B*58:02",15217,192,626,818
"HLA-B*58:04",15217,196,652,848
"HLA-B*58:05",15217,206,661,867
"HLA-B*58:06",15217,191,639,830
"HLA-B*58:08",15217,215,586,801
"HLA-B*58:16",15217,199,682,881
"HLA-B*58:18",15217,190,674,864
"HLA-B*58:23",15217,196,676,872
"HLA-B*58:28",15217,229,660,889
"HLA-B*58:37",15217,204,668,872
"HLA-B*58:62",15217,196,676,872
"HLA-B*59:01",15217,176,543,719
"HLA-B*67:01",15217,168,489,657
"HLA-B*67:02",15217,214,596,810
"HLA-B*73:01",15217,125,359,484
"HLA-B*78:01",15217,157,485,642
"HLA-B*78:02",15217,161,510,671
"HLA-B*78:04",15217,179,453,632
"HLA-B*81:01",15217,159,498,657
"HLA-B*81:05",15217,154,521,675
"HLA-B*82:01",15217,182,481,663
"HLA-B*82:02
",15217,182,481,663
"HLA-B*83:01",15217,179,583,762
"HLA-C*01:02",15217,186,581,767
"HLA-C*01:03",15217,191,632,823
"HLA-C*01:04",15217,192,581,773
"HLA-C*01:06",15217,194,581,775
"HLA-C*01:07",15217,190,580,770
"HLA-C*01:08",15217,186,581,767
"HLA-C*01:10",15217,194,591,785
"HLA-C*01:103",15217,194,570,764
"HLA-C*01:12",15217,200,592,792
"HLA-C*01:13",15217,186,581,767
"HLA-C*01:14",15217,196,600,796
"HLA-C*01:17",15217,190,581,771
"HLA-C*01:22",15217,183,522,705
"HLA-C*01:27",15217,186,581,767
"HLA-C*01:30",15217,180,579,759
"HLA-C*01:32",15217,190,580,770
"HLA-C*01:33",15217,190,580,770
"HLA-C*01:45",15217,186,581,767
"HLA-C*01:51",15217,192,585,777
"HLA-C*01:52",15217,190,580,770
"HLA-C*01:54",15217,196,578,774
"HLA-C*01:58",15217,190,580,770
"HLA-C*01:59",15217,189,586,775
"HLA-C*01:62",15217,190,580,770
"HLA-C*01:67",15217,186,581,767
"HLA-C*01:70",15217,186,581,767
"HLA-C*01:74",15217,190,580,770
"HLA-C*01:96",15217,190,580,770
"HLA-C*02:02",15217,217,652,869
"HLA-C*02:03",15217,207,659,866
"HLA-C*02:04",15217,229,633,862
"HLA-C*02:05",15217,188,613,801
"HLA-C*02:06",15217,205,622,827
"HLA-C*02:07",15217,244,634,878
"HLA-C*02:08",15217,217,652,869
"HLA-C*02:12",15217,222,610,832
"HLA-C*02:13",15217,219,660,879
"HLA-C*02:14",15217,186,630,816
"HLA-C*02:16",15217,197,608,805
"HLA-C*02:19",15217,211,628,839
"HLA-C*02:21",15217,217,652,869
"HLA-C*02:23",15217,211,617,828
"HLA-C*02:24",15217,221,638,859
"HLA-C*02:26
",15217,221,638,859
"HLA-C*02:27",15217,220,627,847
"HLA-C*02:30",15217,221,638,859
"HLA-C*02:31",15217,221,638,859
"HLA-C*02:32",15217,236,684,920
"HLA-C*02:34",15217,221,638,859
"HLA-C*02:35",15217,218,655,873
"HLA-C*02:40",15217,221,638,859
"HLA-C*02:43",15217,224,627,851
"HLA-C*02:44",15217,217,652,869
"HLA-C*02:45",15217,221,638,859
"HLA-C*02:46",15217,217,652,869
"HLA-C*02:48",15217,221,638,859
"HLA-C*02:49",15217,220,636,856
"HLA-C*02:55",15217,212,646,858
"HLA-C*02:56",15217,221,638,859
"HLA-C*02:87",15217,220,627,847
"HLA-C*03:02",15217,199,604,803
"HLA-C*03:03",15217,195,649,844
"HLA-C*03:04",15217,200,578,778
"HLA-C*03:05",15217,191,553,744
"HLA-C*03:06",15217,201,582,783
"HLA-C*03:07",15217,202,596,798
"HLA-C*03:08",15217,210,582,792
"HLA-C*03:09",15217,200,578,778
"HLA-C*03:10",15217,200,584,784
"HLA-C*03:103",15217,199,643,842
"HLA-C*03:109",15217,205,580,785
"HLA-C*03:11",15217,226,641,867
"HLA-C*03:113",15217,207,575,782
"HLA-C*03:115",15217,205,580,785
"HLA-C*03:116",15217,196,654,850
"HLA-C*03:117",15217,231,650,881
"HLA-C*03:120",15217,196,654,850
"HLA-C*03:122",15217,196,654,850
"HLA-C*03:126",15217,195,649,844
"HLA-C*03:127",15217,201,611,812
"HLA-C*03:13",15217,200,650,850
"HLA-C*03:136",15217,204,579,783
"HLA-C*03:139",15217,198,616,814
"HLA-C*03:14",15217,200,608,808
"HLA-C*03:140",15217,208,580,788
"HLA-C*03:143",15217,186,555,741
"HLA-C*03:147",15217,205,580,785
"HLA-C*03:148",15217,205,580,785
"HLA-C*03:151",15217,195,649,844
"HLA-C*03:153",15217,204,580,784
"HLA-C*03:154",15217,205,580,785
"HLA-C*03:159",15217,205,580,785
"HLA-C*03:16",15217,201,584,785
"HLA-C*03:17",15217,187,530,717
"HLA-C*03:18",15217,195,649,844
"HLA-C*03:19",15217,203,591,794
"HLA-C*03:21",15217,210,621,831
"HLA-C*03:251",15217,227,669,896
"HLA-C*03:258
",15217,199,604,803
"HLA-C*03:26",15217,204,570,774
"HLA-C*03:28",15217,231,621,852
"HLA-C*03:30",15217,195,649,844
"HLA-C*03:32",15217,200,578,778
"HLA-C*03:35",15217,203,588,791
"HLA-C*03:36",15217,213,633,846
"HLA-C*03:37",15217,205,586,791
"HLA-C*03:38",15217,202,564,766
"HLA-C*03:40",15217,207,601,808
"HLA-C*03:41",15217,205,580,785
"HLA-C*03:42",15217,207,601,808
"HLA-C*03:43
",15217,211,636,847
"HLA-C*03:44",15217,200,578,778
"HLA-C*03:45",15217,206,602,808
"HLA-C*03:46",15217,200,578,778
"HLA-C*03:47",15217,200,578,778
"HLA-C*03:49",15217,228,676,904
"HLA-C*03:51",15217,206,583,789
"HLA-C*03:53",15217,195,649,844
"HLA-C*03:54",15217,202,585,787
"HLA-C*03:56",15217,195,649,844
"HLA-C*03:59",15217,196,654,850
"HLA-C*03:60",15217,198,616,814
"HLA-C*03:64",15217,200,578,778
"HLA-C*03:69",15217,192,640,832
"HLA-C*03:70",15217,200,564,764
"HLA-C*03:75",15217,195,649,844
"HLA-C*03:78",15217,203,609,812
"HLA-C*03:81",15217,195,649,844
"HLA-C*03:85",15217,195,649,844
"HLA-C*03:86",15217,197,587,784
"HLA-C*03:87",15217,200,578,778
"HLA-C*03:88",15217,196,654,850
"HLA-C*03:91",15217,205,580,785
"HLA-C*03:94",15217,192,590,782
"HLA-C*04:01",15217,226,703,929
"HLA-C*04:03",15217,250,684,934
"HLA-C*04:04",15217,211,611,822
"HLA-C*04:05",15217,226,703,929
"HLA-C*04:06",15217,217,623,840
"HLA-C*04:07",15217,226,703,929
"HLA-C*04:08",15217,232,703,935
"HLA-C*04:10",15217,231,693,924
"HLA-C*04:104
",15217,236,692,928
"HLA-C*04:108",15217,225,682,907
"HLA-C*04:11",15217,229,667,896
"HLA-C*04:113",15217,230,669,899
"HLA-C*04:114",15217,233,683,916
"HLA-C*04:118",15217,236,692,928
"HLA-C*04:12",15217,236,692,928
"HLA-C*04:121",15217,236,692,928
"HLA-C*04:125",15217,236,692,928
"HLA-C*04:13",15217,204,624,828
"HLA-C*04:131",15217,226,703,929
"HLA-C*04:132",15217,232,695,927
"HLA-C*04:139",15217,226,703,929
"HLA-C*04:14",15217,233,678,911
"HLA-C*04:141",15217,236,692,928
"HLA-C*04:15",15217,238,683,921
"HLA-C*04:150",15217,236,692,928
"HLA-C*04:153",15217,231,693,924
"HLA-C*04:155",15217,226,703,929
"HLA-C*04:16",15217,248,689,937
"HLA-C*04:163",15217,236,692,928
"HLA-C*04:17",15217,238,683,921
"HLA-C*04:180",15217,226,703,929
"HLA-C*04:19",15217,226,703,929
"HLA-C*04:204",15217,236,692,928
"HLA-C*04:207",15217,236,692,928
"HLA-C*04:209",15217,236,692,928
"HLA-C*04:218",15217,238,696,934
"HLA-C*04:23",15217,225,682,907
"HLA-C*04:24",15217,236,692,928
"HLA-C*04:26",15217,226,703,929
"HLA-C*04:27",15217,226,729,955
"HLA-C*04:29",15217,229,666,895
"HLA-C*04:32",15217,228,699,927
"HLA-C*04:33",15217,226,703,929
"HLA-C*04:34",15217,203,628,831
"HLA-C*04:36",15217,229,667,896
"HLA-C*04:37",15217,210,618,828
"HLA-C*04:39",15217,236,692,928
"HLA-C*04:40",15217,235,693,928
"HLA-C*04:45",15217,236,692,928
"HLA-C*04:46",15217,236,692,928
"HLA-C*04:47",15217,236,692,928
"HLA-C*04:52",15217,235,716,951
"HLA-C*04:54",15217,225,688,913
"HLA-C*04:55",15217,223,699,922
"HLA-C*04:56",15217,226,703,929
"HLA-C*04:63",15217,226,703,929
"HLA-C*04:65",15217,226,703,929
"HLA-C*04:70",15217,226,703,929
"HLA-C*04:71",15217,241,672,913
"HLA-C*04:75",15217,236,692,928
"HLA-C*04:77",15217,228,699,927
"HLA-C*04:86",15217,235,712,947
"HLA-C*04:87",15217,236,692,928
"HLA-C*04:96",15217,236,692,928
"HLA-C*05:01",15217,252,686,938
"HLA-C*05:04",15217,242,675,917
"HLA-C*05:05",15217,252,686,938
"HLA-C*05:06",15217,252,692,944
"HLA-C*05:08",15217,219,649,868
"HLA-C*05:09",15217,252,686,938
"HLA-C*05:10",15217,248,675,923
"HLA-C*05:104",15217,250,687,937
"HLA-C*05:11",15217,222,628,850
"HLA-C*05:111",15217,241,688,929
"HLA-C*05:13",15217,252,686,938
"HLA-C*05:14",15217,252,686,938
"HLA-C*05:15",15217,258,685,943
"HLA-C*05:16",15217,229,627,856
"HLA-C*05:18",15217,252,692,944
"HLA-C*05:19",15217,252,686,938
"HLA-C*05:22",15217,231,677,908
"HLA-C*05:24",15217,252,692,944
"HLA-C*05:26",15217,252,686,938
"HLA-C*05:27",15217,214,632,846
"HLA-C*05:28",15217,252,692,944
"HLA-C*05:29",15217,252,686,938
"HLA-C*05:32",15217,250,696,946
"HLA-C*05:33",15217,253,705,958
"HLA-C*05:34",15217,252,692,944
"HLA-C*05:35",15217,252,686,938
"HLA-C*05:36",15217,251,692,943
"HLA-C*05:39
",15217,241,678,919
"HLA-C*05:43",15217,228,689,917
"HLA-C*05:44",15217,252,692,944
"HLA-C*05:46",15217,246,672,918
"HLA-C*05:47",15217,244,697,941
"HLA-C*05:55",15217,238,713,951
"HLA-C*05:65",15217,252,692,944
"HLA-C*05:67",15217,252,692,944
"HLA-C*05:77",15217,252,692,944
"HLA-C*05:80",15217,252,692,944
"HLA-C*05:97",15217,252,692,944
"HLA-C*05:98",15217,250,704,954
"HLA-C*06:02",15217,154,560,714
"HLA-C*06:03",15217,184,609,793
"HLA-C*06:04",15217,146,576,722
"HLA-C*06:06",15217,180,610,790
"HLA-C*06:07",15217,154,560,714
"HLA-C*06:08",15217,156,568,724
"HLA-C*06:09",15217,171,572,743
"HLA-C*06:10",15217,158,569,727
"HLA-C*06:11",15217,140,549,689
"HLA-C*06:115",15217,0,15217,15217
"HLA-C*06:12",15217,154,560,714
"HLA-C*06:127",15217,170,638,808
"HLA-C*06:13",15217,154,560,714
"HLA-C*06:138",15217,153,580,733
"HLA-C*06:14",15217,158,565,723
"HLA-C*06:18",15217,0,15217,15217
"HLA-C*06:23",15217,162,576,738
"HLA-C*06:26",15217,0,15217,15217
"HLA-C*06:27",15217,154,560,714
"HLA-C*06:28",15217,159,576,735
"HLA-C*06:30",15217,154,560,714
"HLA-C*06:32",15217,0,15217,15217
"HLA-C*06:34",15217,160,522,682
"HLA-C*06:35",15217,178,586,764
"HLA-C*06:37",15217,0,15217,15217
"HLA-C*06:38",15217,154,560,714
"HLA-C*06:39",15217,154,560,714
"HLA-C*06:47",15217,150,551,701
"HLA-C*06:50",15217,0,15217,15217
"HLA-C*06:53",15217,154,613,767
"HLA-C*06:54",15217,0,15217,15217
"HLA-C*06:58",15217,154,560,714
"HLA-C*06:59",15217,154,560,714
"HLA-C*06:65",15217,0,15217,15217
"HLA-C*06:66
",15217,0,15217,15217
"HLA-C*06:70",15217,0,15217,15217
"HLA-C*06:71",15217,153,551,704
"HLA-C*06:86",15217,0,15217,15217
"HLA-C*06:87",15217,154,560,714
"HLA-C*06:91",15217,0,15217,15217
"HLA-C*06:96",15217,158,643,801
"HLA-C*07:01",15217,141,482,623
"HLA-C*07:02",15217,161,554,715
"HLA-C*07:04",15217,190,507,697
"HLA-C*07:05",15217,159,504,663
"HLA-C*07:07",15217,141,503,644
"HLA-C*07:09",15217,145,490,635
"HLA-C*07:10",15217,162,556,718
"HLA-C*07:100",15217,161,554,715
"HLA-C*07:101",15217,192,503,695
"HLA-C*07:102",15217,165,553,718
"HLA-C*07:105",15217,165,553,718
"HLA-C*07:106",15217,141,482,623
"HLA-C*07:108",15217,147,484,631
"HLA-C*07:112",15217,141,482,623
"HLA-C*07:114",15217,165,553,718
"HLA-C*07:116",15217,147,477,624
"HLA-C*07:117",15217,165,553,718
"HLA-C*07:118",15217,141,482,623
"HLA-C*07:119",15217,141,482,623
"HLA-C*07:12",15217,189,517,706
"HLA-C*07:120",15217,146,481,627
"HLA-C*07:122",15217,147,477,624
"HLA-C*07:123",15217,165,553,718
"HLA-C*07:124",15217,156,509,665
"HLA-C*07:126",15217,165,553,718
"HLA-C*07:127",15217,165,553,718
"HLA-C*07:128",15217,147,477,624
"HLA-C*07:13",15217,186,512,698
"HLA-C*07:130",15217,165,553,718
"HLA-C*07:137",15217,169,544,713
"HLA-C*07:138",15217,162,555,717
"HLA-C*07:141
",15217,151,493,644
"HLA-C*07:143",15217,165,553,718
"HLA-C*07:147",15217,161,554,715
"HLA-C*07:148",15217,147,477,624
"HLA-C*07:149",15217,161,554,715
"HLA-C*07:15",15217,175,563,738
"HLA-C*07:151",15217,142,530,672
"HLA-C*07:154",15217,161,554,715
"HLA-C*07:155",15217,172,562,734
"HLA-C*07:16",15217,141,482,623
"HLA-C*07:165",15217,141,494,635
"HLA-C*07:17",15217,168,565,733
"HLA-C*07:172",15217,171,581,752
"HLA-C*07:173",15217,147,477,624
"HLA-C*07:179",15217,147,477,624
"HLA-C*07:180",15217,147,477,624
"HLA-C*07:181",15217,192,503,695
"HLA-C*07:184",15217,178,501,679
"HLA-C*07:19",15217,152,504,656
"HLA-C*07:192",15217,165,553,718
"HLA-C*07:196",15217,141,492,633
"HLA-C*07:199",15217,187,514,701
"HLA-C*07:205",15217,141,482,623
"HLA-C*07:206",15217,147,477,624
"HLA-C*07:209",15217,176,540,716
"HLA-C*07:21",15217,141,482,623
"HLA-C*07:212",15217,153,499,652
"HLA-C*07:214",15217,147,477,624
"HLA-C*07:218",15217,165,553,718
"HLA-C*07:22",15217,148,534,682
"HLA-C*07:222",15217,147,477,624
"HLA-C*07:223",15217,147,477,624
"HLA-C*07:224",15217,147,477,624
"HLA-C*07:232",15217,165,553,718
"HLA-C*07:234",15217,165,553,718
"HLA-C*07:24",15217,141,482,623
"HLA-C*07:241",15217,172,555,727
"HLA-C*07:242",15217,176,579,755
"HLA-C*07:243",15217,165,553,718
"HLA-C*07:247",15217,143,480,623
"HLA-C*07:25",15217,161,554,715
"HLA-C*07:250",15217,159,524,683
"HLA-C*07:252",15217,165,553,718
"HLA-C*07:256",15217,148,484,632
"HLA-C*07:257",15217,147,477,624
"HLA-C*07:26",15217,198,612,810
"HLA-C*07:261",15217,165,553,718
"HLA-C*07:262",15217,171,560,731
"HLA-C*07:27",15217,155,518,673
"HLA-C*07:279",15217,147,477,624
"HLA-C*07:28",15217,164,496,660
"HLA-C*07:285",15217,165,553,718
"HLA-C*07:287",15217,165,554,719
"HLA-C*07:29",15217,182,498,680
"HLA-C*07:293",15217,147,477,624
"HLA-C*07:298",15217,147,477,624
"HLA-C*07:301",15217,141,482,623
"HLA-C*07:303
",15217,152,485,637
"HLA-C*07:31",15217,153,515,668
"HLA-C*07:312",15217,165,553,718
"HLA-C*07:314",15217,206,607,813
"HLA-C*07:326",15217,161,554,715
"HLA-C*07:335",15217,170,550,720
"HLA-C*07:339",15217,165,553,718
"HLA-C*07:340",15217,161,554,715
"HLA-C*07:35",15217,141,482,623
"HLA-C*07:36",15217,141,482,623
"HLA-C*07:360",15217,161,554,715
"HLA-C*07:368",15217,165,553,718
"HLA-C*07:369",15217,147,477,624
"HLA-C*07:37",15217,194,598,792
"HLA-C*07:38",15217,161,554,715
"HLA-C*07:39",15217,167,561,728
"HLA-C*07:391",15217,167,553,720
"HLA-C*07:40",15217,141,483,624
"HLA-C*07:409",15217,161,554,715
"HLA-C*07:43",15217,152,511,663
"HLA-C*07:44",15217,147,477,624
"HLA-C*07:450",15217,141,482,623
"HLA-C*07:46",15217,156,540,696
"HLA-C*07:48",15217,165,553,718
"HLA-C*07:49",15217,161,550,711
"HLA-C*07:51",15217,161,554,715
"HLA-C*07:54",15217,165,553,718
"HLA-C*07:56
",15217,167,542,709
"HLA-C*07:57",15217,141,482,623
"HLA-C*07:60",15217,139,494,633
"HLA-C*07:63",15217,190,507,697
"HLA-C*07:68",15217,179,569,748
"HLA-C*07:70",15217,141,482,623
"HLA-C*07:72",15217,161,554,715
"HLA-C*07:73",15217,151,501,652
"HLA-C*07:75",15217,162,553,715
"HLA-C*07:76",15217,163,577,740
"HLA-C*07:79",15217,167,542,709
"HLA-C*07:80",15217,161,554,715
"HLA-C*07:83",15217,147,477,624
"HLA-C*07:85",15217,147,477,624
"HLA-C*07:88",15217,165,553,718
"HLA-C*07:89",15217,141,482,623
"HLA-C*07:90",15217,165,553,718
"HLA-C*07:91",15217,144,489,633
"HLA-C*07:92",15217,196,629,825
"HLA-C*07:93",15217,141,482,623
"HLA-C*07:95",15217,151,493,644
"HLA-C*07:96",15217,196,629,825
"HLA-C*07:97",15217,165,553,718
"HLA-C*08:01",15217,211,589,800
"HLA-C*08:02",15217,249,664,913
"HLA-C*08:03",15217,211,589,800
"HLA-C*08:04",15217,226,605,831
"HLA-C*08:05",15217,246,667,913
"HLA-C*08:06",15217,204,598,802
"HLA-C*08:07",15217,240,684,924
"HLA-C*08:08",15217,198,560,758
"HLA-C*08:10",15217,203,635,838
"HLA-C*08:103",15217,245,683,928
"HLA-C*08:11",15217,206,587,793
"HLA-C*08:12",15217,224,592,816
"HLA-C*08:13",15217,226,605,831
"HLA-C*08:15",15217,249,664,913
"HLA-C*08:23",15217,252,679,931
"HLA-C*08:25",15217,246,667,913
"HLA-C*08:28",15217,249,664,913
"HLA-C*08:30",15217,252,666,918
"HLA-C*08:32",15217,249,664,913
"HLA-C*08:33",15217,249,664,913
"HLA-C*08:35",15217,252,679,931
"HLA-C*08:43",15217,244,678,922
"HLA-C*08:50",15217,214,598,812
"HLA-C*08:51",15217,243,681,924
"HLA-C*08:53",15217,249,664,913
"HLA-C*08:54",15217,224,610,834
"HLA-C*08:76",15217,249,664,913
"HLA-C*08:92",15217,249,664,913
"HLA-C*12:02",15217,220,588,808
"HLA-C*12:03",15217,195,570,765
"HLA-C*12:04",15217,193,589,782
"HLA-C*12:05",15217,187,607,794
"HLA-C*12:06
",15217,195,570,765
"HLA-C*12:07",15217,199,559,758
"HLA-C*12:08",15217,218,610,828
"HLA-C*12:09",15217,208,602,810
"HLA-C*12:101",15217,195,570,765
"HLA-C*12:11",15217,196,562,758
"HLA-C*12:12",15217,195,589,784
"HLA-C*12:13",15217,195,570,765
"HLA-C*12:136",15217,227,586,813
"HLA-C*12:14",15217,205,587,792
"HLA-C*12:149",15217,195,570,765
"HLA-C*12:16",15217,172,593,765
"HLA-C*12:162",15217,220,588,808
"HLA-C*12:18",15217,213,580,793
"HLA-C*12:19",15217,186,557,743
"HLA-C*12:20",15217,185,549,734
"HLA-C*12:21",15217,224,627,851
"HLA-C*12:24",15217,203,583,786
"HLA-C*12:27",15217,227,586,813
"HLA-C*12:28",15217,195,570,765
"HLA-C*12:30",15217,227,586,813
"HLA-C*12:33",15217,190,609,799
"HLA-C*12:34",15217,195,570,765
"HLA-C*12:38",15217,195,570,765
"HLA-C*12:40",15217,227,586,813
"HLA-C*12:41",15217,226,615,841
"HLA-C*12:43",15217,195,570,765
"HLA-C*12:45",15217,195,570,765
"HLA-C*12:47",15217,195,570,765
"HLA-C*12:48",15217,195,570,765
"HLA-C*12:54",15217,196,590,786
"HLA-C*12:59",15217,195,570,765
"HLA-C*12:60",15217,191,598,789
"HLA-C*12:61",15217,195,570,765
"HLA-C*12:62",15217,195,570,765
"HLA-C*12:64",15217,220,588,808
"HLA-C*12:67",15217,227,586,813
"HLA-C*12:72",15217,228,581,809
"HLA-C*12:78",15217,195,570,765
"HLA-C*12:86",15217,227,586,813
"HLA-C*12:90",15217,193,594,787
"HLA-C*12:98",15217,193,575,768
"HLA-C*12:99",15217,195,570,765
"HLA-C*14:02",15217,199,624,823
"HLA-C*14:03",15217,199,624,823
"HLA-C*14:04
",15217,208,630,838
"HLA-C*14:05",15217,202,619,821
"HLA-C*14:06",15217,187,576,763
"HLA-C*14:10",15217,199,636,835
"HLA-C*14:12",15217,205,643,848
"HLA-C*14:18",15217,200,606,806
"HLA-C*14:24",15217,205,614,819
"HLA-C*14:25",15217,202,614,816
"HLA-C*14:29",15217,207,600,807
"HLA-C*14:32",15217,199,624,823
"HLA-C*14:41",15217,208,606,814
"HLA-C*14:50",15217,205,614,819
"HLA-C*14:66",15217,205,614,819
"HLA-C*14:67",15217,205,614,819
"HLA-C*15:02",15217,190,630,820
"HLA-C*15:03",15217,187,624,811
"HLA-C*15:04",15217,200,662,862
"HLA-C*15:05",15217,0,15217,15217
"HLA-C*15:06",15217,200,620,820
"HLA-C*15:07",15217,192,595,787
"HLA-C*15:08",15217,230,687,917
"HLA-C*15:09",15217,200,662,862
"HLA-C*15:10",15217,195,630,825
"HLA-C*15:102",15217,207,627,834
"HLA-C*15:11",15217,193,640,833
"HLA-C*15:124
",15217,195,630,825
"HLA-C*15:15",15217,190,627,817
"HLA-C*15:16",15217,182,649,831
"HLA-C*15:17",15217,193,640,833
"HLA-C*15:22",15217,206,619,825
"HLA-C*15:23",15217,177,555,732
"HLA-C*15:24",15217,211,641,852
"HLA-C*15:25",15217,235,660,895
"HLA-C*15:26",15217,190,630,820
"HLA-C*15:27",15217,234,658,892
"HLA-C*15:30",15217,195,669,864
"HLA-C*15:38",15217,195,630,825
"HLA-C*15:40",15217,201,625,826
"HLA-C*15:42",15217,190,604,794
"HLA-C*15:44",15217,190,630,820
"HLA-C*15:52",15217,190,630,820
"HLA-C*15:57",15217,207,633,840
"HLA-C*15:58",15217,173,560,733
"HLA-C*15:68",15217,195,630,825
"HLA-C*15:72",15217,199,618,817
"HLA-C*15:85",15217,190,618,808
"HLA-C*16:01",15217,185,607,792
"HLA-C*16:02",15217,190,624,814
"HLA-C*16:04",15217,197,590,787
"HLA-C*16:07",15217,232,644,876
"HLA-C*16:08",15217,185,607,792
"HLA-C*16:09",15217,190,624,814
"HLA-C*16:12",15217,207,612,819
"HLA-C*16:13",15217,190,612,802
"HLA-C*16:14",15217,190,612,802
"HLA-C*16:15",15217,193,590,783
"HLA-C*16:18",15217,187,607,794
"HLA-C*16:19",15217,189,621,810
"HLA-C*16:21",15217,181,578,759
"HLA-C*16:22",15217,190,612,802
"HLA-C*16:24",15217,190,612,802
"HLA-C*16:25",15217,185,613,798
"HLA-C*16:26",15217,190,612,802
"HLA-C*16:33",15217,192,593,785
"HLA-C*16:37",15217,188,600,788
"HLA-C*16:38",15217,194,602,796
"HLA-C*16:46",15217,189,621,810
"HLA-C*16:50",15217,192,601,793
"HLA-C*16:52",15217,190,612,802
"HLA-C*16:74",15217,190,624,814
"HLA-C*16:88",15217,216,597,813
"HLA-C*17:01",15217,203,603,806
"HLA-C*17:04",15217,203,603,806
"HLA-C*17:07",15217,206,607,813
"HLA-C*17:23",15217,205,632,837
"HLA-C*18:01",15217,228,664,892
"HLA-C*18:03",15217,185,597,782
"HLA-C*18:04",15217,223,680,903
"HLA-C*18:06
",15217,229,652,881
