"Alleles","AllBinders","StrongBinders","WeakBinders","WeakandStrongBinders"
"HLA-DPA1*01:03-DPB1*01:01",3380,28,136,164
"HLA-DPA1*01:03-DPB1*02:01",3380,44,168,212
"HLA-DPA1*01:03-DPB1*02:02",3380,47,197,244
"HLA-DPA1*01:03-DPB1*03:01",3380,29,81,110
"HLA-DPA1*01:03-DPB1*04:01",3380,45,178,223
"HLA-DPA1*01:03-DPB1*04:02",3380,29,152,181
"HLA-DPA1*01:03-DPB1*05:01",3380,24,80,104
"HLA-DPA1*01:03-DPB1*06:01",3380,23,112,135
"HLA-DPA1*01:03-DPB1*08:01",3380,11,102,113
"HLA-DPA1*01:03-DPB1*09:01",3380,13,113,126
"HLA-DPA1*01:03-DPB1*10:001",3380,50,176,226
"HLA-DPA1*01:03-DPB1*10:01",3380,12,81,93
"HLA-DPA1*01:03-DPB1*10:201",3380,17,110,127
"HLA-DPA1*01:03-DPB1*10:301",3380,41,174,215
"HLA-DPA1*01:03-DPB1*10:801",3380,24,128,152
"HLA-DPA1*01:03-DPB1*10:901",3380,34,191,225
"HLA-DPA1*01:03-DPB1*11:001",3380,26,197,223
"HLA-DPA1*01:03-DPB1*11:01",3380,12,129,141
"HLA-DPA1*01:03-DPB1*11:201",3380,45,178,223
"HLA-DPA1*01:03-DPB1*11:301",3380,34,191,225
"HLA-DPA1*01:03-DPB1*11:501",3380,44,168,212
"HLA-DPA1*01:03-DPB1*11:601",3380,29,152,181
"HLA-DPA1*01:03-DPB1*12:101",3380,45,178,223
"HLA-DPA1*01:03-DPB1*12:201",3380,19,90,109
"HLA-DPA1*01:03-DPB1*12:301",3380,44,168,212
"HLA-DPA1*01:03-DPB1*12:501",3380,16,141,157
"HLA-DPA1*01:03-DPB1*12:701",3380,11,116,127
"HLA-DPA1*01:03-DPB1*12:801",3380,45,178,223
"HLA-DPA1*01:03-DPB1*12:901",3380,22,147,169
"HLA-DPA1*01:03-DPB1*13:001",3380,34,88,122
"HLA-DPA1*01:03-DPB1*13:01",3380,26,197,223
"HLA-DPA1*01:03-DPB1*13:201",3380,25,79,104
"HLA-DPA1*01:03-DPB1*13:401",3380,45,178,223
"HLA-DPA1*01:03-DPB1*14:01",3380,29,91,120
"HLA-DPA1*01:03-DPB1*15:01",3380,9,46,55
"HLA-DPA1*01:03-DPB1*16:01",3380,18,123,141
"HLA-DPA1*01:03-DPB1*17:01",3380,20,110,130
"HLA-DPA1*01:03-DPB1*18:01",3380,11,62,73
"HLA-DPA1*01:03-DPB1*19:01",3380,23,124,147
"HLA-DPA1*01:03-DPB1*20:01",3380,34,88,122
"HLA-DPA1*01:03-DPB1*21:01",3380,33,167,200
"HLA-DPA1*01:03-DPB1*22:01",3380,32,143,175
"HLA-DPA1*01:03-DPB1*23:01",3380,45,178,223
"HLA-DPA1*01:03-DPB1*24:01",3380,50,176,226
"HLA-DPA1*01:03-DPB1*25:01",3380,29,81,110
"HLA-DPA1*01:03-DPB1*26:01",3380,16,141,157
"HLA-DPA1*01:03-DPB1*27:01",3380,35,163,198
"HLA-DPA1*01:03-DPB1*28:01",3380,5,55,60
"HLA-DPA1*01:03-DPB1*29:01",3380,18,86,104
"HLA-DPA1*01:03-DPB1*30:01",3380,33,167,200
"HLA-DPA1*01:03-DPB1*31:01",3380,29,142,171
"HLA-DPA1*01:03-DPB1*33:01",3380,47,187,234
"HLA-DPA1*01:03-DPB1*34:01",3380,12,85,97
"HLA-DPA1*01:03-DPB1*35:01",3380,25,79,104
"HLA-DPA1*01:03-DPB1*36:01",3380,33,120,153
"HLA-DPA1*01:03-DPB1*37:01",3380,12,81,93
"HLA-DPA1*01:03-DPB1*38:01",3380,24,80,104
"HLA-DPA1*01:03-DPB1*39:01",3380,45,178,223
"HLA-DPA1*01:03-DPB1*40:01",3380,19,66,85
"HLA-DPA1*01:03-DPB1*41:01",3380,39,157,196
"HLA-DPA1*01:03-DPB1*45:01",3380,29,81,110
"HLA-DPA1*01:03-DPB1*46:01",3380,44,168,212
"HLA-DPA1*01:03-DPB1*47:01",3380,47,197,244
"HLA-DPA1*01:03-DPB1*48:01",3380,44,168,212
"HLA-DPA1*01:03-DPB1*49:01",3380,29,152,181
"HLA-DPA1*01:03-DPB1*50:01",3380,16,90,106
"HLA-DPA1*01:03-DPB1*51:01",3380,29,152,181
"HLA-DPA1*01:03-DPB1*52:01",3380,23,116,139
"HLA-DPA1*01:03-DPB1*53:01",3380,9,62,71
"HLA-DPA1*01:03-DPB1*54:01",3380,20,128,148
"HLA-DPA1*01:03-DPB1*55:01",3380,55,216,271
"HLA-DPA1*01:03-DPB1*56:01",3380,23,116,139
"HLA-DPA1*01:03-DPB1*59:01",3380,24,128,152
"HLA-DPA1*01:03-DPB1*60:01",3380,25,116,141
"HLA-DPA1*01:03-DPB1*63:01",3380,28,147,175
"HLA-DPA1*01:03-DPB1*65:01",3380,17,108,125
"HLA-DPA1*01:03-DPB1*66:01",3380,54,196,250
"HLA-DPA1*01:03-DPB1*67:01",3380,23,116,139
"HLA-DPA1*01:03-DPB1*68:01",3380,11,56,67
"HLA-DPA1*01:03-DPB1*69:01",3380,21,94,115
"HLA-DPA1*01:03-DPB1*70:01",3380,29,81,110
"HLA-DPA1*01:03-DPB1*71:01",3380,47,187,234
"HLA-DPA1*01:03-DPB1*72:01",3380,35,150,185
"HLA-DPA1*01:03-DPB1*74:01",3380,4,68,72
"HLA-DPA1*01:03-DPB1*75:01",3380,26,117,143
"HLA-DPA1*01:03-DPB1*76:01",3380,29,81,110
"HLA-DPA1*01:03-DPB1*77:01",3380,29,152,181
"HLA-DPA1*01:03-DPB1*78:01",3380,29,81,110
"HLA-DPA1*01:03-DPB1*79:01",3380,25,79,104
"HLA-DPA1*01:03-DPB1*80:01",3380,29,152,181
"HLA-DPA1*01:03-DPB1*81:01",3380,44,168,212
"HLA-DPA1*01:03-DPB1*82:01",3380,29,152,181
"HLA-DPA1*01:03-DPB1*83:01",3380,19,123,142
"HLA-DPA1*01:03-DPB1*85:01",3380,35,163,198
"HLA-DPA1*01:03-DPB1*86:01",3380,34,191,225
"HLA-DPA1*01:03-DPB1*87:01",3380,25,155,180
"HLA-DPA1*01:03-DPB1*88:01",3380,12,81,93
"HLA-DPA1*01:03-DPB1*89:01",3380,49,171,220
"HLA-DPA1*01:03-DPB1*90:01",3380,28,136,164
"HLA-DPA1*01:03-DPB1*91:01",3380,34,88,122
"HLA-DPA1*01:03-DPB1*92:01",3380,29,81,110
"HLA-DPA1*01:03-DPB1*93:01",3380,20,110,130
"HLA-DPA1*01:03-DPB1*95:01",3380,48,160,208
"HLA-DPA1*01:03-DPB1*96:01",3380,45,178,223
"HLA-DPA1*01:03-DPB1*98:01",3380,29,98,127
"HLA-DPA1*01:03-DPB1*99:01",3380,31,161,192
"HLA-DPA1*01:04-DPB1*01:01",3380,28,136,164
"HLA-DPA1*01:04-DPB1*02:01",3380,44,168,212
"HLA-DPA1*01:04-DPB1*02:02",3380,47,197,244
"HLA-DPA1*01:04-DPB1*03:01",3380,29,81,110
"HLA-DPA1*01:04-DPB1*04:01",3380,45,178,223
"HLA-DPA1*01:04-DPB1*04:02",3380,29,152,181
"HLA-DPA1*01:04-DPB1*05:01",3380,24,80,104
"HLA-DPA1*01:04-DPB1*06:01",3380,23,112,135
"HLA-DPA1*01:04-DPB1*08:01",3380,11,102,113
"HLA-DPA1*01:04-DPB1*09:01",3380,13,113,126
"HLA-DPA1*01:04-DPB1*10:001",3380,50,176,226
"HLA-DPA1*01:04-DPB1*10:01",3380,12,81,93
"HLA-DPA1*01:04-DPB1*10:201",3380,17,110,127
"HLA-DPA1*01:04-DPB1*10:301",3380,41,174,215
"HLA-DPA1*01:04-DPB1*10:801",3380,24,128,152
"HLA-DPA1*01:04-DPB1*10:901",3380,34,191,225
"HLA-DPA1*01:04-DPB1*11:001",3380,26,197,223
"HLA-DPA1*01:04-DPB1*11:01",3380,12,129,141
"HLA-DPA1*01:04-DPB1*11:201",3380,45,178,223
"HLA-DPA1*01:04-DPB1*11:301",3380,34,191,225
"HLA-DPA1*01:04-DPB1*11:501",3380,44,168,212
"HLA-DPA1*01:04-DPB1*11:601",3380,29,152,181
"HLA-DPA1*01:04-DPB1*12:101",3380,45,178,223
"HLA-DPA1*01:04-DPB1*12:201",3380,19,90,109
"HLA-DPA1*01:04-DPB1*12:301",3380,44,168,212
"HLA-DPA1*01:04-DPB1*12:501",3380,16,141,157
"HLA-DPA1*01:04-DPB1*12:701",3380,11,116,127
"HLA-DPA1*01:04-DPB1*12:801",3380,45,178,223
"HLA-DPA1*01:04-DPB1*12:901",3380,22,147,169
"HLA-DPA1*01:04-DPB1*13:001",3380,34,88,122
"HLA-DPA1*01:04-DPB1*13:01",3380,26,197,223
"HLA-DPA1*01:04-DPB1*13:201",3380,25,79,104
"HLA-DPA1*01:04-DPB1*13:401",3380,45,178,223
"HLA-DPA1*01:04-DPB1*14:01",3380,29,91,120
"HLA-DPA1*01:04-DPB1*15:01",3380,9,46,55
"HLA-DPA1*01:04-DPB1*16:01",3380,18,123,141
"HLA-DPA1*01:04-DPB1*17:01",3380,20,110,130
"HLA-DPA1*01:04-DPB1*18:01",3380,11,62,73
"HLA-DPA1*01:04-DPB1*19:01",3380,23,124,147
"HLA-DPA1*01:04-DPB1*20:01",3380,34,88,122
"HLA-DPA1*01:04-DPB1*21:01",3380,33,167,200
"HLA-DPA1*01:04-DPB1*22:01",3380,32,143,175
"HLA-DPA1*01:04-DPB1*23:01",3380,45,178,223
"HLA-DPA1*01:04-DPB1*24:01",3380,50,176,226
"HLA-DPA1*01:04-DPB1*25:01",3380,29,81,110
"HLA-DPA1*01:04-DPB1*26:01",3380,16,141,157
"HLA-DPA1*01:04-DPB1*27:01",3380,35,163,198
"HLA-DPA1*01:04-DPB1*28:01",3380,5,55,60
"HLA-DPA1*01:04-DPB1*29:01",3380,18,86,104
"HLA-DPA1*01:04-DPB1*30:01",3380,33,167,200
"HLA-DPA1*01:04-DPB1*31:01",3380,29,142,171
"HLA-DPA1*01:04-DPB1*33:01",3380,47,187,234
"HLA-DPA1*01:04-DPB1*34:01",3380,12,85,97
"HLA-DPA1*01:04-DPB1*35:01",3380,25,79,104
"HLA-DPA1*01:04-DPB1*36:01",3380,33,120,153
"HLA-DPA1*01:04-DPB1*37:01",3380,12,81,93
"HLA-DPA1*01:04-DPB1*38:01",3380,24,80,104
"HLA-DPA1*01:04-DPB1*39:01",3380,45,178,223
"HLA-DPA1*01:04-DPB1*40:01",3380,19,66,85
"HLA-DPA1*01:04-DPB1*41:01",3380,39,157,196
"HLA-DPA1*01:04-DPB1*45:01",3380,29,81,110
"HLA-DPA1*01:04-DPB1*46:01",3380,44,168,212
"HLA-DPA1*01:04-DPB1*47:01",3380,47,197,244
"HLA-DPA1*01:04-DPB1*48:01",3380,44,168,212
"HLA-DPA1*01:04-DPB1*49:01",3380,29,152,181
"HLA-DPA1*01:04-DPB1*50:01",3380,16,90,106
"HLA-DPA1*01:04-DPB1*51:01",3380,29,152,181
"HLA-DPA1*01:04-DPB1*52:01",3380,23,116,139
"HLA-DPA1*01:04-DPB1*53:01",3380,9,62,71
"HLA-DPA1*01:04-DPB1*54:01",3380,20,128,148
"HLA-DPA1*01:04-DPB1*55:01",3380,55,216,271
"HLA-DPA1*01:04-DPB1*56:01",3380,23,116,139
"HLA-DPA1*01:04-DPB1*59:01",3380,24,128,152
"HLA-DPA1*01:04-DPB1*60:01",3380,25,116,141
"HLA-DPA1*01:04-DPB1*63:01",3380,28,147,175
"HLA-DPA1*01:04-DPB1*65:01",3380,17,108,125
"HLA-DPA1*01:04-DPB1*66:01",3380,54,196,250
"HLA-DPA1*01:04-DPB1*67:01",3380,23,116,139
"HLA-DPA1*01:04-DPB1*68:01",3380,11,56,67
"HLA-DPA1*01:04-DPB1*69:01",3380,21,94,115
"HLA-DPA1*01:04-DPB1*70:01",3380,29,81,110
"HLA-DPA1*01:04-DPB1*71:01",3380,47,187,234
"HLA-DPA1*01:04-DPB1*72:01",3380,35,150,185
"HLA-DPA1*01:04-DPB1*74:01",3380,4,68,72
"HLA-DPA1*01:04-DPB1*75:01",3380,26,117,143
"HLA-DPA1*01:04-DPB1*76:01",3380,29,81,110
"HLA-DPA1*01:04-DPB1*77:01",3380,29,152,181
"HLA-DPA1*01:04-DPB1*78:01",3380,29,81,110
"HLA-DPA1*01:04-DPB1*79:01",3380,25,79,104
"HLA-DPA1*01:04-DPB1*80:01",3380,29,152,181
"HLA-DPA1*01:04-DPB1*81:01",3380,44,168,212
"HLA-DPA1*01:04-DPB1*82:01",3380,29,152,181
"HLA-DPA1*01:04-DPB1*83:01",3380,19,123,142
"HLA-DPA1*01:04-DPB1*85:01",3380,35,163,198
"HLA-DPA1*01:04-DPB1*86:01",3380,34,191,225
"HLA-DPA1*01:04-DPB1*87:01",3380,25,155,180
"HLA-DPA1*01:04-DPB1*88:01",3380,12,81,93
"HLA-DPA1*01:04-DPB1*89:01",3380,49,171,220
"HLA-DPA1*01:04-DPB1*90:01",3380,28,136,164
"HLA-DPA1*01:04-DPB1*91:01",3380,34,88,122
"HLA-DPA1*01:04-DPB1*92:01",3380,29,81,110
"HLA-DPA1*01:04-DPB1*93:01",3380,20,110,130
"HLA-DPA1*01:04-DPB1*95:01",3380,48,160,208
"HLA-DPA1*01:04-DPB1*96:01",3380,45,178,223
"HLA-DPA1*01:04-DPB1*98:01",3380,29,98,127
"HLA-DPA1*01:04-DPB1*99:01",3380,31,161,192
"HLA-DPA1*02:01-DPB1*01:01",3380,39,154,193
"HLA-DPA1*02:01-DPB1*02:01",3380,53,201,254
"HLA-DPA1*02:01-DPB1*02:02",3380,67,243,310
"HLA-DPA1*02:01-DPB1*03:01",3380,22,101,123
"HLA-DPA1*02:01-DPB1*04:01",3380,59,219,278
"HLA-DPA1*02:01-DPB1*04:02",3380,39,217,256
"HLA-DPA1*02:01-DPB1*05:01",3380,29,121,150
"HLA-DPA1*02:01-DPB1*06:01",3380,24,181,205
"HLA-DPA1*02:01-DPB1*08:01",3380,17,127,144
"HLA-DPA1*02:01-DPB1*09:01",3380,14,127,141
"HLA-DPA1*02:01-DPB1*10:001",3380,50,250,300
"HLA-DPA1*02:01-DPB1*10:01",3380,4,112,116
"HLA-DPA1*02:01-DPB1*10:201",3380,26,180,206
"HLA-DPA1*02:01-DPB1*10:301",3380,43,222,265
"HLA-DPA1*02:01-DPB1*10:801",3380,38,203,241
"HLA-DPA1*02:01-DPB1*10:901",3380,47,225,272
"HLA-DPA1*02:01-DPB1*11:001",3380,53,208,261
"HLA-DPA1*02:01-DPB1*11:01",3380,27,160,187
"HLA-DPA1*02:01-DPB1*11:201",3380,59,219,278
"HLA-DPA1*02:01-DPB1*11:301",3380,47,225,272
"HLA-DPA1*02:01-DPB1*11:501",3380,53,201,254
"HLA-DPA1*02:01-DPB1*11:601",3380,39,217,256
"HLA-DPA1*02:01-DPB1*12:101",3380,59,219,278
"HLA-DPA1*02:01-DPB1*12:201",3380,23,92,115
"HLA-DPA1*02:01-DPB1*12:301",3380,53,201,254
"HLA-DPA1*02:01-DPB1*12:501",3380,25,161,186
"HLA-DPA1*02:01-DPB1*12:701",3380,24,135,159
"HLA-DPA1*02:01-DPB1*12:801",3380,59,219,278
"HLA-DPA1*02:01-DPB1*12:901",3380,31,188,219
"HLA-DPA1*02:01-DPB1*13:001",3380,23,123,146
"HLA-DPA1*02:01-DPB1*13:01",3380,53,208,261
"HLA-DPA1*02:01-DPB1*13:201",3380,9,91,100
"HLA-DPA1*02:01-DPB1*13:401",3380,59,219,278
"HLA-DPA1*02:01-DPB1*14:01",3380,26,105,131
"HLA-DPA1*02:01-DPB1*15:01",3380,7,45,52
"HLA-DPA1*02:01-DPB1*16:01",3380,24,158,182
"HLA-DPA1*02:01-DPB1*17:01",3380,24,179,203
"HLA-DPA1*02:01-DPB1*18:01",3380,12,81,93
"HLA-DPA1*02:01-DPB1*19:01",3380,27,132,159
"HLA-DPA1*02:01-DPB1*20:01",3380,23,123,146
"HLA-DPA1*02:01-DPB1*21:01",3380,43,203,246
"HLA-DPA1*02:01-DPB1*22:01",3380,33,174,207
"HLA-DPA1*02:01-DPB1*23:01",3380,59,219,278
"HLA-DPA1*02:01-DPB1*24:01",3380,50,250,300
"HLA-DPA1*02:01-DPB1*25:01",3380,22,101,123
"HLA-DPA1*02:01-DPB1*26:01",3380,25,161,186
"HLA-DPA1*02:01-DPB1*27:01",3380,45,212,257
"HLA-DPA1*02:01-DPB1*28:01",3380,9,92,101
"HLA-DPA1*02:01-DPB1*29:01",3380,12,129,141
"HLA-DPA1*02:01-DPB1*30:01",3380,43,203,246
"HLA-DPA1*02:01-DPB1*31:01",3380,45,204,249
"HLA-DPA1*02:01-DPB1*33:01",3380,67,221,288
"HLA-DPA1*02:01-DPB1*34:01",3380,9,110,119
"HLA-DPA1*02:01-DPB1*35:01",3380,9,91,100
"HLA-DPA1*02:01-DPB1*36:01",3380,27,148,175
"HLA-DPA1*02:01-DPB1*37:01",3380,4,112,116
"HLA-DPA1*02:01-DPB1*38:01",3380,29,121,150
"HLA-DPA1*02:01-DPB1*39:01",3380,59,219,278
"HLA-DPA1*02:01-DPB1*40:01",3380,11,80,91
"HLA-DPA1*02:01-DPB1*41:01",3380,64,223,287
"HLA-DPA1*02:01-DPB1*45:01",3380,22,101,123
"HLA-DPA1*02:01-DPB1*46:01",3380,53,201,254
"HLA-DPA1*02:01-DPB1*47:01",3380,67,243,310
"HLA-DPA1*02:01-DPB1*48:01",3380,53,201,254
"HLA-DPA1*02:01-DPB1*49:01",3380,39,217,256
"HLA-DPA1*02:01-DPB1*50:01",3380,22,122,144
"HLA-DPA1*02:01-DPB1*51:01",3380,39,217,256
"HLA-DPA1*02:01-DPB1*52:01",3380,23,161,184
"HLA-DPA1*02:01-DPB1*53:01",3380,13,85,98
"HLA-DPA1*02:01-DPB1*54:01",3380,20,159,179
"HLA-DPA1*02:01-DPB1*55:01",3380,82,234,316
"HLA-DPA1*02:01-DPB1*56:01",3380,23,161,184
"HLA-DPA1*02:01-DPB1*59:01",3380,38,203,241
"HLA-DPA1*02:01-DPB1*60:01",3380,32,176,208
"HLA-DPA1*02:01-DPB1*63:01",3380,36,190,226
"HLA-DPA1*02:01-DPB1*65:01",3380,31,131,162
"HLA-DPA1*02:01-DPB1*66:01",3380,59,234,293
"HLA-DPA1*02:01-DPB1*67:01",3380,23,161,184
"HLA-DPA1*02:01-DPB1*68:01",3380,11,67,78
"HLA-DPA1*02:01-DPB1*69:01",3380,10,95,105
"HLA-DPA1*02:01-DPB1*70:01",3380,22,101,123
"HLA-DPA1*02:01-DPB1*71:01",3380,67,221,288
"HLA-DPA1*02:01-DPB1*72:01",3380,52,224,276
"HLA-DPA1*02:01-DPB1*74:01",3380,7,97,104
"HLA-DPA1*02:01-DPB1*75:01",3380,28,155,183
"HLA-DPA1*02:01-DPB1*76:01",3380,22,101,123
"HLA-DPA1*02:01-DPB1*77:01",3380,39,217,256
"HLA-DPA1*02:01-DPB1*78:01",3380,22,101,123
"HLA-DPA1*02:01-DPB1*79:01",3380,9,91,100
"HLA-DPA1*02:01-DPB1*80:01",3380,39,217,256
"HLA-DPA1*02:01-DPB1*81:01",3380,53,201,254
"HLA-DPA1*02:01-DPB1*82:01",3380,39,217,256
"HLA-DPA1*02:01-DPB1*83:01",3380,45,195,240
"HLA-DPA1*02:01-DPB1*85:01",3380,45,212,257
"HLA-DPA1*02:01-DPB1*86:01",3380,47,225,272
"HLA-DPA1*02:01-DPB1*87:01",3380,42,214,256
"HLA-DPA1*02:01-DPB1*88:01",3380,4,112,116
"HLA-DPA1*02:01-DPB1*89:01",3380,50,201,251
"HLA-DPA1*02:01-DPB1*90:01",3380,39,154,193
"HLA-DPA1*02:01-DPB1*91:01",3380,23,123,146
"HLA-DPA1*02:01-DPB1*92:01",3380,22,101,123
"HLA-DPA1*02:01-DPB1*93:01",3380,24,179,203
"HLA-DPA1*02:01-DPB1*95:01",3380,64,226,290
"HLA-DPA1*02:01-DPB1*96:01",3380,59,219,278
"HLA-DPA1*02:01-DPB1*98:01",3380,12,117,129
"HLA-DPA1*02:01-DPB1*99:01",3380,42,263,305
"HLA-DPA1*02:02-DPB1*01:01",3380,43,163,206
"HLA-DPA1*02:02-DPB1*02:01",3380,80,263,343
"HLA-DPA1*02:02-DPB1*02:02",3380,87,295,382
"HLA-DPA1*02:02-DPB1*03:01",3380,33,128,161
"HLA-DPA1*02:02-DPB1*04:01",3380,82,270,352
"HLA-DPA1*02:02-DPB1*04:02",3380,58,269,327
"HLA-DPA1*02:02-DPB1*05:01",3380,31,155,186
"HLA-DPA1*02:02-DPB1*06:01",3380,76,260,336
"HLA-DPA1*02:02-DPB1*08:01",3380,31,136,167
"HLA-DPA1*02:02-DPB1*09:01",3380,28,167,195
"HLA-DPA1*02:02-DPB1*10:001",3380,65,291,356
"HLA-DPA1*02:02-DPB1*10:01",3380,17,154,171
"HLA-DPA1*02:02-DPB1*10:201",3380,57,237,294
"HLA-DPA1*02:02-DPB1*10:301",3380,59,256,315
"HLA-DPA1*02:02-DPB1*10:801",3380,76,279,355
"HLA-DPA1*02:02-DPB1*10:901",3380,105,284,389
"HLA-DPA1*02:02-DPB1*11:001",3380,76,253,329
"HLA-DPA1*02:02-DPB1*11:01",3380,39,233,272
"HLA-DPA1*02:02-DPB1*11:201",3380,82,270,352
"HLA-DPA1*02:02-DPB1*11:301",3380,105,284,389
"HLA-DPA1*02:02-DPB1*11:501",3380,80,263,343
"HLA-DPA1*02:02-DPB1*11:601",3380,58,269,327
"HLA-DPA1*02:02-DPB1*12:101",3380,82,270,352
"HLA-DPA1*02:02-DPB1*12:201",3380,29,101,130
"HLA-DPA1*02:02-DPB1*12:301",3380,80,263,343
"HLA-DPA1*02:02-DPB1*12:501",3380,40,218,258
"HLA-DPA1*02:02-DPB1*12:701",3380,36,159,195
"HLA-DPA1*02:02-DPB1*12:801",3380,82,270,352
"HLA-DPA1*02:02-DPB1*12:901",3380,62,254,316
"HLA-DPA1*02:02-DPB1*13:001",3380,48,185,233
"HLA-DPA1*02:02-DPB1*13:01",3380,76,253,329
"HLA-DPA1*02:02-DPB1*13:201",3380,21,112,133
"HLA-DPA1*02:02-DPB1*13:401",3380,82,270,352
"HLA-DPA1*02:02-DPB1*14:01",3380,33,128,161
"HLA-DPA1*02:02-DPB1*15:01",3380,6,51,57
"HLA-DPA1*02:02-DPB1*16:01",3380,45,200,245
"HLA-DPA1*02:02-DPB1*17:01",3380,64,243,307
"HLA-DPA1*02:02-DPB1*18:01",3380,19,150,169
"HLA-DPA1*02:02-DPB1*19:01",3380,34,143,177
"HLA-DPA1*02:02-DPB1*20:01",3380,48,185,233
"HLA-DPA1*02:02-DPB1*21:01",3380,80,300,380
"HLA-DPA1*02:02-DPB1*22:01",3380,40,212,252
"HLA-DPA1*02:02-DPB1*23:01",3380,82,270,352
"HLA-DPA1*02:02-DPB1*24:01",3380,65,291,356
"HLA-DPA1*02:02-DPB1*25:01",3380,33,128,161
"HLA-DPA1*02:02-DPB1*26:01",3380,40,218,258
"HLA-DPA1*02:02-DPB1*27:01",3380,88,298,386
"HLA-DPA1*02:02-DPB1*28:01",3380,20,149,169
"HLA-DPA1*02:02-DPB1*29:01",3380,33,195,228
"HLA-DPA1*02:02-DPB1*30:01",3380,80,300,380
"HLA-DPA1*02:02-DPB1*31:01",3380,85,275,360
"HLA-DPA1*02:02-DPB1*33:01",3380,89,257,346
"HLA-DPA1*02:02-DPB1*34:01",3380,21,157,178
"HLA-DPA1*02:02-DPB1*35:01",3380,21,112,133
"HLA-DPA1*02:02-DPB1*36:01",3380,53,219,272
"HLA-DPA1*02:02-DPB1*37:01",3380,17,154,171
"HLA-DPA1*02:02-DPB1*38:01",3380,31,155,186
"HLA-DPA1*02:02-DPB1*39:01",3380,82,270,352
"HLA-DPA1*02:02-DPB1*40:01",3380,16,120,136
"HLA-DPA1*02:02-DPB1*41:01",3380,117,351,468
"HLA-DPA1*02:02-DPB1*45:01",3380,33,128,161
"HLA-DPA1*02:02-DPB1*46:01",3380,80,263,343
"HLA-DPA1*02:02-DPB1*47:01",3380,87,295,382
"HLA-DPA1*02:02-DPB1*48:01",3380,80,263,343
"HLA-DPA1*02:02-DPB1*49:01",3380,58,269,327
"HLA-DPA1*02:02-DPB1*50:01",3380,26,167,193
"HLA-DPA1*02:02-DPB1*51:01",3380,58,269,327
"HLA-DPA1*02:02-DPB1*52:01",3380,49,248,297
"HLA-DPA1*02:02-DPB1*53:01",3380,22,139,161
"HLA-DPA1*02:02-DPB1*54:01",3380,42,224,266
"HLA-DPA1*02:02-DPB1*55:01",3380,133,348,481
"HLA-DPA1*02:02-DPB1*56:01",3380,49,248,297
"HLA-DPA1*02:02-DPB1*59:01",3380,76,279,355
"HLA-DPA1*02:02-DPB1*60:01",3380,60,235,295
"HLA-DPA1*02:02-DPB1*63:01",3380,45,228,273
"HLA-DPA1*02:02-DPB1*65:01",3380,33,125,158
"HLA-DPA1*02:02-DPB1*66:01",3380,90,300,390
"HLA-DPA1*02:02-DPB1*67:01",3380,49,248,297
"HLA-DPA1*02:02-DPB1*68:01",3380,23,68,91
"HLA-DPA1*02:02-DPB1*69:01",3380,17,135,152
"HLA-DPA1*02:02-DPB1*70:01",3380,33,128,161
"HLA-DPA1*02:02-DPB1*71:01",3380,89,257,346
"HLA-DPA1*02:02-DPB1*72:01",3380,80,287,367
"HLA-DPA1*02:02-DPB1*74:01",3380,10,134,144
"HLA-DPA1*02:02-DPB1*75:01",3380,40,189,229
"HLA-DPA1*02:02-DPB1*76:01",3380,33,128,161
"HLA-DPA1*02:02-DPB1*77:01",3380,58,269,327
"HLA-DPA1*02:02-DPB1*78:01",3380,33,128,161
"HLA-DPA1*02:02-DPB1*79:01",3380,21,112,133
"HLA-DPA1*02:02-DPB1*80:01",3380,58,269,327
"HLA-DPA1*02:02-DPB1*81:01",3380,80,263,343
"HLA-DPA1*02:02-DPB1*82:01",3380,58,269,327
"HLA-DPA1*02:02-DPB1*83:01",3380,99,300,399
"HLA-DPA1*02:02-DPB1*85:01",3380,88,298,386
"HLA-DPA1*02:02-DPB1*86:01",3380,105,284,389
"HLA-DPA1*02:02-DPB1*87:01",3380,95,333,428
"HLA-DPA1*02:02-DPB1*88:01",3380,17,154,171
"HLA-DPA1*02:02-DPB1*89:01",3380,62,224,286
"HLA-DPA1*02:02-DPB1*90:01",3380,43,163,206
"HLA-DPA1*02:02-DPB1*91:01",3380,48,185,233
"HLA-DPA1*02:02-DPB1*92:01",3380,33,128,161
"HLA-DPA1*02:02-DPB1*93:01",3380,64,243,307
"HLA-DPA1*02:02-DPB1*95:01",3380,89,290,379
"HLA-DPA1*02:02-DPB1*96:01",3380,82,270,352
"HLA-DPA1*02:02-DPB1*98:01",3380,41,165,206
"HLA-DPA1*02:02-DPB1*99:01",3380,56,288,344
"HLA-DPA1*03:01-DPB1*01:01",3380,60,146,206
"HLA-DPA1*03:01-DPB1*02:01",3380,33,163,196
"HLA-DPA1*03:01-DPB1*02:02",3380,45,192,237
"HLA-DPA1*03:01-DPB1*03:01",3380,19,99,118
"HLA-DPA1*03:01-DPB1*04:01",3380,51,170,221
"HLA-DPA1*03:01-DPB1*04:02",3380,37,144,181
"HLA-DPA1*03:01-DPB1*05:01",3380,31,125,156
"HLA-DPA1*03:01-DPB1*06:01",3380,22,138,160
"HLA-DPA1*03:01-DPB1*08:01",3380,19,95,114
"HLA-DPA1*03:01-DPB1*09:01",3380,19,158,177
"HLA-DPA1*03:01-DPB1*10:001",3380,52,184,236
"HLA-DPA1*03:01-DPB1*10:01",3380,14,149,163
"HLA-DPA1*03:01-DPB1*10:201",3380,26,124,150
"HLA-DPA1*03:01-DPB1*10:301",3380,46,183,229
"HLA-DPA1*03:01-DPB1*10:801",3380,30,130,160
"HLA-DPA1*03:01-DPB1*10:901",3380,56,209,265
"HLA-DPA1*03:01-DPB1*11:001",3380,69,231,300
"HLA-DPA1*03:01-DPB1*11:01",3380,35,176,211
"HLA-DPA1*03:01-DPB1*11:201",3380,51,170,221
"HLA-DPA1*03:01-DPB1*11:301",3380,56,209,265
"HLA-DPA1*03:01-DPB1*11:501",3380,33,163,196
"HLA-DPA1*03:01-DPB1*11:601",3380,37,144,181
"HLA-DPA1*03:01-DPB1*12:101",3380,51,170,221
"HLA-DPA1*03:01-DPB1*12:201",3380,25,104,129
"HLA-DPA1*03:01-DPB1*12:301",3380,33,163,196
"HLA-DPA1*03:01-DPB1*12:501",3380,40,208,248
"HLA-DPA1*03:01-DPB1*12:701",3380,29,162,191
"HLA-DPA1*03:01-DPB1*12:801",3380,51,170,221
"HLA-DPA1*03:01-DPB1*12:901",3380,45,194,239
"HLA-DPA1*03:01-DPB1*13:001",3380,27,108,135
"HLA-DPA1*03:01-DPB1*13:01",3380,69,231,300
"HLA-DPA1*03:01-DPB1*13:201",3380,12,103,115
"HLA-DPA1*03:01-DPB1*13:401",3380,51,170,221
"HLA-DPA1*03:01-DPB1*14:01",3380,17,113,130
"HLA-DPA1*03:01-DPB1*15:01",3380,3,48,51
"HLA-DPA1*03:01-DPB1*16:01",3380,21,111,132
"HLA-DPA1*03:01-DPB1*17:01",3380,27,173,200
"HLA-DPA1*03:01-DPB1*18:01",3380,11,61,72
"HLA-DPA1*03:01-DPB1*19:01",3380,30,124,154
"HLA-DPA1*03:01-DPB1*20:01",3380,27,108,135
"HLA-DPA1*03:01-DPB1*21:01",3380,61,219,280
"HLA-DPA1*03:01-DPB1*22:01",3380,30,146,176
"HLA-DPA1*03:01-DPB1*23:01",3380,51,170,221
"HLA-DPA1*03:01-DPB1*24:01",3380,52,184,236
"HLA-DPA1*03:01-DPB1*25:01",3380,19,99,118
"HLA-DPA1*03:01-DPB1*26:01",3380,40,208,248
"HLA-DPA1*03:01-DPB1*27:01",3380,75,217,292
"HLA-DPA1*03:01-DPB1*28:01",3380,8,35,43
"HLA-DPA1*03:01-DPB1*29:01",3380,10,127,137
"HLA-DPA1*03:01-DPB1*30:01",3380,61,219,280
"HLA-DPA1*03:01-DPB1*31:01",3380,43,156,199
"HLA-DPA1*03:01-DPB1*33:01",3380,46,216,262
"HLA-DPA1*03:01-DPB1*34:01",3380,13,62,75
"HLA-DPA1*03:01-DPB1*35:01",3380,12,103,115
"HLA-DPA1*03:01-DPB1*36:01",3380,43,186,229
"HLA-DPA1*03:01-DPB1*37:01",3380,14,149,163
"HLA-DPA1*03:01-DPB1*38:01",3380,31,125,156
"HLA-DPA1*03:01-DPB1*39:01",3380,51,170,221
"HLA-DPA1*03:01-DPB1*40:01",3380,11,61,72
"HLA-DPA1*03:01-DPB1*41:01",3380,28,154,182
"HLA-DPA1*03:01-DPB1*45:01",3380,19,99,118
"HLA-DPA1*03:01-DPB1*46:01",3380,33,163,196
"HLA-DPA1*03:01-DPB1*47:01",3380,45,192,237
"HLA-DPA1*03:01-DPB1*48:01",3380,33,163,196
"HLA-DPA1*03:01-DPB1*49:01",3380,37,144,181
"HLA-DPA1*03:01-DPB1*50:01",3380,19,87,106
"HLA-DPA1*03:01-DPB1*51:01",3380,37,144,181
"HLA-DPA1*03:01-DPB1*52:01",3380,32,175,207
"HLA-DPA1*03:01-DPB1*53:01",3380,8,46,54
"HLA-DPA1*03:01-DPB1*54:01",3380,37,214,251
"HLA-DPA1*03:01-DPB1*55:01",3380,89,239,328
"HLA-DPA1*03:01-DPB1*56:01",3380,32,175,207
"HLA-DPA1*03:01-DPB1*59:01",3380,30,130,160
"HLA-DPA1*03:01-DPB1*60:01",3380,27,119,146
"HLA-DPA1*03:01-DPB1*63:01",3380,43,145,188
"HLA-DPA1*03:01-DPB1*65:01",3380,25,117,142
"HLA-DPA1*03:01-DPB1*66:01",3380,97,224,321
"HLA-DPA1*03:01-DPB1*67:01",3380,32,175,207
"HLA-DPA1*03:01-DPB1*68:01",3380,16,46,62
"HLA-DPA1*03:01-DPB1*69:01",3380,10,93,103
"HLA-DPA1*03:01-DPB1*70:01",3380,19,99,118
"HLA-DPA1*03:01-DPB1*71:01",3380,46,216,262
"HLA-DPA1*03:01-DPB1*72:01",3380,46,139,185
"HLA-DPA1*03:01-DPB1*74:01",3380,7,86,93
"HLA-DPA1*03:01-DPB1*75:01",3380,30,121,151
"HLA-DPA1*03:01-DPB1*76:01",3380,19,99,118
"HLA-DPA1*03:01-DPB1*77:01",3380,37,144,181
"HLA-DPA1*03:01-DPB1*78:01",3380,19,99,118
"HLA-DPA1*03:01-DPB1*79:01",3380,12,103,115
"HLA-DPA1*03:01-DPB1*80:01",3380,37,144,181
"HLA-DPA1*03:01-DPB1*81:01",3380,33,163,196
"HLA-DPA1*03:01-DPB1*82:01",3380,37,144,181
"HLA-DPA1*03:01-DPB1*83:01",3380,24,146,170
"HLA-DPA1*03:01-DPB1*85:01",3380,75,217,292
"HLA-DPA1*03:01-DPB1*86:01",3380,56,209,265
"HLA-DPA1*03:01-DPB1*87:01",3380,50,206,256
"HLA-DPA1*03:01-DPB1*88:01",3380,14,149,163
"HLA-DPA1*03:01-DPB1*89:01",3380,62,183,245
"HLA-DPA1*03:01-DPB1*90:01",3380,60,146,206
"HLA-DPA1*03:01-DPB1*91:01",3380,27,108,135
"HLA-DPA1*03:01-DPB1*92:01",3380,19,99,118
"HLA-DPA1*03:01-DPB1*93:01",3380,27,173,200
"HLA-DPA1*03:01-DPB1*95:01",3380,56,192,248
"HLA-DPA1*03:01-DPB1*96:01",3380,51,170,221
"HLA-DPA1*03:01-DPB1*98:01",3380,21,112,133
"HLA-DPA1*03:01-DPB1*99:01",3380,42,179,221
"HLA-DPA1*04:01-DPB1*01:01",3380,27,105,132
"HLA-DPA1*04:01-DPB1*02:01",3380,37,147,184
"HLA-DPA1*04:01-DPB1*02:02",3380,51,180,231
"HLA-DPA1*04:01-DPB1*03:01",3380,34,86,120
"HLA-DPA1*04:01-DPB1*04:01",3380,45,166,211
"HLA-DPA1*04:01-DPB1*04:02",3380,29,125,154
"HLA-DPA1*04:01-DPB1*05:01",3380,23,59,82
"HLA-DPA1*04:01-DPB1*06:01",3380,26,116,142
"HLA-DPA1*04:01-DPB1*08:01",3380,9,70,79
"HLA-DPA1*04:01-DPB1*09:01",3380,26,104,130
"HLA-DPA1*04:01-DPB1*10:001",3380,47,153,200
"HLA-DPA1*04:01-DPB1*10:01",3380,14,84,98
"HLA-DPA1*04:01-DPB1*10:201",3380,25,104,129
"HLA-DPA1*04:01-DPB1*10:301",3380,45,155,200
"HLA-DPA1*04:01-DPB1*10:801",3380,25,128,153
"HLA-DPA1*04:01-DPB1*10:901",3380,28,177,205
"HLA-DPA1*04:01-DPB1*11:001",3380,36,193,229
"HLA-DPA1*04:01-DPB1*11:01",3380,24,149,173
"HLA-DPA1*04:01-DPB1*11:201",3380,45,166,211
"HLA-DPA1*04:01-DPB1*11:301",3380,28,177,205
"HLA-DPA1*04:01-DPB1*11:501",3380,37,147,184
"HLA-DPA1*04:01-DPB1*11:601",3380,29,125,154
"HLA-DPA1*04:01-DPB1*12:101",3380,45,166,211
"HLA-DPA1*04:01-DPB1*12:201",3380,12,90,102
"HLA-DPA1*04:01-DPB1*12:301",3380,37,147,184
"HLA-DPA1*04:01-DPB1*12:501",3380,26,125,151
"HLA-DPA1*04:01-DPB1*12:701",3380,21,119,140
"HLA-DPA1*04:01-DPB1*12:801",3380,45,166,211
"HLA-DPA1*04:01-DPB1*12:901",3380,31,122,153
"HLA-DPA1*04:01-DPB1*13:001",3380,38,102,140
"HLA-DPA1*04:01-DPB1*13:01",3380,36,193,229
"HLA-DPA1*04:01-DPB1*13:201",3380,21,85,106
"HLA-DPA1*04:01-DPB1*13:401",3380,45,166,211
"HLA-DPA1*04:01-DPB1*14:01",3380,40,97,137
"HLA-DPA1*04:01-DPB1*15:01",3380,7,46,53
"HLA-DPA1*04:01-DPB1*16:01",3380,19,98,117
"HLA-DPA1*04:01-DPB1*17:01",3380,22,102,124
"HLA-DPA1*04:01-DPB1*18:01",3380,13,64,77
"HLA-DPA1*04:01-DPB1*19:01",3380,19,110,129
"HLA-DPA1*04:01-DPB1*20:01",3380,38,102,140
"HLA-DPA1*04:01-DPB1*21:01",3380,35,159,194
"HLA-DPA1*04:01-DPB1*22:01",3380,34,119,153
"HLA-DPA1*04:01-DPB1*23:01",3380,45,166,211
"HLA-DPA1*04:01-DPB1*24:01",3380,47,153,200
"HLA-DPA1*04:01-DPB1*25:01",3380,34,86,120
"HLA-DPA1*04:01-DPB1*26:01",3380,26,125,151
"HLA-DPA1*04:01-DPB1*27:01",3380,47,165,212
"HLA-DPA1*04:01-DPB1*28:01",3380,6,65,71
"HLA-DPA1*04:01-DPB1*29:01",3380,25,96,121
"HLA-DPA1*04:01-DPB1*30:01",3380,35,159,194
"HLA-DPA1*04:01-DPB1*31:01",3380,36,140,176
"HLA-DPA1*04:01-DPB1*33:01",3380,50,177,227
"HLA-DPA1*04:01-DPB1*34:01",3380,18,84,102
"HLA-DPA1*04:01-DPB1*35:01",3380,21,85,106
"HLA-DPA1*04:01-DPB1*36:01",3380,43,107,150
"HLA-DPA1*04:01-DPB1*37:01",3380,14,84,98
"HLA-DPA1*04:01-DPB1*38:01",3380,23,59,82
"HLA-DPA1*04:01-DPB1*39:01",3380,45,166,211
"HLA-DPA1*04:01-DPB1*40:01",3380,14,62,76
"HLA-DPA1*04:01-DPB1*41:01",3380,30,136,166
"HLA-DPA1*04:01-DPB1*45:01",3380,34,86,120
"HLA-DPA1*04:01-DPB1*46:01",3380,37,147,184
"HLA-DPA1*04:01-DPB1*47:01",3380,51,180,231
"HLA-DPA1*04:01-DPB1*48:01",3380,37,147,184
"HLA-DPA1*04:01-DPB1*49:01",3380,29,125,154
"HLA-DPA1*04:01-DPB1*50:01",3380,22,97,119
"HLA-DPA1*04:01-DPB1*51:01",3380,29,125,154
"HLA-DPA1*04:01-DPB1*52:01",3380,38,131,169
"HLA-DPA1*04:01-DPB1*53:01",3380,9,63,72
"HLA-DPA1*04:01-DPB1*54:01",3380,20,111,131
"HLA-DPA1*04:01-DPB1*55:01",3380,63,215,278
"HLA-DPA1*04:01-DPB1*56:01",3380,38,131,169
"HLA-DPA1*04:01-DPB1*59:01",3380,25,128,153
"HLA-DPA1*04:01-DPB1*60:01",3380,22,109,131
"HLA-DPA1*04:01-DPB1*63:01",3380,28,111,139
"HLA-DPA1*04:01-DPB1*65:01",3380,16,70,86
"HLA-DPA1*04:01-DPB1*66:01",3380,60,230,290
"HLA-DPA1*04:01-DPB1*67:01",3380,38,131,169
"HLA-DPA1*04:01-DPB1*68:01",3380,10,66,76
"HLA-DPA1*04:01-DPB1*69:01",3380,24,97,121
"HLA-DPA1*04:01-DPB1*70:01",3380,34,86,120
"HLA-DPA1*04:01-DPB1*71:01",3380,50,177,227
"HLA-DPA1*04:01-DPB1*72:01",3380,39,148,187
"HLA-DPA1*04:01-DPB1*74:01",3380,6,81,87
"HLA-DPA1*04:01-DPB1*75:01",3380,16,106,122
"HLA-DPA1*04:01-DPB1*76:01",3380,34,86,120
"HLA-DPA1*04:01-DPB1*77:01",3380,29,125,154
"HLA-DPA1*04:01-DPB1*78:01",3380,34,86,120
"HLA-DPA1*04:01-DPB1*79:01",3380,21,85,106
"HLA-DPA1*04:01-DPB1*80:01",3380,29,125,154
"HLA-DPA1*04:01-DPB1*81:01",3380,37,147,184
"HLA-DPA1*04:01-DPB1*82:01",3380,29,125,154
"HLA-DPA1*04:01-DPB1*83:01",3380,25,128,153
"HLA-DPA1*04:01-DPB1*85:01",3380,47,165,212
"HLA-DPA1*04:01-DPB1*86:01",3380,28,177,205
"HLA-DPA1*04:01-DPB1*87:01",3380,51,160,211
"HLA-DPA1*04:01-DPB1*88:01",3380,14,84,98
"HLA-DPA1*04:01-DPB1*89:01",3380,51,163,214
"HLA-DPA1*04:01-DPB1*90:01",3380,27,105,132
"HLA-DPA1*04:01-DPB1*91:01",3380,38,102,140
"HLA-DPA1*04:01-DPB1*92:01",3380,34,86,120
"HLA-DPA1*04:01-DPB1*93:01",3380,22,102,124
"HLA-DPA1*04:01-DPB1*95:01",3380,56,144,200
"HLA-DPA1*04:01-DPB1*96:01",3380,45,166,211
"HLA-DPA1*04:01-DPB1*98:01",3380,29,98,127
"HLA-DPA1*04:01-DPB1*99:01",3380,33,151,184
"HLA-DQA1*01:01-DQB1*02:01",3380,10,82,92
"HLA-DQA1*01:01-DQB1*02:03",3380,15,135,150
"HLA-DQA1*01:01-DQB1*02:05",3380,91,263,354
"HLA-DQA1*01:01-DQB1*03:01",3380,114,259,373
"HLA-DQA1*01:01-DQB1*03:02",3380,14,89,103
"HLA-DQA1*01:01-DQB1*03:03",3380,58,154,212
"HLA-DQA1*01:01-DQB1*03:04",3380,83,170,253
"HLA-DQA1*01:01-DQB1*03:05",3380,31,154,185
"HLA-DQA1*01:01-DQB1*03:06",3380,537,570,1107
"HLA-DQA1*01:01-DQB1*03:08",3380,52,196,248
"HLA-DQA1*01:01-DQB1*03:10",3380,114,259,373
"HLA-DQA1*01:01-DQB1*03:11",3380,14,89,103
"HLA-DQA1*01:01-DQB1*03:12",3380,103,236,339
"HLA-DQA1*01:01-DQB1*03:13",3380,115,289,404
"HLA-DQA1*01:01-DQB1*03:14",3380,83,170,253
"HLA-DQA1*01:01-DQB1*03:16",3380,114,259,373
"HLA-DQA1*01:01-DQB1*03:17",3380,75,193,268
"HLA-DQA1*01:01-DQB1*03:18",3380,14,89,103
"HLA-DQA1*01:01-DQB1*03:20",3380,58,154,212
"HLA-DQA1*01:01-DQB1*03:25",3380,537,570,1107
"HLA-DQA1*01:01-DQB1*03:26",3380,58,154,212
"HLA-DQA1*01:01-DQB1*03:30",3380,43,105,148
"HLA-DQA1*01:01-DQB1*03:36",3380,114,259,373
"HLA-DQA1*01:01-DQB1*03:37",3380,14,89,103
"HLA-DQA1*01:01-DQB1*04:01",3380,332,496,828
"HLA-DQA1*01:01-DQB1*04:02",3380,332,496,828
"HLA-DQA1*01:01-DQB1*04:03",3380,360,501,861
"HLA-DQA1*01:01-DQB1*04:04",3380,484,513,997
"HLA-DQA1*01:01-DQB1*05:01",3380,43,155,198
"HLA-DQA1*01:01-DQB1*05:02",3380,48,185,233
"HLA-DQA1*01:01-DQB1*05:03",3380,44,165,209
"HLA-DQA1*01:01-DQB1*05:05",3380,48,185,233
"HLA-DQA1*01:01-DQB1*05:06",3380,44,165,209
"HLA-DQA1*01:01-DQB1*05:09",3380,44,165,209
"HLA-DQA1*01:01-DQB1*05:11",3380,43,155,198
"HLA-DQA1*01:01-DQB1*05:12",3380,53,158,211
"HLA-DQA1*01:01-DQB1*06:01",3380,9,56,65
"HLA-DQA1*01:01-DQB1*06:02",3380,33,117,150
"HLA-DQA1*01:01-DQB1*06:03",3380,198,346,544
"HLA-DQA1*01:01-DQB1*06:04",3380,93,338,431
"HLA-DQA1*01:01-DQB1*06:07",3380,49,198,247
"HLA-DQA1*01:01-DQB1*06:08",3380,267,433,700
"HLA-DQA1*01:01-DQB1*06:09",3380,32,156,188
"HLA-DQA1*01:01-DQB1*06:10",3380,53,211,264
"HLA-DQA1*01:01-DQB1*06:11",3380,59,184,243
"HLA-DQA1*01:01-DQB1*06:12",3380,97,264,361
"HLA-DQA1*01:01-DQB1*06:14",3380,178,367,545
"HLA-DQA1*01:01-DQB1*06:15",3380,10,51,61
"HLA-DQA1*01:01-DQB1*06:16",3380,33,117,150
"HLA-DQA1*01:01-DQB1*06:18",3380,30,132,162
"HLA-DQA1*01:01-DQB1*06:21",3380,181,400,581
"HLA-DQA1*01:01-DQB1*06:22",3380,23,116,139
"HLA-DQA1*01:01-DQB1*06:23",3380,74,173,247
"HLA-DQA1*01:01-DQB1*06:27",3380,122,391,513
"HLA-DQA1*01:01-DQB1*06:28",3380,198,346,544
"HLA-DQA1*01:01-DQB1*06:29",3380,44,198,242
"HLA-DQA1*01:01-DQB1*06:31",3380,198,346,544
"HLA-DQA1*01:01-DQB1*06:32",3380,71,262,333
"HLA-DQA1*01:01-DQB1*06:33",3380,29,120,149
"HLA-DQA1*01:01-DQB1*06:40",3380,198,346,544
"HLA-DQA1*01:02-DQB1*02:01",3380,6,50,56
"HLA-DQA1*01:02-DQB1*02:03",3380,18,72,90
"HLA-DQA1*01:02-DQB1*02:05",3380,67,258,325
"HLA-DQA1*01:02-DQB1*03:01",3380,66,213,279
"HLA-DQA1*01:02-DQB1*03:02",3380,21,76,97
"HLA-DQA1*01:02-DQB1*03:03",3380,51,110,161
"HLA-DQA1*01:02-DQB1*03:04",3380,59,163,222
"HLA-DQA1*01:02-DQB1*03:05",3380,16,109,125
"HLA-DQA1*01:02-DQB1*03:06",3380,377,508,885
"HLA-DQA1*01:02-DQB1*03:08",3380,61,177,238
"HLA-DQA1*01:02-DQB1*03:10",3380,66,213,279
"HLA-DQA1*01:02-DQB1*03:11",3380,21,76,97
"HLA-DQA1*01:02-DQB1*03:12",3380,62,157,219
"HLA-DQA1*01:02-DQB1*03:13",3380,69,211,280
"HLA-DQA1*01:02-DQB1*03:14",3380,59,163,222
"HLA-DQA1*01:02-DQB1*03:16",3380,66,213,279
"HLA-DQA1*01:02-DQB1*03:17",3380,46,114,160
"HLA-DQA1*01:02-DQB1*03:18",3380,21,76,97
"HLA-DQA1*01:02-DQB1*03:20",3380,51,110,161
"HLA-DQA1*01:02-DQB1*03:25",3380,377,508,885
"HLA-DQA1*01:02-DQB1*03:26",3380,51,110,161
"HLA-DQA1*01:02-DQB1*03:30",3380,26,67,93
"HLA-DQA1*01:02-DQB1*03:36",3380,66,213,279
"HLA-DQA1*01:02-DQB1*03:37",3380,21,76,97
"HLA-DQA1*01:02-DQB1*04:01",3380,173,330,503
"HLA-DQA1*01:02-DQB1*04:02",3380,173,330,503
"HLA-DQA1*01:02-DQB1*04:03",3380,230,413,643
"HLA-DQA1*01:02-DQB1*04:04",3380,313,468,781
"HLA-DQA1*01:02-DQB1*05:01",3380,46,137,183
"HLA-DQA1*01:02-DQB1*05:02",3380,32,163,195
"HLA-DQA1*01:02-DQB1*05:03",3380,30,103,133
"HLA-DQA1*01:02-DQB1*05:05",3380,32,163,195
"HLA-DQA1*01:02-DQB1*05:06",3380,30,103,133
"HLA-DQA1*01:02-DQB1*05:09",3380,30,103,133
"HLA-DQA1*01:02-DQB1*05:11",3380,46,137,183
"HLA-DQA1*01:02-DQB1*05:12",3380,52,152,204
"HLA-DQA1*01:02-DQB1*06:01",3380,17,51,68
"HLA-DQA1*01:02-DQB1*06:02",3380,37,117,154
"HLA-DQA1*01:02-DQB1*06:03",3380,223,391,614
"HLA-DQA1*01:02-DQB1*06:04",3380,32,209,241
"HLA-DQA1*01:02-DQB1*06:07",3380,24,132,156
"HLA-DQA1*01:02-DQB1*06:08",3380,397,464,861
"HLA-DQA1*01:02-DQB1*06:09",3380,13,69,82
"HLA-DQA1*01:02-DQB1*06:10",3380,60,191,251
"HLA-DQA1*01:02-DQB1*06:11",3380,59,159,218
"HLA-DQA1*01:02-DQB1*06:12",3380,62,202,264
"HLA-DQA1*01:02-DQB1*06:14",3380,152,348,500
"HLA-DQA1*01:02-DQB1*06:15",3380,9,56,65
"HLA-DQA1*01:02-DQB1*06:16",3380,37,117,154
"HLA-DQA1*01:02-DQB1*06:18",3380,15,100,115
"HLA-DQA1*01:02-DQB1*06:21",3380,181,369,550
"HLA-DQA1*01:02-DQB1*06:22",3380,10,54,64
"HLA-DQA1*01:02-DQB1*06:23",3380,40,147,187
"HLA-DQA1*01:02-DQB1*06:27",3380,78,287,365
"HLA-DQA1*01:02-DQB1*06:28",3380,223,391,614
"HLA-DQA1*01:02-DQB1*06:29",3380,49,140,189
"HLA-DQA1*01:02-DQB1*06:31",3380,223,391,614
"HLA-DQA1*01:02-DQB1*06:32",3380,61,196,257
"HLA-DQA1*01:02-DQB1*06:33",3380,37,114,151
"HLA-DQA1*01:02-DQB1*06:40",3380,223,391,614
"HLA-DQA1*01:03-DQB1*02:01",3380,0,7,7
"HLA-DQA1*01:03-DQB1*02:03",3380,0,4,4
"HLA-DQA1*01:03-DQB1*02:05",3380,0,33,33
"HLA-DQA1*01:03-DQB1*03:01",3380,6,27,33
"HLA-DQA1*01:03-DQB1*03:02",3380,0,9,9
"HLA-DQA1*01:03-DQB1*03:03",3380,0,17,17
"HLA-DQA1*01:03-DQB1*03:04",3380,5,27,32
"HLA-DQA1*01:03-DQB1*03:05",3380,0,6,6
"HLA-DQA1*01:03-DQB1*03:06",3380,16,44,60
"HLA-DQA1*01:03-DQB1*03:08",3380,8,51,59
"HLA-DQA1*01:03-DQB1*03:10",3380,6,27,33
"HLA-DQA1*01:03-DQB1*03:11",3380,0,9,9
"HLA-DQA1*01:03-DQB1*03:12",3380,4,25,29
"HLA-DQA1*01:03-DQB1*03:13",3380,5,34,39
"HLA-DQA1*01:03-DQB1*03:14",3380,5,27,32
"HLA-DQA1*01:03-DQB1*03:16",3380,6,27,33
"HLA-DQA1*01:03-DQB1*03:17",3380,0,19,19
"HLA-DQA1*01:03-DQB1*03:18",3380,0,9,9
"HLA-DQA1*01:03-DQB1*03:20",3380,0,17,17
"HLA-DQA1*01:03-DQB1*03:25",3380,16,44,60
"HLA-DQA1*01:03-DQB1*03:26",3380,0,17,17
"HLA-DQA1*01:03-DQB1*03:30",3380,0,5,5
"HLA-DQA1*01:03-DQB1*03:36",3380,6,27,33
"HLA-DQA1*01:03-DQB1*03:37",3380,0,9,9
"HLA-DQA1*01:03-DQB1*04:01",3380,0,22,22
"HLA-DQA1*01:03-DQB1*04:02",3380,0,22,22
"HLA-DQA1*01:03-DQB1*04:03",3380,3,28,31
"HLA-DQA1*01:03-DQB1*04:04",3380,7,39,46
"HLA-DQA1*01:03-DQB1*05:01",3380,20,98,118
"HLA-DQA1*01:03-DQB1*05:02",3380,22,76,98
"HLA-DQA1*01:03-DQB1*05:03",3380,15,52,67
"HLA-DQA1*01:03-DQB1*05:05",3380,22,76,98
"HLA-DQA1*01:03-DQB1*05:06",3380,15,52,67
"HLA-DQA1*01:03-DQB1*05:09",3380,15,52,67
"HLA-DQA1*01:03-DQB1*05:11",3380,20,98,118
"HLA-DQA1*01:03-DQB1*05:12",3380,24,111,135
"HLA-DQA1*01:03-DQB1*06:01",3380,3,17,20
"HLA-DQA1*01:03-DQB1*06:02",3380,10,36,46
"HLA-DQA1*01:03-DQB1*06:03",3380,53,150,203
"HLA-DQA1*01:03-DQB1*06:04",3380,11,46,57
"HLA-DQA1*01:03-DQB1*06:07",3380,0,18,18
"HLA-DQA1*01:03-DQB1*06:08",3380,172,329,501
"HLA-DQA1*01:03-DQB1*06:09",3380,0,13,13
"HLA-DQA1*01:03-DQB1*06:10",3380,6,25,31
"HLA-DQA1*01:03-DQB1*06:11",3380,9,52,61
"HLA-DQA1*01:03-DQB1*06:12",3380,12,60,72
"HLA-DQA1*01:03-DQB1*06:14",3380,37,115,152
"HLA-DQA1*01:03-DQB1*06:15",3380,1,10,11
"HLA-DQA1*01:03-DQB1*06:16",3380,10,36,46
"HLA-DQA1*01:03-DQB1*06:18",3380,4,13,17
"HLA-DQA1*01:03-DQB1*06:21",3380,81,209,290
"HLA-DQA1*01:03-DQB1*06:22",3380,0,8,8
"HLA-DQA1*01:03-DQB1*06:23",3380,7,26,33
"HLA-DQA1*01:03-DQB1*06:27",3380,19,112,131
"HLA-DQA1*01:03-DQB1*06:28",3380,53,150,203
"HLA-DQA1*01:03-DQB1*06:29",3380,7,37,44
"HLA-DQA1*01:03-DQB1*06:31",3380,53,150,203
"HLA-DQA1*01:03-DQB1*06:32",3380,7,25,32
"HLA-DQA1*01:03-DQB1*06:33",3380,8,35,43
"HLA-DQA1*01:03-DQB1*06:40",3380,53,150,203
"HLA-DQA1*01:04-DQB1*02:01",3380,10,82,92
"HLA-DQA1*01:04-DQB1*02:03",3380,15,135,150
"HLA-DQA1*01:04-DQB1*02:05",3380,91,263,354
"HLA-DQA1*01:04-DQB1*03:01",3380,114,259,373
"HLA-DQA1*01:04-DQB1*03:02",3380,14,89,103
"HLA-DQA1*01:04-DQB1*03:03",3380,58,154,212
"HLA-DQA1*01:04-DQB1*03:04",3380,83,170,253
"HLA-DQA1*01:04-DQB1*03:05",3380,31,154,185
"HLA-DQA1*01:04-DQB1*03:06",3380,537,570,1107
"HLA-DQA1*01:04-DQB1*03:08",3380,52,196,248
"HLA-DQA1*01:04-DQB1*03:10",3380,114,259,373
"HLA-DQA1*01:04-DQB1*03:11",3380,14,89,103
"HLA-DQA1*01:04-DQB1*03:12",3380,103,236,339
"HLA-DQA1*01:04-DQB1*03:13",3380,115,289,404
"HLA-DQA1*01:04-DQB1*03:14",3380,83,170,253
"HLA-DQA1*01:04-DQB1*03:16",3380,114,259,373
"HLA-DQA1*01:04-DQB1*03:17",3380,75,193,268
"HLA-DQA1*01:04-DQB1*03:18",3380,14,89,103
"HLA-DQA1*01:04-DQB1*03:20",3380,58,154,212
"HLA-DQA1*01:04-DQB1*03:25",3380,537,570,1107
"HLA-DQA1*01:04-DQB1*03:26",3380,58,154,212
"HLA-DQA1*01:04-DQB1*03:30",3380,43,105,148
"HLA-DQA1*01:04-DQB1*03:36",3380,114,259,373
"HLA-DQA1*01:04-DQB1*03:37",3380,14,89,103
"HLA-DQA1*01:04-DQB1*04:01",3380,332,496,828
"HLA-DQA1*01:04-DQB1*04:02",3380,332,496,828
"HLA-DQA1*01:04-DQB1*04:03",3380,360,501,861
"HLA-DQA1*01:04-DQB1*04:04",3380,484,513,997
"HLA-DQA1*01:04-DQB1*05:01",3380,43,155,198
"HLA-DQA1*01:04-DQB1*05:02",3380,48,185,233
"HLA-DQA1*01:04-DQB1*05:03",3380,44,165,209
"HLA-DQA1*01:04-DQB1*05:05",3380,48,185,233
"HLA-DQA1*01:04-DQB1*05:06",3380,44,165,209
"HLA-DQA1*01:04-DQB1*05:09",3380,44,165,209
"HLA-DQA1*01:04-DQB1*05:11",3380,43,155,198
"HLA-DQA1*01:04-DQB1*05:12",3380,53,158,211
"HLA-DQA1*01:04-DQB1*06:01",3380,9,56,65
"HLA-DQA1*01:04-DQB1*06:02",3380,33,117,150
"HLA-DQA1*01:04-DQB1*06:03",3380,198,346,544
"HLA-DQA1*01:04-DQB1*06:04",3380,93,338,431
"HLA-DQA1*01:04-DQB1*06:07",3380,49,198,247
"HLA-DQA1*01:04-DQB1*06:08",3380,267,433,700
"HLA-DQA1*01:04-DQB1*06:09",3380,32,156,188
"HLA-DQA1*01:04-DQB1*06:10",3380,53,211,264
"HLA-DQA1*01:04-DQB1*06:11",3380,59,184,243
"HLA-DQA1*01:04-DQB1*06:12",3380,97,264,361
"HLA-DQA1*01:04-DQB1*06:14",3380,178,367,545
"HLA-DQA1*01:04-DQB1*06:15",3380,10,51,61
"HLA-DQA1*01:04-DQB1*06:16",3380,33,117,150
"HLA-DQA1*01:04-DQB1*06:18",3380,30,132,162
"HLA-DQA1*01:04-DQB1*06:21",3380,181,400,581
"HLA-DQA1*01:04-DQB1*06:22",3380,23,116,139
"HLA-DQA1*01:04-DQB1*06:23",3380,74,173,247
"HLA-DQA1*01:04-DQB1*06:27",3380,122,391,513
"HLA-DQA1*01:04-DQB1*06:28",3380,198,346,544
"HLA-DQA1*01:04-DQB1*06:29",3380,44,198,242
"HLA-DQA1*01:04-DQB1*06:31",3380,198,346,544
"HLA-DQA1*01:04-DQB1*06:32",3380,71,262,333
"HLA-DQA1*01:04-DQB1*06:33",3380,29,120,149
"HLA-DQA1*01:04-DQB1*06:40",3380,198,346,544
"HLA-DQA1*01:05-DQB1*02:01",3380,10,82,92
"HLA-DQA1*01:05-DQB1*02:03",3380,15,135,150
"HLA-DQA1*01:05-DQB1*02:05",3380,91,263,354
"HLA-DQA1*01:05-DQB1*03:01",3380,114,259,373
"HLA-DQA1*01:05-DQB1*03:02",3380,14,89,103
"HLA-DQA1*01:05-DQB1*03:03",3380,58,154,212
"HLA-DQA1*01:05-DQB1*03:04",3380,83,170,253
"HLA-DQA1*01:05-DQB1*03:05",3380,31,154,185
"HLA-DQA1*01:05-DQB1*03:06",3380,537,570,1107
"HLA-DQA1*01:05-DQB1*03:08",3380,52,196,248
"HLA-DQA1*01:05-DQB1*03:10",3380,114,259,373
"HLA-DQA1*01:05-DQB1*03:11",3380,14,89,103
"HLA-DQA1*01:05-DQB1*03:12",3380,103,236,339
"HLA-DQA1*01:05-DQB1*03:13",3380,115,289,404
"HLA-DQA1*01:05-DQB1*03:14",3380,83,170,253
"HLA-DQA1*01:05-DQB1*03:16",3380,114,259,373
"HLA-DQA1*01:05-DQB1*03:17",3380,75,193,268
"HLA-DQA1*01:05-DQB1*03:18",3380,14,89,103
"HLA-DQA1*01:05-DQB1*03:20",3380,58,154,212
"HLA-DQA1*01:05-DQB1*03:25",3380,537,570,1107
"HLA-DQA1*01:05-DQB1*03:26",3380,58,154,212
"HLA-DQA1*01:05-DQB1*03:30",3380,43,105,148
"HLA-DQA1*01:05-DQB1*03:36",3380,114,259,373
"HLA-DQA1*01:05-DQB1*03:37",3380,14,89,103
"HLA-DQA1*01:05-DQB1*04:01",3380,332,496,828
"HLA-DQA1*01:05-DQB1*04:02",3380,332,496,828
"HLA-DQA1*01:05-DQB1*04:03",3380,360,501,861
"HLA-DQA1*01:05-DQB1*04:04",3380,484,513,997
"HLA-DQA1*01:05-DQB1*05:01",3380,43,155,198
"HLA-DQA1*01:05-DQB1*05:02",3380,48,185,233
"HLA-DQA1*01:05-DQB1*05:03",3380,44,165,209
"HLA-DQA1*01:05-DQB1*05:05",3380,48,185,233
"HLA-DQA1*01:05-DQB1*05:06",3380,44,165,209
"HLA-DQA1*01:05-DQB1*05:09",3380,44,165,209
"HLA-DQA1*01:05-DQB1*05:11",3380,43,155,198
"HLA-DQA1*01:05-DQB1*05:12",3380,53,158,211
"HLA-DQA1*01:05-DQB1*06:01",3380,9,56,65
"HLA-DQA1*01:05-DQB1*06:02",3380,33,117,150
"HLA-DQA1*01:05-DQB1*06:03",3380,198,346,544
"HLA-DQA1*01:05-DQB1*06:04",3380,93,338,431
"HLA-DQA1*01:05-DQB1*06:07",3380,49,198,247
"HLA-DQA1*01:05-DQB1*06:08",3380,267,433,700
"HLA-DQA1*01:05-DQB1*06:09",3380,32,156,188
"HLA-DQA1*01:05-DQB1*06:10",3380,53,211,264
"HLA-DQA1*01:05-DQB1*06:11",3380,59,184,243
"HLA-DQA1*01:05-DQB1*06:12",3380,97,264,361
"HLA-DQA1*01:05-DQB1*06:14",3380,178,367,545
"HLA-DQA1*01:05-DQB1*06:15",3380,10,51,61
"HLA-DQA1*01:05-DQB1*06:16",3380,33,117,150
"HLA-DQA1*01:05-DQB1*06:18",3380,30,132,162
"HLA-DQA1*01:05-DQB1*06:21",3380,181,400,581
"HLA-DQA1*01:05-DQB1*06:22",3380,23,116,139
"HLA-DQA1*01:05-DQB1*06:23",3380,74,173,247
"HLA-DQA1*01:05-DQB1*06:27",3380,122,391,513
"HLA-DQA1*01:05-DQB1*06:28",3380,198,346,544
"HLA-DQA1*01:05-DQB1*06:29",3380,44,198,242
"HLA-DQA1*01:05-DQB1*06:31",3380,198,346,544
"HLA-DQA1*01:05-DQB1*06:32",3380,71,262,333
"HLA-DQA1*01:05-DQB1*06:33",3380,29,120,149
"HLA-DQA1*01:05-DQB1*06:40",3380,198,346,544
"HLA-DQA1*02:01-DQB1*02:01",3380,34,173,207
"HLA-DQA1*02:01-DQB1*02:03",3380,43,172,215
"HLA-DQA1*02:01-DQB1*02:05",3380,170,390,560
"HLA-DQA1*02:01-DQB1*03:01",3380,32,123,155
"HLA-DQA1*02:01-DQB1*03:02",3380,57,181,238
"HLA-DQA1*02:01-DQB1*03:03",3380,47,127,174
"HLA-DQA1*02:01-DQB1*03:04",3380,39,127,166
"HLA-DQA1*02:01-DQB1*03:05",3380,32,143,175
"HLA-DQA1*02:01-DQB1*03:06",3380,217,409,626
"HLA-DQA1*02:01-DQB1*03:08",3380,120,272,392
"HLA-DQA1*02:01-DQB1*03:10",3380,32,123,155
"HLA-DQA1*02:01-DQB1*03:11",3380,57,181,238
"HLA-DQA1*02:01-DQB1*03:12",3380,53,149,202
"HLA-DQA1*02:01-DQB1*03:13",3380,43,121,164
"HLA-DQA1*02:01-DQB1*03:14",3380,39,127,166
"HLA-DQA1*02:01-DQB1*03:16",3380,32,123,155
"HLA-DQA1*02:01-DQB1*03:17",3380,42,92,134
"HLA-DQA1*02:01-DQB1*03:18",3380,57,181,238
"HLA-DQA1*02:01-DQB1*03:20",3380,47,127,174
"HLA-DQA1*02:01-DQB1*03:25",3380,217,409,626
"HLA-DQA1*02:01-DQB1*03:26",3380,47,127,174
"HLA-DQA1*02:01-DQB1*03:30",3380,28,91,119
"HLA-DQA1*02:01-DQB1*03:36",3380,32,123,155
"HLA-DQA1*02:01-DQB1*03:37",3380,57,181,238
"HLA-DQA1*02:01-DQB1*04:01",3380,71,169,240
"HLA-DQA1*02:01-DQB1*04:02",3380,71,169,240
"HLA-DQA1*02:01-DQB1*04:03",3380,125,286,411
"HLA-DQA1*02:01-DQB1*04:04",3380,117,254,371
"HLA-DQA1*02:01-DQB1*05:01",3380,26,139,165
"HLA-DQA1*02:01-DQB1*05:02",3380,5,93,98
"HLA-DQA1*02:01-DQB1*05:03",3380,11,82,93
"HLA-DQA1*02:01-DQB1*05:05",3380,5,93,98
"HLA-DQA1*02:01-DQB1*05:06",3380,11,82,93
"HLA-DQA1*02:01-DQB1*05:09",3380,11,82,93
"HLA-DQA1*02:01-DQB1*05:11",3380,26,139,165
"HLA-DQA1*02:01-DQB1*05:12",3380,46,154,200
"HLA-DQA1*02:01-DQB1*06:01",3380,14,63,77
"HLA-DQA1*02:01-DQB1*06:02",3380,16,69,85
"HLA-DQA1*02:01-DQB1*06:03",3380,83,255,338
"HLA-DQA1*02:01-DQB1*06:04",3380,27,127,154
"HLA-DQA1*02:01-DQB1*06:07",3380,16,85,101
"HLA-DQA1*02:01-DQB1*06:08",3380,173,382,555
"HLA-DQA1*02:01-DQB1*06:09",3380,5,38,43
"HLA-DQA1*02:01-DQB1*06:10",3380,13,53,66
"HLA-DQA1*02:01-DQB1*06:11",3380,29,75,104
"HLA-DQA1*02:01-DQB1*06:12",3380,21,119,140
"HLA-DQA1*02:01-DQB1*06:14",3380,76,222,298
"HLA-DQA1*02:01-DQB1*06:15",3380,3,29,32
"HLA-DQA1*02:01-DQB1*06:16",3380,16,69,85
"HLA-DQA1*02:01-DQB1*06:18",3380,8,47,55
"HLA-DQA1*02:01-DQB1*06:21",3380,105,269,374
"HLA-DQA1*02:01-DQB1*06:22",3380,3,25,28
"HLA-DQA1*02:01-DQB1*06:23",3380,17,88,105
"HLA-DQA1*02:01-DQB1*06:27",3380,55,184,239
"HLA-DQA1*02:01-DQB1*06:28",3380,83,255,338
"HLA-DQA1*02:01-DQB1*06:29",3380,10,61,71
"HLA-DQA1*02:01-DQB1*06:31",3380,83,255,338
"HLA-DQA1*02:01-DQB1*06:32",3380,36,96,132
"HLA-DQA1*02:01-DQB1*06:33",3380,19,67,86
"HLA-DQA1*02:01-DQB1*06:40",3380,83,255,338
"HLA-DQA1*03:01-DQB1*02:01",3380,32,135,167
"HLA-DQA1*03:01-DQB1*02:03",3380,36,180,216
"HLA-DQA1*03:01-DQB1*02:05",3380,145,332,477
"HLA-DQA1*03:01-DQB1*03:01",3380,33,105,138
"HLA-DQA1*03:01-DQB1*03:02",3380,29,131,160
"HLA-DQA1*03:01-DQB1*03:03",3380,50,139,189
"HLA-DQA1*03:01-DQB1*03:04",3380,36,106,142
"HLA-DQA1*03:01-DQB1*03:05",3380,11,93,104
"HLA-DQA1*03:01-DQB1*03:06",3380,297,490,787
"HLA-DQA1*03:01-DQB1*03:08",3380,49,177,226
"HLA-DQA1*03:01-DQB1*03:10",3380,33,105,138
"HLA-DQA1*03:01-DQB1*03:11",3380,29,131,160
"HLA-DQA1*03:01-DQB1*03:12",3380,58,150,208
"HLA-DQA1*03:01-DQB1*03:13",3380,33,117,150
"HLA-DQA1*03:01-DQB1*03:14",3380,36,106,142
"HLA-DQA1*03:01-DQB1*03:16",3380,33,105,138
"HLA-DQA1*03:01-DQB1*03:17",3380,23,97,120
"HLA-DQA1*03:01-DQB1*03:18",3380,29,131,160
"HLA-DQA1*03:01-DQB1*03:20",3380,50,139,189
"HLA-DQA1*03:01-DQB1*03:25",3380,297,490,787
"HLA-DQA1*03:01-DQB1*03:26",3380,50,139,189
"HLA-DQA1*03:01-DQB1*03:30",3380,31,97,128
"HLA-DQA1*03:01-DQB1*03:36",3380,33,105,138
"HLA-DQA1*03:01-DQB1*03:37",3380,29,131,160
"HLA-DQA1*03:01-DQB1*04:01",3380,88,190,278
"HLA-DQA1*03:01-DQB1*04:02",3380,88,190,278
"HLA-DQA1*03:01-DQB1*04:03",3380,167,344,511
"HLA-DQA1*03:01-DQB1*04:04",3380,133,248,381
"HLA-DQA1*03:01-DQB1*05:01",3380,0,60,60
"HLA-DQA1*03:01-DQB1*05:02",3380,8,66,74
"HLA-DQA1*03:01-DQB1*05:03",3380,6,35,41
"HLA-DQA1*03:01-DQB1*05:05",3380,8,66,74
"HLA-DQA1*03:01-DQB1*05:06",3380,6,35,41
"HLA-DQA1*03:01-DQB1*05:09",3380,6,35,41
"HLA-DQA1*03:01-DQB1*05:11",3380,0,60,60
"HLA-DQA1*03:01-DQB1*05:12",3380,3,90,93
"HLA-DQA1*03:01-DQB1*06:01",3380,4,38,42
"HLA-DQA1*03:01-DQB1*06:02",3380,5,55,60
"HLA-DQA1*03:01-DQB1*06:03",3380,63,226,289
"HLA-DQA1*03:01-DQB1*06:04",3380,12,82,94
"HLA-DQA1*03:01-DQB1*06:07",3380,5,64,69
"HLA-DQA1*03:01-DQB1*06:08",3380,122,333,455
"HLA-DQA1*03:01-DQB1*06:09",3380,1,33,34
"HLA-DQA1*03:01-DQB1*06:10",3380,8,41,49
"HLA-DQA1*03:01-DQB1*06:11",3380,19,79,98
"HLA-DQA1*03:01-DQB1*06:12",3380,9,95,104
"HLA-DQA1*03:01-DQB1*06:14",3380,64,251,315
"HLA-DQA1*03:01-DQB1*06:15",3380,4,15,19
"HLA-DQA1*03:01-DQB1*06:16",3380,5,55,60
"HLA-DQA1*03:01-DQB1*06:18",3380,3,49,52
"HLA-DQA1*03:01-DQB1*06:21",3380,49,215,264
"HLA-DQA1*03:01-DQB1*06:22",3380,1,26,27
"HLA-DQA1*03:01-DQB1*06:23",3380,10,62,72
"HLA-DQA1*03:01-DQB1*06:27",3380,38,153,191
"HLA-DQA1*03:01-DQB1*06:28",3380,63,226,289
"HLA-DQA1*03:01-DQB1*06:29",3380,8,50,58
"HLA-DQA1*03:01-DQB1*06:31",3380,63,226,289
"HLA-DQA1*03:01-DQB1*06:32",3380,18,105,123
"HLA-DQA1*03:01-DQB1*06:33",3380,7,53,60
"HLA-DQA1*03:01-DQB1*06:40",3380,63,226,289
"HLA-DQA1*03:02-DQB1*02:01",3380,32,135,167
"HLA-DQA1*03:02-DQB1*02:03",3380,36,180,216
"HLA-DQA1*03:02-DQB1*02:05",3380,145,332,477
"HLA-DQA1*03:02-DQB1*03:01",3380,33,105,138
"HLA-DQA1*03:02-DQB1*03:02",3380,29,131,160
"HLA-DQA1*03:02-DQB1*03:03",3380,50,139,189
"HLA-DQA1*03:02-DQB1*03:04",3380,36,106,142
"HLA-DQA1*03:02-DQB1*03:05",3380,11,93,104
"HLA-DQA1*03:02-DQB1*03:06",3380,297,490,787
"HLA-DQA1*03:02-DQB1*03:08",3380,49,177,226
"HLA-DQA1*03:02-DQB1*03:10",3380,33,105,138
"HLA-DQA1*03:02-DQB1*03:11",3380,29,131,160
"HLA-DQA1*03:02-DQB1*03:12",3380,58,150,208
"HLA-DQA1*03:02-DQB1*03:13",3380,33,117,150
"HLA-DQA1*03:02-DQB1*03:14",3380,36,106,142
"HLA-DQA1*03:02-DQB1*03:16",3380,33,105,138
"HLA-DQA1*03:02-DQB1*03:17",3380,23,97,120
"HLA-DQA1*03:02-DQB1*03:18",3380,29,131,160
"HLA-DQA1*03:02-DQB1*03:20",3380,50,139,189
"HLA-DQA1*03:02-DQB1*03:25",3380,297,490,787
"HLA-DQA1*03:02-DQB1*03:26",3380,50,139,189
"HLA-DQA1*03:02-DQB1*03:30",3380,31,97,128
"HLA-DQA1*03:02-DQB1*03:36",3380,33,105,138
"HLA-DQA1*03:02-DQB1*03:37",3380,29,131,160
"HLA-DQA1*03:02-DQB1*04:01",3380,88,190,278
"HLA-DQA1*03:02-DQB1*04:02",3380,88,190,278
"HLA-DQA1*03:02-DQB1*04:03",3380,167,344,511
"HLA-DQA1*03:02-DQB1*04:04",3380,133,248,381
"HLA-DQA1*03:02-DQB1*05:01",3380,0,60,60
"HLA-DQA1*03:02-DQB1*05:02",3380,8,66,74
"HLA-DQA1*03:02-DQB1*05:03",3380,6,35,41
"HLA-DQA1*03:02-DQB1*05:05",3380,8,66,74
"HLA-DQA1*03:02-DQB1*05:06",3380,6,35,41
"HLA-DQA1*03:02-DQB1*05:09",3380,6,35,41
"HLA-DQA1*03:02-DQB1*05:11",3380,0,60,60
"HLA-DQA1*03:02-DQB1*05:12",3380,3,90,93
"HLA-DQA1*03:02-DQB1*06:01",3380,4,38,42
"HLA-DQA1*03:02-DQB1*06:02",3380,5,55,60
"HLA-DQA1*03:02-DQB1*06:03",3380,63,226,289
"HLA-DQA1*03:02-DQB1*06:04",3380,12,82,94
"HLA-DQA1*03:02-DQB1*06:07",3380,5,64,69
"HLA-DQA1*03:02-DQB1*06:08",3380,122,333,455
"HLA-DQA1*03:02-DQB1*06:09",3380,1,33,34
"HLA-DQA1*03:02-DQB1*06:10",3380,8,41,49
"HLA-DQA1*03:02-DQB1*06:11",3380,19,79,98
"HLA-DQA1*03:02-DQB1*06:12",3380,9,95,104
"HLA-DQA1*03:02-DQB1*06:14",3380,64,251,315
"HLA-DQA1*03:02-DQB1*06:15",3380,4,15,19
"HLA-DQA1*03:02-DQB1*06:16",3380,5,55,60
"HLA-DQA1*03:02-DQB1*06:18",3380,3,49,52
"HLA-DQA1*03:02-DQB1*06:21",3380,49,215,264
"HLA-DQA1*03:02-DQB1*06:22",3380,1,26,27
"HLA-DQA1*03:02-DQB1*06:23",3380,10,62,72
"HLA-DQA1*03:02-DQB1*06:27",3380,38,153,191
"HLA-DQA1*03:02-DQB1*06:28",3380,63,226,289
"HLA-DQA1*03:02-DQB1*06:29",3380,8,50,58
"HLA-DQA1*03:02-DQB1*06:31",3380,63,226,289
"HLA-DQA1*03:02-DQB1*06:32",3380,18,105,123
"HLA-DQA1*03:02-DQB1*06:33",3380,7,53,60
"HLA-DQA1*03:02-DQB1*06:40",3380,63,226,289
"HLA-DQA1*03:03-DQB1*02:01",3380,32,135,167
"HLA-DQA1*03:03-DQB1*02:03",3380,36,180,216
"HLA-DQA1*03:03-DQB1*02:05",3380,145,332,477
"HLA-DQA1*03:03-DQB1*03:01",3380,33,105,138
"HLA-DQA1*03:03-DQB1*03:02",3380,29,131,160
"HLA-DQA1*03:03-DQB1*03:03",3380,50,139,189
"HLA-DQA1*03:03-DQB1*03:04",3380,36,106,142
"HLA-DQA1*03:03-DQB1*03:05",3380,11,93,104
"HLA-DQA1*03:03-DQB1*03:06",3380,297,490,787
"HLA-DQA1*03:03-DQB1*03:08",3380,49,177,226
"HLA-DQA1*03:03-DQB1*03:10",3380,33,105,138
"HLA-DQA1*03:03-DQB1*03:11",3380,29,131,160
"HLA-DQA1*03:03-DQB1*03:12",3380,58,150,208
"HLA-DQA1*03:03-DQB1*03:13",3380,33,117,150
"HLA-DQA1*03:03-DQB1*03:14",3380,36,106,142
"HLA-DQA1*03:03-DQB1*03:16",3380,33,105,138
"HLA-DQA1*03:03-DQB1*03:17",3380,23,97,120
"HLA-DQA1*03:03-DQB1*03:18",3380,29,131,160
"HLA-DQA1*03:03-DQB1*03:20",3380,50,139,189
"HLA-DQA1*03:03-DQB1*03:25",3380,297,490,787
"HLA-DQA1*03:03-DQB1*03:26",3380,50,139,189
"HLA-DQA1*03:03-DQB1*03:30",3380,31,97,128
"HLA-DQA1*03:03-DQB1*03:36",3380,33,105,138
"HLA-DQA1*03:03-DQB1*03:37",3380,29,131,160
"HLA-DQA1*03:03-DQB1*04:01",3380,88,190,278
"HLA-DQA1*03:03-DQB1*04:02",3380,88,190,278
"HLA-DQA1*03:03-DQB1*04:03",3380,167,344,511
"HLA-DQA1*03:03-DQB1*04:04",3380,133,248,381
"HLA-DQA1*03:03-DQB1*05:01",3380,0,60,60
"HLA-DQA1*03:03-DQB1*05:02",3380,8,66,74
"HLA-DQA1*03:03-DQB1*05:03",3380,6,35,41
"HLA-DQA1*03:03-DQB1*05:05",3380,8,66,74
"HLA-DQA1*03:03-DQB1*05:06",3380,6,35,41
"HLA-DQA1*03:03-DQB1*05:09",3380,6,35,41
"HLA-DQA1*03:03-DQB1*05:11",3380,0,60,60
"HLA-DQA1*03:03-DQB1*05:12",3380,3,90,93
"HLA-DQA1*03:03-DQB1*06:01",3380,4,38,42
"HLA-DQA1*03:03-DQB1*06:02",3380,5,55,60
"HLA-DQA1*03:03-DQB1*06:03",3380,63,226,289
"HLA-DQA1*03:03-DQB1*06:04",3380,12,82,94
"HLA-DQA1*03:03-DQB1*06:07",3380,5,64,69
"HLA-DQA1*03:03-DQB1*06:08",3380,122,333,455
"HLA-DQA1*03:03-DQB1*06:09",3380,1,33,34
"HLA-DQA1*03:03-DQB1*06:10",3380,8,41,49
"HLA-DQA1*03:03-DQB1*06:11",3380,19,79,98
"HLA-DQA1*03:03-DQB1*06:12",3380,9,95,104
"HLA-DQA1*03:03-DQB1*06:14",3380,64,251,315
"HLA-DQA1*03:03-DQB1*06:15",3380,4,15,19
"HLA-DQA1*03:03-DQB1*06:16",3380,5,55,60
"HLA-DQA1*03:03-DQB1*06:18",3380,3,49,52
"HLA-DQA1*03:03-DQB1*06:21",3380,49,215,264
"HLA-DQA1*03:03-DQB1*06:22",3380,1,26,27
"HLA-DQA1*03:03-DQB1*06:23",3380,10,62,72
"HLA-DQA1*03:03-DQB1*06:27",3380,38,153,191
"HLA-DQA1*03:03-DQB1*06:28",3380,63,226,289
"HLA-DQA1*03:03-DQB1*06:29",3380,8,50,58
"HLA-DQA1*03:03-DQB1*06:31",3380,63,226,289
"HLA-DQA1*03:03-DQB1*06:32",3380,18,105,123
"HLA-DQA1*03:03-DQB1*06:33",3380,7,53,60
"HLA-DQA1*03:03-DQB1*06:40",3380,63,226,289
"HLA-DQA1*04:01-DQB1*02:01",3380,576,523,1099
"HLA-DQA1*04:01-DQB1*02:03",3380,483,649,1132
"HLA-DQA1*04:01-DQB1*02:05",3380,952,677,1629
"HLA-DQA1*04:01-DQB1*03:01",3380,265,402,667
"HLA-DQA1*04:01-DQB1*03:02",3380,345,652,997
"HLA-DQA1*04:01-DQB1*03:03",3380,506,561,1067
"HLA-DQA1*04:01-DQB1*03:04",3380,220,370,590
"HLA-DQA1*04:01-DQB1*03:05",3380,245,500,745
"HLA-DQA1*04:01-DQB1*03:06",3380,1162,781,1943
"HLA-DQA1*04:01-DQB1*03:08",3380,332,526,858
"HLA-DQA1*04:01-DQB1*03:10",3380,265,402,667
"HLA-DQA1*04:01-DQB1*03:11",3380,345,652,997
"HLA-DQA1*04:01-DQB1*03:12",3380,445,544,989
"HLA-DQA1*04:01-DQB1*03:13",3380,273,456,729
"HLA-DQA1*04:01-DQB1*03:14",3380,220,370,590
"HLA-DQA1*04:01-DQB1*03:16",3380,265,402,667
"HLA-DQA1*04:01-DQB1*03:17",3380,339,474,813
"HLA-DQA1*04:01-DQB1*03:18",3380,345,652,997
"HLA-DQA1*04:01-DQB1*03:20",3380,506,561,1067
"HLA-DQA1*04:01-DQB1*03:25",3380,1162,781,1943
"HLA-DQA1*04:01-DQB1*03:26",3380,506,561,1067
"HLA-DQA1*04:01-DQB1*03:30",3380,407,534,941
"HLA-DQA1*04:01-DQB1*03:36",3380,265,402,667
"HLA-DQA1*04:01-DQB1*03:37",3380,345,652,997
"HLA-DQA1*04:01-DQB1*04:01",3380,749,577,1326
"HLA-DQA1*04:01-DQB1*04:02",3380,749,577,1326
"HLA-DQA1*04:01-DQB1*04:03",3380,1099,728,1827
"HLA-DQA1*04:01-DQB1*04:04",3380,794,608,1402
"HLA-DQA1*04:01-DQB1*05:01",3380,43,149,192
"HLA-DQA1*04:01-DQB1*05:02",3380,18,103,121
"HLA-DQA1*04:01-DQB1*05:03",3380,17,69,86
"HLA-DQA1*04:01-DQB1*05:05",3380,18,103,121
"HLA-DQA1*04:01-DQB1*05:06",3380,17,69,86
"HLA-DQA1*04:01-DQB1*05:09",3380,17,69,86
"HLA-DQA1*04:01-DQB1*05:11",3380,43,149,192
"HLA-DQA1*04:01-DQB1*05:12",3380,57,159,216
"HLA-DQA1*04:01-DQB1*06:01",3380,54,150,204
"HLA-DQA1*04:01-DQB1*06:02",3380,58,158,216
"HLA-DQA1*04:01-DQB1*06:03",3380,201,379,580
"HLA-DQA1*04:01-DQB1*06:04",3380,244,420,664
"HLA-DQA1*04:01-DQB1*06:07",3380,120,268,388
"HLA-DQA1*04:01-DQB1*06:08",3380,334,491,825
"HLA-DQA1*04:01-DQB1*06:09",3380,132,290,422
"HLA-DQA1*04:01-DQB1*06:10",3380,151,311,462
"HLA-DQA1*04:01-DQB1*06:11",3380,75,184,259
"HLA-DQA1*04:01-DQB1*06:12",3380,144,330,474
"HLA-DQA1*04:01-DQB1*06:14",3380,187,434,621
"HLA-DQA1*04:01-DQB1*06:15",3380,55,141,196
"HLA-DQA1*04:01-DQB1*06:16",3380,58,158,216
"HLA-DQA1*04:01-DQB1*06:18",3380,115,299,414
"HLA-DQA1*04:01-DQB1*06:21",3380,247,431,678
"HLA-DQA1*04:01-DQB1*06:22",3380,94,231,325
"HLA-DQA1*04:01-DQB1*06:23",3380,51,126,177
"HLA-DQA1*04:01-DQB1*06:27",3380,272,494,766
"HLA-DQA1*04:01-DQB1*06:28",3380,201,379,580
"HLA-DQA1*04:01-DQB1*06:29",3380,67,191,258
"HLA-DQA1*04:01-DQB1*06:31",3380,201,379,580
"HLA-DQA1*04:01-DQB1*06:32",3380,184,383,567
"HLA-DQA1*04:01-DQB1*06:33",3380,54,138,192
"HLA-DQA1*04:01-DQB1*06:40",3380,201,379,580
"HLA-DQA1*05:01-DQB1*02:01",3380,30,147,177
"HLA-DQA1*05:01-DQB1*02:03",3380,52,167,219
"HLA-DQA1*05:01-DQB1*02:05",3380,101,322,423
"HLA-DQA1*05:01-DQB1*03:01",3380,30,111,141
"HLA-DQA1*05:01-DQB1*03:02",3380,32,138,170
"HLA-DQA1*05:01-DQB1*03:03",3380,37,136,173
"HLA-DQA1*05:01-DQB1*03:04",3380,36,103,139
"HLA-DQA1*05:01-DQB1*03:05",3380,28,106,134
"HLA-DQA1*05:01-DQB1*03:06",3380,185,372,557
"HLA-DQA1*05:01-DQB1*03:08",3380,81,218,299
"HLA-DQA1*05:01-DQB1*03:10",3380,30,111,141
"HLA-DQA1*05:01-DQB1*03:11",3380,32,138,170
"HLA-DQA1*05:01-DQB1*03:12",3380,42,153,195
"HLA-DQA1*05:01-DQB1*03:13",3380,37,107,144
"HLA-DQA1*05:01-DQB1*03:14",3380,36,103,139
"HLA-DQA1*05:01-DQB1*03:16",3380,30,111,141
"HLA-DQA1*05:01-DQB1*03:17",3380,37,101,138
"HLA-DQA1*05:01-DQB1*03:18",3380,32,138,170
"HLA-DQA1*05:01-DQB1*03:20",3380,37,136,173
"HLA-DQA1*05:01-DQB1*03:25",3380,185,372,557
"HLA-DQA1*05:01-DQB1*03:26",3380,37,136,173
"HLA-DQA1*05:01-DQB1*03:30",3380,20,89,109
"HLA-DQA1*05:01-DQB1*03:36",3380,30,111,141
"HLA-DQA1*05:01-DQB1*03:37",3380,32,138,170
"HLA-DQA1*05:01-DQB1*04:01",3380,82,181,263
"HLA-DQA1*05:01-DQB1*04:02",3380,82,181,263
"HLA-DQA1*05:01-DQB1*04:03",3380,100,250,350
"HLA-DQA1*05:01-DQB1*04:04",3380,136,268,404
"HLA-DQA1*05:01-DQB1*05:01",3380,51,199,250
"HLA-DQA1*05:01-DQB1*05:02",3380,19,122,141
"HLA-DQA1*05:01-DQB1*05:03",3380,17,110,127
"HLA-DQA1*05:01-DQB1*05:05",3380,19,122,141
"HLA-DQA1*05:01-DQB1*05:06",3380,17,110,127
"HLA-DQA1*05:01-DQB1*05:09",3380,17,110,127
"HLA-DQA1*05:01-DQB1*05:11",3380,51,199,250
"HLA-DQA1*05:01-DQB1*05:12",3380,67,224,291
"HLA-DQA1*05:01-DQB1*06:01",3380,16,64,80
"HLA-DQA1*05:01-DQB1*06:02",3380,31,95,126
"HLA-DQA1*05:01-DQB1*06:03",3380,104,337,441
"HLA-DQA1*05:01-DQB1*06:04",3380,29,142,171
"HLA-DQA1*05:01-DQB1*06:07",3380,24,99,123
"HLA-DQA1*05:01-DQB1*06:08",3380,191,415,606
"HLA-DQA1*05:01-DQB1*06:09",3380,10,63,73
"HLA-DQA1*05:01-DQB1*06:10",3380,17,78,95
"HLA-DQA1*05:01-DQB1*06:11",3380,42,119,161
"HLA-DQA1*05:01-DQB1*06:12",3380,38,212,250
"HLA-DQA1*05:01-DQB1*06:14",3380,106,328,434
"HLA-DQA1*05:01-DQB1*06:15",3380,5,40,45
"HLA-DQA1*05:01-DQB1*06:16",3380,31,95,126
"HLA-DQA1*05:01-DQB1*06:18",3380,11,56,67
"HLA-DQA1*05:01-DQB1*06:21",3380,141,348,489
"HLA-DQA1*05:01-DQB1*06:22",3380,10,38,48
"HLA-DQA1*05:01-DQB1*06:23",3380,26,131,157
"HLA-DQA1*05:01-DQB1*06:27",3380,45,186,231
"HLA-DQA1*05:01-DQB1*06:28",3380,104,337,441
"HLA-DQA1*05:01-DQB1*06:29",3380,19,89,108
"HLA-DQA1*05:01-DQB1*06:31",3380,104,337,441
"HLA-DQA1*05:01-DQB1*06:32",3380,45,118,163
"HLA-DQA1*05:01-DQB1*06:33",3380,33,100,133
"HLA-DQA1*05:01-DQB1*06:40",3380,104,337,441
"HLA-DQA1*05:03-DQB1*02:01",3380,30,147,177
"HLA-DQA1*05:03-DQB1*02:03",3380,52,167,219
"HLA-DQA1*05:03-DQB1*02:05",3380,101,322,423
"HLA-DQA1*05:03-DQB1*03:01",3380,30,111,141
"HLA-DQA1*05:03-DQB1*03:02",3380,32,138,170
"HLA-DQA1*05:03-DQB1*03:03",3380,37,136,173
"HLA-DQA1*05:03-DQB1*03:04",3380,36,103,139
"HLA-DQA1*05:03-DQB1*03:05",3380,28,106,134
"HLA-DQA1*05:03-DQB1*03:06",3380,185,372,557
"HLA-DQA1*05:03-DQB1*03:08",3380,81,218,299
"HLA-DQA1*05:03-DQB1*03:10",3380,30,111,141
"HLA-DQA1*05:03-DQB1*03:11",3380,32,138,170
"HLA-DQA1*05:03-DQB1*03:12",3380,42,153,195
"HLA-DQA1*05:03-DQB1*03:13",3380,37,107,144
"HLA-DQA1*05:03-DQB1*03:14",3380,36,103,139
"HLA-DQA1*05:03-DQB1*03:16",3380,30,111,141
"HLA-DQA1*05:03-DQB1*03:17",3380,37,101,138
"HLA-DQA1*05:03-DQB1*03:18",3380,32,138,170
"HLA-DQA1*05:03-DQB1*03:20",3380,37,136,173
"HLA-DQA1*05:03-DQB1*03:25",3380,185,372,557
"HLA-DQA1*05:03-DQB1*03:26",3380,37,136,173
"HLA-DQA1*05:03-DQB1*03:30",3380,20,89,109
"HLA-DQA1*05:03-DQB1*03:36",3380,30,111,141
"HLA-DQA1*05:03-DQB1*03:37",3380,32,138,170
"HLA-DQA1*05:03-DQB1*04:01",3380,82,181,263
"HLA-DQA1*05:03-DQB1*04:02",3380,82,181,263
"HLA-DQA1*05:03-DQB1*04:03",3380,100,250,350
"HLA-DQA1*05:03-DQB1*04:04",3380,136,268,404
"HLA-DQA1*05:03-DQB1*05:01",3380,51,199,250
"HLA-DQA1*05:03-DQB1*05:02",3380,19,122,141
"HLA-DQA1*05:03-DQB1*05:03",3380,17,110,127
"HLA-DQA1*05:03-DQB1*05:05",3380,19,122,141
"HLA-DQA1*05:03-DQB1*05:06",3380,17,110,127
"HLA-DQA1*05:03-DQB1*05:09",3380,17,110,127
"HLA-DQA1*05:03-DQB1*05:11",3380,51,199,250
"HLA-DQA1*05:03-DQB1*05:12",3380,67,224,291
"HLA-DQA1*05:03-DQB1*06:01",3380,16,64,80
"HLA-DQA1*05:03-DQB1*06:02",3380,31,95,126
"HLA-DQA1*05:03-DQB1*06:03",3380,104,337,441
"HLA-DQA1*05:03-DQB1*06:04",3380,29,142,171
"HLA-DQA1*05:03-DQB1*06:07",3380,24,99,123
"HLA-DQA1*05:03-DQB1*06:08",3380,191,415,606
"HLA-DQA1*05:03-DQB1*06:09",3380,10,63,73
"HLA-DQA1*05:03-DQB1*06:10",3380,17,78,95
"HLA-DQA1*05:03-DQB1*06:11",3380,42,119,161
"HLA-DQA1*05:03-DQB1*06:12",3380,38,212,250
"HLA-DQA1*05:03-DQB1*06:14",3380,106,328,434
"HLA-DQA1*05:03-DQB1*06:15",3380,5,40,45
"HLA-DQA1*05:03-DQB1*06:16",3380,31,95,126
"HLA-DQA1*05:03-DQB1*06:18",3380,11,56,67
"HLA-DQA1*05:03-DQB1*06:21",3380,141,348,489
"HLA-DQA1*05:03-DQB1*06:22",3380,10,38,48
"HLA-DQA1*05:03-DQB1*06:23",3380,26,131,157
"HLA-DQA1*05:03-DQB1*06:27",3380,45,186,231
"HLA-DQA1*05:03-DQB1*06:28",3380,104,337,441
"HLA-DQA1*05:03-DQB1*06:29",3380,19,89,108
"HLA-DQA1*05:03-DQB1*06:31",3380,104,337,441
"HLA-DQA1*05:03-DQB1*06:32",3380,45,118,163
"HLA-DQA1*05:03-DQB1*06:33",3380,33,100,133
"HLA-DQA1*05:03-DQB1*06:40",3380,104,337,441
"HLA-DQA1*05:05-DQB1*02:01",3380,30,147,177
"HLA-DQA1*05:05-DQB1*02:03",3380,52,167,219
"HLA-DQA1*05:05-DQB1*02:05",3380,101,322,423
"HLA-DQA1*05:05-DQB1*03:01",3380,30,111,141
"HLA-DQA1*05:05-DQB1*03:02",3380,32,138,170
"HLA-DQA1*05:05-DQB1*03:03",3380,37,136,173
"HLA-DQA1*05:05-DQB1*03:04",3380,36,103,139
"HLA-DQA1*05:05-DQB1*03:05",3380,28,106,134
"HLA-DQA1*05:05-DQB1*03:06",3380,185,372,557
"HLA-DQA1*05:05-DQB1*03:08",3380,81,218,299
"HLA-DQA1*05:05-DQB1*03:10",3380,30,111,141
"HLA-DQA1*05:05-DQB1*03:11",3380,32,138,170
"HLA-DQA1*05:05-DQB1*03:12",3380,42,153,195
"HLA-DQA1*05:05-DQB1*03:13",3380,37,107,144
"HLA-DQA1*05:05-DQB1*03:14",3380,36,103,139
"HLA-DQA1*05:05-DQB1*03:16",3380,30,111,141
"HLA-DQA1*05:05-DQB1*03:17",3380,37,101,138
"HLA-DQA1*05:05-DQB1*03:18",3380,32,138,170
"HLA-DQA1*05:05-DQB1*03:20",3380,37,136,173
"HLA-DQA1*05:05-DQB1*03:25",3380,185,372,557
"HLA-DQA1*05:05-DQB1*03:26",3380,37,136,173
"HLA-DQA1*05:05-DQB1*03:30",3380,20,89,109
"HLA-DQA1*05:05-DQB1*03:36",3380,30,111,141
"HLA-DQA1*05:05-DQB1*03:37",3380,32,138,170
"HLA-DQA1*05:05-DQB1*04:01",3380,82,181,263
"HLA-DQA1*05:05-DQB1*04:02",3380,82,181,263
"HLA-DQA1*05:05-DQB1*04:03",3380,100,250,350
"HLA-DQA1*05:05-DQB1*04:04",3380,136,268,404
"HLA-DQA1*05:05-DQB1*05:01",3380,51,199,250
"HLA-DQA1*05:05-DQB1*05:02",3380,19,122,141
"HLA-DQA1*05:05-DQB1*05:03",3380,17,110,127
"HLA-DQA1*05:05-DQB1*05:05",3380,19,122,141
"HLA-DQA1*05:05-DQB1*05:06",3380,17,110,127
"HLA-DQA1*05:05-DQB1*05:09",3380,17,110,127
"HLA-DQA1*05:05-DQB1*05:11",3380,51,199,250
"HLA-DQA1*05:05-DQB1*05:12",3380,67,224,291
"HLA-DQA1*05:05-DQB1*06:01",3380,16,64,80
"HLA-DQA1*05:05-DQB1*06:02",3380,31,95,126
"HLA-DQA1*05:05-DQB1*06:03",3380,104,337,441
"HLA-DQA1*05:05-DQB1*06:04",3380,29,142,171
"HLA-DQA1*05:05-DQB1*06:07",3380,24,99,123
"HLA-DQA1*05:05-DQB1*06:08",3380,191,415,606
"HLA-DQA1*05:05-DQB1*06:09",3380,10,63,73
"HLA-DQA1*05:05-DQB1*06:10",3380,17,78,95
"HLA-DQA1*05:05-DQB1*06:11",3380,42,119,161
"HLA-DQA1*05:05-DQB1*06:12",3380,38,212,250
"HLA-DQA1*05:05-DQB1*06:14",3380,106,328,434
"HLA-DQA1*05:05-DQB1*06:15",3380,5,40,45
"HLA-DQA1*05:05-DQB1*06:16",3380,31,95,126
"HLA-DQA1*05:05-DQB1*06:18",3380,11,56,67
"HLA-DQA1*05:05-DQB1*06:21",3380,141,348,489
"HLA-DQA1*05:05-DQB1*06:22",3380,10,38,48
"HLA-DQA1*05:05-DQB1*06:23",3380,26,131,157
"HLA-DQA1*05:05-DQB1*06:27",3380,45,186,231
"HLA-DQA1*05:05-DQB1*06:28",3380,104,337,441
"HLA-DQA1*05:05-DQB1*06:29",3380,19,89,108
"HLA-DQA1*05:05-DQB1*06:31",3380,104,337,441
"HLA-DQA1*05:05-DQB1*06:32",3380,45,118,163
"HLA-DQA1*05:05-DQB1*06:33",3380,33,100,133
"HLA-DQA1*05:05-DQB1*06:40",3380,104,337,441
"HLA-DQA1*05:08-DQB1*02:01",3380,30,147,177
"HLA-DQA1*05:08-DQB1*02:03",3380,52,167,219
"HLA-DQA1*05:08-DQB1*02:05",3380,101,322,423
"HLA-DQA1*05:08-DQB1*03:01",3380,30,111,141
"HLA-DQA1*05:08-DQB1*03:02",3380,32,138,170
"HLA-DQA1*05:08-DQB1*03:03",3380,37,136,173
"HLA-DQA1*05:08-DQB1*03:04",3380,36,103,139
"HLA-DQA1*05:08-DQB1*03:05",3380,28,106,134
"HLA-DQA1*05:08-DQB1*03:06",3380,185,372,557
"HLA-DQA1*05:08-DQB1*03:08",3380,81,218,299
"HLA-DQA1*05:08-DQB1*03:10",3380,30,111,141
"HLA-DQA1*05:08-DQB1*03:11",3380,32,138,170
"HLA-DQA1*05:08-DQB1*03:12",3380,42,153,195
"HLA-DQA1*05:08-DQB1*03:13",3380,37,107,144
"HLA-DQA1*05:08-DQB1*03:14",3380,36,103,139
"HLA-DQA1*05:08-DQB1*03:16",3380,30,111,141
"HLA-DQA1*05:08-DQB1*03:17",3380,37,101,138
"HLA-DQA1*05:08-DQB1*03:18",3380,32,138,170
"HLA-DQA1*05:08-DQB1*03:20",3380,37,136,173
"HLA-DQA1*05:08-DQB1*03:25",3380,185,372,557
"HLA-DQA1*05:08-DQB1*03:26",3380,37,136,173
"HLA-DQA1*05:08-DQB1*03:30",3380,20,89,109
"HLA-DQA1*05:08-DQB1*03:36",3380,30,111,141
"HLA-DQA1*05:08-DQB1*03:37",3380,32,138,170
"HLA-DQA1*05:08-DQB1*04:01",3380,82,181,263
"HLA-DQA1*05:08-DQB1*04:02",3380,82,181,263
"HLA-DQA1*05:08-DQB1*04:03",3380,100,250,350
"HLA-DQA1*05:08-DQB1*04:04",3380,136,268,404
"HLA-DQA1*05:08-DQB1*05:01",3380,51,199,250
"HLA-DQA1*05:08-DQB1*05:02",3380,19,122,141
"HLA-DQA1*05:08-DQB1*05:03",3380,17,110,127
"HLA-DQA1*05:08-DQB1*05:05",3380,19,122,141
"HLA-DQA1*05:08-DQB1*05:06",3380,17,110,127
"HLA-DQA1*05:08-DQB1*05:09",3380,17,110,127
"HLA-DQA1*05:08-DQB1*05:11",3380,51,199,250
"HLA-DQA1*05:08-DQB1*05:12",3380,67,224,291
"HLA-DQA1*05:08-DQB1*06:01",3380,16,64,80
"HLA-DQA1*05:08-DQB1*06:02",3380,31,95,126
"HLA-DQA1*05:08-DQB1*06:03",3380,104,337,441
"HLA-DQA1*05:08-DQB1*06:04",3380,29,142,171
"HLA-DQA1*05:08-DQB1*06:07",3380,24,99,123
"HLA-DQA1*05:08-DQB1*06:08",3380,191,415,606
"HLA-DQA1*05:08-DQB1*06:09",3380,10,63,73
"HLA-DQA1*05:08-DQB1*06:10",3380,17,78,95
"HLA-DQA1*05:08-DQB1*06:11",3380,42,119,161
"HLA-DQA1*05:08-DQB1*06:12",3380,38,212,250
"HLA-DQA1*05:08-DQB1*06:14",3380,106,328,434
"HLA-DQA1*05:08-DQB1*06:15",3380,5,40,45
"HLA-DQA1*05:08-DQB1*06:16",3380,31,95,126
"HLA-DQA1*05:08-DQB1*06:18",3380,11,56,67
"HLA-DQA1*05:08-DQB1*06:21",3380,141,348,489
"HLA-DQA1*05:08-DQB1*06:22",3380,10,38,48
"HLA-DQA1*05:08-DQB1*06:23",3380,26,131,157
"HLA-DQA1*05:08-DQB1*06:27",3380,45,186,231
"HLA-DQA1*05:08-DQB1*06:28",3380,104,337,441
"HLA-DQA1*05:08-DQB1*06:29",3380,19,89,108
"HLA-DQA1*05:08-DQB1*06:31",3380,104,337,441
"HLA-DQA1*05:08-DQB1*06:32",3380,45,118,163
"HLA-DQA1*05:08-DQB1*06:33",3380,33,100,133
"HLA-DQA1*05:08-DQB1*06:40",3380,104,337,441
"HLA-DQA1*05:09-DQB1*02:01",3380,30,147,177
"HLA-DQA1*05:09-DQB1*02:03",3380,52,167,219
"HLA-DQA1*05:09-DQB1*02:05",3380,101,322,423
"HLA-DQA1*05:09-DQB1*03:01",3380,30,111,141
"HLA-DQA1*05:09-DQB1*03:02",3380,32,138,170
"HLA-DQA1*05:09-DQB1*03:03",3380,37,136,173
"HLA-DQA1*05:09-DQB1*03:04",3380,36,103,139
"HLA-DQA1*05:09-DQB1*03:05",3380,28,106,134
"HLA-DQA1*05:09-DQB1*03:06",3380,185,372,557
"HLA-DQA1*05:09-DQB1*03:08",3380,81,218,299
"HLA-DQA1*05:09-DQB1*03:10",3380,30,111,141
"HLA-DQA1*05:09-DQB1*03:11",3380,32,138,170
"HLA-DQA1*05:09-DQB1*03:12",3380,42,153,195
"HLA-DQA1*05:09-DQB1*03:13",3380,37,107,144
"HLA-DQA1*05:09-DQB1*03:14",3380,36,103,139
"HLA-DQA1*05:09-DQB1*03:16",3380,30,111,141
"HLA-DQA1*05:09-DQB1*03:17",3380,37,101,138
"HLA-DQA1*05:09-DQB1*03:18",3380,32,138,170
"HLA-DQA1*05:09-DQB1*03:20",3380,37,136,173
"HLA-DQA1*05:09-DQB1*03:25",3380,185,372,557
"HLA-DQA1*05:09-DQB1*03:26",3380,37,136,173
"HLA-DQA1*05:09-DQB1*03:30",3380,20,89,109
"HLA-DQA1*05:09-DQB1*03:36",3380,30,111,141
"HLA-DQA1*05:09-DQB1*03:37",3380,32,138,170
"HLA-DQA1*05:09-DQB1*04:01",3380,82,181,263
"HLA-DQA1*05:09-DQB1*04:02",3380,82,181,263
"HLA-DQA1*05:09-DQB1*04:03",3380,100,250,350
"HLA-DQA1*05:09-DQB1*04:04",3380,136,268,404
"HLA-DQA1*05:09-DQB1*05:01",3380,51,199,250
"HLA-DQA1*05:09-DQB1*05:02",3380,19,122,141
"HLA-DQA1*05:09-DQB1*05:03",3380,17,110,127
"HLA-DQA1*05:09-DQB1*05:05",3380,19,122,141
"HLA-DQA1*05:09-DQB1*05:06",3380,17,110,127
"HLA-DQA1*05:09-DQB1*05:09",3380,17,110,127
"HLA-DQA1*05:09-DQB1*05:11",3380,51,199,250
"HLA-DQA1*05:09-DQB1*05:12",3380,67,224,291
"HLA-DQA1*05:09-DQB1*06:01",3380,16,64,80
"HLA-DQA1*05:09-DQB1*06:02",3380,31,95,126
"HLA-DQA1*05:09-DQB1*06:03",3380,104,337,441
"HLA-DQA1*05:09-DQB1*06:04",3380,29,142,171
"HLA-DQA1*05:09-DQB1*06:07",3380,24,99,123
"HLA-DQA1*05:09-DQB1*06:08",3380,191,415,606
"HLA-DQA1*05:09-DQB1*06:09",3380,10,63,73
"HLA-DQA1*05:09-DQB1*06:10",3380,17,78,95
"HLA-DQA1*05:09-DQB1*06:11",3380,42,119,161
"HLA-DQA1*05:09-DQB1*06:12",3380,38,212,250
"HLA-DQA1*05:09-DQB1*06:14",3380,106,328,434
"HLA-DQA1*05:09-DQB1*06:15",3380,5,40,45
"HLA-DQA1*05:09-DQB1*06:16",3380,31,95,126
"HLA-DQA1*05:09-DQB1*06:18",3380,11,56,67
"HLA-DQA1*05:09-DQB1*06:21",3380,141,348,489
"HLA-DQA1*05:09-DQB1*06:22",3380,10,38,48
"HLA-DQA1*05:09-DQB1*06:23",3380,26,131,157
"HLA-DQA1*05:09-DQB1*06:27",3380,45,186,231
"HLA-DQA1*05:09-DQB1*06:28",3380,104,337,441
"HLA-DQA1*05:09-DQB1*06:29",3380,19,89,108
"HLA-DQA1*05:09-DQB1*06:31",3380,104,337,441
"HLA-DQA1*05:09-DQB1*06:32",3380,45,118,163
"HLA-DQA1*05:09-DQB1*06:33",3380,33,100,133
"HLA-DQA1*05:09-DQB1*06:40",3380,104,337,441
"HLA-DQA1*06:01-DQB1*02:01",3380,63,270,333
"HLA-DQA1*06:01-DQB1*02:03",3380,65,218,283
"HLA-DQA1*06:01-DQB1*02:05",3380,242,604,846
"HLA-DQA1*06:01-DQB1*03:01",3380,40,141,181
"HLA-DQA1*06:01-DQB1*03:02",3380,81,258,339
"HLA-DQA1*06:01-DQB1*03:03",3380,79,196,275
"HLA-DQA1*06:01-DQB1*03:04",3380,62,185,247
"HLA-DQA1*06:01-DQB1*03:05",3380,30,146,176
"HLA-DQA1*06:01-DQB1*03:06",3380,322,504,826
"HLA-DQA1*06:01-DQB1*03:08",3380,122,265,387
"HLA-DQA1*06:01-DQB1*03:10",3380,40,141,181
"HLA-DQA1*06:01-DQB1*03:11",3380,81,258,339
"HLA-DQA1*06:01-DQB1*03:12",3380,78,195,273
"HLA-DQA1*06:01-DQB1*03:13",3380,52,155,207
"HLA-DQA1*06:01-DQB1*03:14",3380,62,185,247
"HLA-DQA1*06:01-DQB1*03:16",3380,40,141,181
"HLA-DQA1*06:01-DQB1*03:17",3380,41,97,138
"HLA-DQA1*06:01-DQB1*03:18",3380,81,258,339
"HLA-DQA1*06:01-DQB1*03:20",3380,79,196,275
"HLA-DQA1*06:01-DQB1*03:25",3380,322,504,826
"HLA-DQA1*06:01-DQB1*03:26",3380,79,196,275
"HLA-DQA1*06:01-DQB1*03:30",3380,41,134,175
"HLA-DQA1*06:01-DQB1*03:36",3380,40,141,181
"HLA-DQA1*06:01-DQB1*03:37",3380,81,258,339
"HLA-DQA1*06:01-DQB1*04:01",3380,95,180,275
"HLA-DQA1*06:01-DQB1*04:02",3380,95,180,275
"HLA-DQA1*06:01-DQB1*04:03",3380,162,328,490
"HLA-DQA1*06:01-DQB1*04:04",3380,179,251,430
"HLA-DQA1*06:01-DQB1*05:01",3380,2,77,79
"HLA-DQA1*06:01-DQB1*05:02",3380,3,59,62
"HLA-DQA1*06:01-DQB1*05:03",3380,2,29,31
"HLA-DQA1*06:01-DQB1*05:05",3380,3,59,62
"HLA-DQA1*06:01-DQB1*05:06",3380,2,29,31
"HLA-DQA1*06:01-DQB1*05:09",3380,2,29,31
"HLA-DQA1*06:01-DQB1*05:11",3380,2,77,79
"HLA-DQA1*06:01-DQB1*05:12",3380,4,81,85
"HLA-DQA1*06:01-DQB1*06:01",3380,6,34,40
"HLA-DQA1*06:01-DQB1*06:02",3380,4,50,54
"HLA-DQA1*06:01-DQB1*06:03",3380,80,218,298
"HLA-DQA1*06:01-DQB1*06:04",3380,56,190,246
"HLA-DQA1*06:01-DQB1*06:07",3380,35,96,131
"HLA-DQA1*06:01-DQB1*06:08",3380,169,366,535
"HLA-DQA1*06:01-DQB1*06:09",3380,17,86,103
"HLA-DQA1*06:01-DQB1*06:10",3380,12,54,66
"HLA-DQA1*06:01-DQB1*06:11",3380,18,62,80
"HLA-DQA1*06:01-DQB1*06:12",3380,29,138,167
"HLA-DQA1*06:01-DQB1*06:14",3380,71,192,263
"HLA-DQA1*06:01-DQB1*06:15",3380,2,32,34
"HLA-DQA1*06:01-DQB1*06:16",3380,4,50,54
"HLA-DQA1*06:01-DQB1*06:18",3380,15,71,86
"HLA-DQA1*06:01-DQB1*06:21",3380,131,329,460
"HLA-DQA1*06:01-DQB1*06:22",3380,9,44,53
"HLA-DQA1*06:01-DQB1*06:23",3380,4,39,43
"HLA-DQA1*06:01-DQB1*06:27",3380,71,224,295
"HLA-DQA1*06:01-DQB1*06:28",3380,80,218,298
"HLA-DQA1*06:01-DQB1*06:29",3380,13,61,74
"HLA-DQA1*06:01-DQB1*06:31",3380,80,218,298
"HLA-DQA1*06:01-DQB1*06:32",3380,42,111,153
"HLA-DQA1*06:01-DQB1*06:33",3380,3,53,56
"HLA-DQA1*06:01-DQB1*06:40",3380,80,218,298
"HLA-DRB1*01:01",3380,45,185,230
"HLA-DRB1*01:02",3380,29,142,171
"HLA-DRB1*01:03",3380,47,232,279
"HLA-DRB1*01:04",3380,35,137,172
"HLA-DRB1*01:07",3380,45,185,230
"HLA-DRB1*01:10",3380,52,203,255
"HLA-DRB1*01:11",3380,25,132,157
"HLA-DRB1*01:16",3380,73,251,324
"HLA-DRB1*01:18",3380,60,224,284
"HLA-DRB1*01:20",3380,40,181,221
"HLA-DRB1*01:22",3380,45,185,230
"HLA-DRB1*01:24",3380,35,169,204
"HLA-DRB1*01:26",3380,29,142,171
"HLA-DRB1*01:27",3380,45,185,230
"HLA-DRB1*01:29",3380,35,195,230
"HLA-DRB1*03:01",3380,29,132,161
"HLA-DRB1*03:02",3380,268,451,719
"HLA-DRB1*03:03",3380,86,288,374
"HLA-DRB1*03:04",3380,29,132,161
"HLA-DRB1*03:05",3380,67,204,271
"HLA-DRB1*03:06",3380,31,144,175
"HLA-DRB1*03:07",3380,35,205,240
"HLA-DRB1*03:08",3380,29,132,161
"HLA-DRB1*03:11",3380,22,85,107
"HLA-DRB1*03:13",3380,29,132,161
"HLA-DRB1*03:15",3380,22,107,129
"HLA-DRB1*03:17",3380,86,262,348
"HLA-DRB1*03:19",3380,30,131,161
"HLA-DRB1*03:22",3380,29,132,161
"HLA-DRB1*03:23",3380,29,132,161
"HLA-DRB1*03:24",3380,29,154,183
"HLA-DRB1*03:25",3380,29,132,161
"HLA-DRB1*03:27",3380,158,320,478
"HLA-DRB1*03:29",3380,210,422,632
"HLA-DRB1*03:30",3380,29,132,161
"HLA-DRB1*03:36",3380,29,132,161
"HLA-DRB1*03:37",3380,29,132,161
"HLA-DRB1*03:39",3380,29,132,161
"HLA-DRB1*03:42",3380,19,92,111
"HLA-DRB1*03:43",3380,29,132,161
"HLA-DRB1*03:44",3380,29,132,161
"HLA-DRB1*03:47",3380,29,132,161
"HLA-DRB1*04:01",3380,40,194,234
"HLA-DRB1*04:02",3380,52,234,286
"HLA-DRB1*04:03",3380,51,208,259
"HLA-DRB1*04:04",3380,33,122,155
"HLA-DRB1*04:05",3380,34,173,207
"HLA-DRB1*04:06",3380,51,208,259
"HLA-DRB1*04:07",3380,57,235,292
"HLA-DRB1*04:08",3380,30,147,177
"HLA-DRB1*04:09",3380,52,176,228
"HLA-DRB1*04:10",3380,18,104,122
"HLA-DRB1*04:11",3380,33,173,206
"HLA-DRB1*04:13",3380,35,149,184
"HLA-DRB1*04:14",3380,37,175,212
"HLA-DRB1*04:15",3380,73,225,298
"HLA-DRB1*04:16",3380,40,194,234
"HLA-DRB1*04:17",3380,70,228,298
"HLA-DRB1*04:18",3380,83,235,318
"HLA-DRB1*04:19",3380,30,147,177
"HLA-DRB1*04:21",3380,40,194,234
"HLA-DRB1*04:23",3380,33,122,155
"HLA-DRB1*04:26",3380,40,194,234
"HLA-DRB1*04:27",3380,37,142,179
"HLA-DRB1*04:31",3380,72,213,285
"HLA-DRB1*04:33",3380,40,194,234
"HLA-DRB1*04:34",3380,38,193,231
"HLA-DRB1*04:35",3380,59,225,284
"HLA-DRB1*04:36",3380,73,225,298
"HLA-DRB1*04:37",3380,85,269,354
"HLA-DRB1*04:38",3380,42,164,206
"HLA-DRB1*04:39",3380,51,208,259
"HLA-DRB1*04:40",3380,33,122,155
"HLA-DRB1*04:41",3380,51,208,259
"HLA-DRB1*04:42",3380,26,127,153
"HLA-DRB1*04:43",3380,36,172,208
"HLA-DRB1*04:44",3380,27,89,116
"HLA-DRB1*04:50",3380,56,205,261
"HLA-DRB1*04:51",3380,50,202,252
"HLA-DRB1*04:54",3380,49,201,250
"HLA-DRB1*04:56",3380,26,115,141
"HLA-DRB1*04:59",3380,53,215,268
"HLA-DRB1*04:60",3380,51,208,259
"HLA-DRB1*04:62",3380,75,231,306
"HLA-DRB1*04:64",3380,37,179,216
"HLA-DRB1*04:68",3380,33,122,155
"HLA-DRB1*04:70",3380,31,126,157
"HLA-DRB1*04:71",3380,51,208,259
"HLA-DRB1*04:72",3380,50,184,234
"HLA-DRB1*04:76",3380,40,194,234
"HLA-DRB1*04:79",3380,31,117,148
"HLA-DRB1*04:83",3380,34,173,207
"HLA-DRB1*04:88",3380,56,199,255
"HLA-DRB1*07:01",3380,48,179,227
"HLA-DRB1*07:03",3380,48,179,227
"HLA-DRB1*07:05",3380,48,179,227
"HLA-DRB1*07:07",3380,48,179,227
"HLA-DRB1*07:11",3380,95,282,377
"HLA-DRB1*07:13",3380,48,179,227
"HLA-DRB1*07:15",3380,48,179,227
"HLA-DRB1*07:16",3380,48,179,227
"HLA-DRB1*08:01",3380,37,126,163
"HLA-DRB1*08:02",3380,56,130,186
"HLA-DRB1*08:03",3380,184,299,483
"HLA-DRB1*08:04",3380,60,129,189
"HLA-DRB1*08:05",3380,19,98,117
"HLA-DRB1*08:06",3380,27,115,142
"HLA-DRB1*08:07",3380,120,251,371
"HLA-DRB1*08:08",3380,55,183,238
"HLA-DRB1*08:09",3380,56,130,186
"HLA-DRB1*08:10",3380,68,156,224
"HLA-DRB1*08:11",3380,55,183,238
"HLA-DRB1*08:12",3380,62,170,232
"HLA-DRB1*08:13",3380,115,277,392
"HLA-DRB1*08:14",3380,184,299,483
"HLA-DRB1*08:16",3380,37,126,163
"HLA-DRB1*08:18",3380,35,160,195
"HLA-DRB1*08:19",3380,213,413,626
"HLA-DRB1*08:20",3380,59,128,187
"HLA-DRB1*08:22",3380,14,77,91
"HLA-DRB1*08:26",3380,37,126,163
"HLA-DRB1*08:28",3380,53,130,183
"HLA-DRB1*08:34",3380,224,408,632
"HLA-DRB1*09:01",3380,31,172,203
"HLA-DRB1*09:02",3380,23,123,146
"HLA-DRB1*09:04",3380,38,178,216
"HLA-DRB1*09:06",3380,34,126,160
"HLA-DRB1*10:01",3380,38,173,211
"HLA-DRB1*10:02",3380,42,141,183
"HLA-DRB1*11:01",3380,46,118,164
"HLA-DRB1*11:02",3380,33,120,153
"HLA-DRB1*11:03",3380,41,126,167
"HLA-DRB1*11:04",3380,40,119,159
"HLA-DRB1*11:05",3380,36,110,146
"HLA-DRB1*11:06",3380,20,87,107
"HLA-DRB1*11:07",3380,35,205,240
"HLA-DRB1*11:08",3380,47,156,203
"HLA-DRB1*11:09",3380,46,118,164
"HLA-DRB1*11:10",3380,46,118,164
"HLA-DRB1*11:11",3380,43,121,164
"HLA-DRB1*11:12",3380,46,118,164
"HLA-DRB1*11:13",3380,21,73,94
"HLA-DRB1*11:14",3380,36,202,238
"HLA-DRB1*11:15",3380,46,118,164
"HLA-DRB1*11:16",3380,33,120,153
"HLA-DRB1*11:17",3380,61,168,229
"HLA-DRB1*11:18",3380,29,96,125
"HLA-DRB1*11:19",3380,32,154,186
"HLA-DRB1*11:20",3380,36,202,238
"HLA-DRB1*11:21",3380,19,86,105
"HLA-DRB1*11:24",3380,46,118,164
"HLA-DRB1*11:25",3380,57,134,191
"HLA-DRB1*11:27",3380,33,97,130
"HLA-DRB1*11:28",3380,46,118,164
"HLA-DRB1*11:29",3380,46,118,164
"HLA-DRB1*11:32",3380,54,121,175
"HLA-DRB1*11:33",3380,46,118,164
"HLA-DRB1*11:34",3380,20,78,98
"HLA-DRB1*11:35",3380,40,119,159
"HLA-DRB1*11:36",3380,34,122,156
"HLA-DRB1*11:37",3380,41,111,152
"HLA-DRB1*11:39",3380,46,118,164
"HLA-DRB1*11:41",3380,29,110,139
"HLA-DRB1*11:42",3380,26,105,131
"HLA-DRB1*11:43",3380,40,119,159
"HLA-DRB1*11:44",3380,40,119,159
"HLA-DRB1*11:45",3380,80,259,339
"HLA-DRB1*11:47",3380,20,87,107
"HLA-DRB1*11:48",3380,33,119,152
"HLA-DRB1*11:49",3380,46,118,164
"HLA-DRB1*11:51",3380,46,118,164
"HLA-DRB1*11:56",3380,36,106,142
"HLA-DRB1*11:58",3380,40,119,159
"HLA-DRB1*11:60",3380,40,119,159
"HLA-DRB1*11:61",3380,46,118,164
"HLA-DRB1*11:62",3380,46,118,164
"HLA-DRB1*11:65",3380,33,120,153
"HLA-DRB1*11:66",3380,46,118,164
"HLA-DRB1*11:69",3380,49,113,162
"HLA-DRB1*11:76",3380,41,126,167
"HLA-DRB1*11:78",3380,40,119,159
"HLA-DRB1*11:81",3380,49,117,166
"HLA-DRB1*11:84",3380,18,97,115
"HLA-DRB1*11:88",3380,36,106,142
"HLA-DRB1*11:93",3380,52,149,201
"HLA-DRB1*11:94",3380,46,118,164
"HLA-DRB1*11:96",3380,46,118,164
"HLA-DRB1*12:01",3380,24,119,143
"HLA-DRB1*12:02",3380,57,205,262
"HLA-DRB1*12:03",3380,40,135,175
"HLA-DRB1*12:04",3380,24,93,117
"HLA-DRB1*12:05",3380,24,119,143
"HLA-DRB1*12:08",3380,34,140,174
"HLA-DRB1*12:11",3380,23,121,144
"HLA-DRB1*12:20",3380,63,217,280
"HLA-DRB1*13:01",3380,33,120,153
"HLA-DRB1*13:02",3380,36,202,238
"HLA-DRB1*13:03",3380,30,161,191
"HLA-DRB1*13:04",3380,25,110,135
"HLA-DRB1*13:05",3380,46,118,164
"HLA-DRB1*13:06",3380,29,96,125
"HLA-DRB1*13:07",3380,41,111,152
"HLA-DRB1*13:08",3380,33,119,152
"HLA-DRB1*13:09",3380,22,76,98
"HLA-DRB1*13:10",3380,41,187,228
"HLA-DRB1*13:11",3380,40,119,159
"HLA-DRB1*13:12",3380,35,144,179
"HLA-DRB1*13:13",3380,164,299,463
"HLA-DRB1*13:14",3380,46,118,164
"HLA-DRB1*13:15",3380,22,102,124
"HLA-DRB1*13:16",3380,34,161,195
"HLA-DRB1*13:17",3380,23,113,136
"HLA-DRB1*13:18",3380,57,134,191
"HLA-DRB1*13:19",3380,22,103,125
"HLA-DRB1*13:20",3380,34,122,156
"HLA-DRB1*13:21",3380,45,115,160
"HLA-DRB1*13:22",3380,33,120,153
"HLA-DRB1*13:23",3380,36,202,238
"HLA-DRB1*13:24",3380,41,126,167
"HLA-DRB1*13:26",3380,30,88,118
"HLA-DRB1*13:27",3380,13,74,87
"HLA-DRB1*13:29",3380,44,207,251
"HLA-DRB1*13:31",3380,121,308,429
"HLA-DRB1*13:32",3380,14,85,99
"HLA-DRB1*13:33",3380,39,185,224
"HLA-DRB1*13:34",3380,36,202,238
"HLA-DRB1*13:36",3380,51,205,256
"HLA-DRB1*13:37",3380,50,205,255
"HLA-DRB1*13:38",3380,46,181,227
"HLA-DRB1*13:39",3380,36,202,238
"HLA-DRB1*13:41",3380,16,132,148
"HLA-DRB1*13:42",3380,40,119,159
"HLA-DRB1*13:48",3380,14,85,99
"HLA-DRB1*13:49",3380,21,95,116
"HLA-DRB1*13:50",3380,46,118,164
"HLA-DRB1*13:52",3380,33,120,153
"HLA-DRB1*13:53",3380,22,103,125
"HLA-DRB1*13:54",3380,79,183,262
"HLA-DRB1*13:56",3380,47,156,203
"HLA-DRB1*13:59",3380,33,120,153
"HLA-DRB1*13:61",3380,20,100,120
"HLA-DRB1*13:62",3380,46,118,164
"HLA-DRB1*13:63",3380,43,121,164
"HLA-DRB1*13:65",3380,46,181,227
"HLA-DRB1*13:66",3380,67,209,276
"HLA-DRB1*13:67",3380,40,205,245
"HLA-DRB1*13:69",3380,33,120,153
"HLA-DRB1*13:70",3380,33,119,152
"HLA-DRB1*13:75",3380,35,117,152
"HLA-DRB1*13:77",3380,41,110,151
"HLA-DRB1*13:79",3380,33,120,153
"HLA-DRB1*13:80",3380,33,120,153
"HLA-DRB1*13:81",3380,7,38,45
"HLA-DRB1*13:82",3380,32,154,186
"HLA-DRB1*13:87",3380,33,120,153
"HLA-DRB1*13:88",3380,18,129,147
"HLA-DRB1*13:90",3380,30,161,191
"HLA-DRB1*13:91",3380,33,120,153
"HLA-DRB1*13:93",3380,25,110,135
"HLA-DRB1*13:95",3380,30,161,191
"HLA-DRB1*13:96",3380,32,225,257
"HLA-DRB1*13:97",3380,36,202,238
"HLA-DRB1*14:01",3380,71,206,277
"HLA-DRB1*14:02",3380,81,234,315
"HLA-DRB1*14:03",3380,87,223,310
"HLA-DRB1*14:04",3380,75,182,257
"HLA-DRB1*14:05",3380,61,168,229
"HLA-DRB1*14:06",3380,24,114,138
"HLA-DRB1*14:07",3380,170,392,562
"HLA-DRB1*14:08",3380,61,168,229
"HLA-DRB1*14:09",3380,51,220,271
"HLA-DRB1*14:10",3380,53,187,240
"HLA-DRB1*14:11",3380,60,165,225
"HLA-DRB1*14:12",3380,55,140,195
"HLA-DRB1*14:13",3380,67,191,258
"HLA-DRB1*14:15",3380,60,129,189
"HLA-DRB1*14:16",3380,34,123,157
"HLA-DRB1*14:17",3380,20,78,98
"HLA-DRB1*14:18",3380,60,158,218
"HLA-DRB1*14:19",3380,113,260,373
"HLA-DRB1*14:20",3380,24,114,138
"HLA-DRB1*14:21",3380,16,86,102
"HLA-DRB1*14:22",3380,34,117,151
"HLA-DRB1*14:23",3380,61,168,229
"HLA-DRB1*14:24",3380,36,230,266
"HLA-DRB1*14:25",3380,34,117,151
"HLA-DRB1*14:27",3380,34,107,141
"HLA-DRB1*14:28",3380,97,228,325
"HLA-DRB1*14:32",3380,27,69,96
"HLA-DRB1*14:33",3380,59,162,221
"HLA-DRB1*14:35",3380,87,236,323
"HLA-DRB1*14:41",3380,81,234,315
"HLA-DRB1*14:44",3380,107,316,423
"HLA-DRB1*14:46",3380,45,179,224
"HLA-DRB1*14:47",3380,110,289,399
"HLA-DRB1*14:48",3380,194,392,586
"HLA-DRB1*14:50",3380,44,166,210
"HLA-DRB1*14:52",3380,26,93,119
"HLA-DRB1*14:58",3380,71,206,277
"HLA-DRB1*14:60",3380,71,206,277
"HLA-DRB1*14:61",3380,75,182,257
"HLA-DRB1*14:68",3380,184,418,602
"HLA-DRB1*14:69",3380,47,184,231
"HLA-DRB1*14:70",3380,87,280,367
"HLA-DRB1*14:75",3380,76,209,285
"HLA-DRB1*14:79",3380,58,213,271
"HLA-DRB1*14:86",3380,71,206,277
"HLA-DRB1*14:87",3380,71,206,277
"HLA-DRB1*14:90",3380,71,206,277
"HLA-DRB1*14:95",3380,20,104,124
"HLA-DRB1*14:97",3380,71,206,277
"HLA-DRB1*14:99",3380,80,218,298
"HLA-DRB1*15:01",3380,31,151,182
"HLA-DRB1*15:02",3380,104,248,352
"HLA-DRB1*15:03",3380,68,326,394
"HLA-DRB1*15:04",3380,37,183,220
"HLA-DRB1*15:05",3380,35,168,203
"HLA-DRB1*15:06",3380,31,151,182
"HLA-DRB1*15:07",3380,23,115,138
"HLA-DRB1*15:10",3380,42,177,219
"HLA-DRB1*15:11",3380,82,228,310
"HLA-DRB1*15:13",3380,31,151,182
"HLA-DRB1*15:14",3380,104,248,352
"HLA-DRB1*15:15",3380,92,263,355
"HLA-DRB1*15:18",3380,32,167,199
"HLA-DRB1*15:20",3380,31,151,182
"HLA-DRB1*15:22",3380,31,151,182
"HLA-DRB1*15:23",3380,85,368,453
"HLA-DRB1*15:24",3380,31,151,182
"HLA-DRB1*15:31",3380,134,305,439
"HLA-DRB1*15:33",3380,31,151,182
"HLA-DRB1*15:36",3380,30,147,177
"HLA-DRB1*15:37",3380,33,127,160
"HLA-DRB1*15:38",3380,104,248,352
"HLA-DRB1*15:40",3380,31,151,182
"HLA-DRB1*15:47",3380,104,248,352
"HLA-DRB1*16:01",3380,33,182,215
"HLA-DRB1*16:02",3380,51,206,257
"HLA-DRB1*16:04",3380,29,177,206
"HLA-DRB1*16:05",3380,49,216,265
"HLA-DRB1*16:07",3380,49,216,265
"HLA-DRB1*16:08",3380,33,182,215
"HLA-DRB1*16:09",3380,63,211,274
"HLA-DRB1*16:10",3380,84,255,339
"HLA-DRB1*16:12",3380,47,220,267
"HLA-DRB1*16:15",3380,13,126,139
"HLA-DRB3*01:01",3380,43,180,223
"HLA-DRB3*01:05",3380,57,193,250
"HLA-DRB3*01:11",3380,43,180,223
"HLA-DRB3*01:13",3380,43,180,223
"HLA-DRB3*02:01",3380,43,167,210
"HLA-DRB3*02:02",3380,79,219,298
"HLA-DRB3*02:04",3380,69,233,302
"HLA-DRB3*02:05",3380,63,217,280
"HLA-DRB3*02:09",3380,101,294,395
"HLA-DRB3*02:10",3380,79,219,298
"HLA-DRB3*02:11",3380,85,225,310
"HLA-DRB3*02:12",3380,81,226,307
"HLA-DRB3*02:13",3380,61,206,267
"HLA-DRB3*02:16",3380,107,285,392
"HLA-DRB3*02:17",3380,60,173,233
"HLA-DRB3*02:19",3380,124,298,422
"HLA-DRB3*02:20",3380,79,219,298
"HLA-DRB3*02:21",3380,101,294,395
"HLA-DRB3*02:22",3380,124,298,422
"HLA-DRB3*02:23",3380,79,219,298
"HLA-DRB3*02:25",3380,79,219,298
"HLA-DRB3*03:01",3380,86,180,266
"HLA-DRB3*03:03",3380,204,414,618
"HLA-DRB4*01:01",3380,23,112,135
"HLA-DRB4*01:04",3380,13,69,82
"HLA-DRB4*01:07",3380,23,112,135
"HLA-DRB5*01:03",3380,76,238,314
"HLA-DRB5*01:04",3380,46,147,193
"HLA-DRB5*01:05",3380,52,130,182
"HLA-DRB5*01:06",3380,7,62,69
"HLA-DRB5*01:11",3380,28,115,143
"HLA-DRB5*02:03",3380,50,164,214
"HLA-DRB5*02:04",3380,27,129,156
