"Alleles","AllBinders","StrongBinders","WeakBinders","WeakandStrongBinders"
"HLA-A*01:01",15248,312,701,1013
"HLA-A*01:02",15248,327,721,1048
"HLA-A*01:03",15248,324,697,1021
"HLA-A*01:06",15248,281,708,989
"HLA-A*01:09",15248,312,701,1013
"HLA-A*01:100",15248,318,687,1005
"HLA-A*01:104",15248,334,685,1019
"HLA-A*01:113",15248,318,687,1005
"HLA-A*01:12",15248,280,697,977
"HLA-A*01:126",15248,319,701,1020
"HLA-A*01:14",15248,298,703,1001
"HLA-A*01:156",15248,312,701,1013
"HLA-A*01:17",15248,319,701,1020
"HLA-A*01:190",15248,327,721,1048
"HLA-A*01:23",15248,317,702,1019
"HLA-A*01:24",15248,318,687,1005
"HLA-A*01:25",15248,324,700,1024
"HLA-A*01:26",15248,301,726,1027
"HLA-A*01:29",15248,318,687,1005
"HLA-A*01:30",15248,296,709,1005
"HLA-A*01:38",15248,318,687,1005
"HLA-A*01:39",15248,318,687,1005
"HLA-A*01:40",15248,318,687,1005
"HLA-A*01:42",15248,318,687,1005
"HLA-A*01:43",15248,313,710,1023
"HLA-A*01:44",15248,318,687,1005
"HLA-A*01:46",15248,318,687,1005
"HLA-A*01:48",15248,318,687,1005
"HLA-A*01:51",15248,327,717,1044
"HLA-A*01:61",15248,318,687,1005
"HLA-A*01:67",15248,318,687,1005
"HLA-A*01:68",15248,318,687,1005
"HLA-A*01:69",15248,312,701,1013
"HLA-A*01:72",15248,315,748,1063
"HLA-A*01:74",15248,318,687,1005
"HLA-A*01:82",15248,312,701,1013
"HLA-A*01:86",15248,318,687,1005
"HLA-A*01:92",15248,318,687,1005
"HLA-A*01:98",15248,311,716,1027
"HLA-A*02:01",15248,178,574,752
"HLA-A*02:02",15248,179,570,749
"HLA-A*02:03",15248,177,559,736
"HLA-A*02:04",15248,178,569,747
"HLA-A*02:05",15248,192,587,779
"HLA-A*02:06
",15248,197,564,761
"HLA-A*02:07",15248,200,592,792
"HLA-A*02:08",15248,205,603,808
"HLA-A*02:10",15248,192,580,772
"HLA-A*02:101",15248,190,571,761
"HLA-A*02:102",15248,177,577,754
"HLA-A*02:105",15248,183,580,763
"HLA-A*02:107",15248,180,563,743
"HLA-A*02:109",15248,180,563,743
"HLA-A*02:11",15248,182,570,752
"HLA-A*02:110",15248,179,576,755
"HLA-A*02:114",15248,179,606,785
"HLA-A*02:118",15248,180,563,743
"HLA-A*02:119",15248,180,563,743
"HLA-A*02:12",15248,180,597,777
"HLA-A*02:120",15248,180,563,743
"HLA-A*02:121",15248,178,574,752
"HLA-A*02:122",15248,193,590,783
"HLA-A*02:123",15248,178,574,752
"HLA-A*02:128",15248,192,579,771
"HLA-A*02:13",15248,185,605,790
"HLA-A*02:133",15248,178,574,752
"HLA-A*02:135",15248,203,618,821
"HLA-A*02:136",15248,186,630,816
"HLA-A*02:137",15248,197,564,761
"HLA-A*02:138",15248,180,563,743
"HLA-A*02:139",15248,186,553,739
"HLA-A*02:14",15248,193,563,756
"HLA-A*02:141",15248,185,567,752
"HLA-A*02:147",15248,186,582,768
"HLA-A*02:149",15248,180,563,743
"HLA-A*02:151",15248,186,582,768
"HLA-A*02:154",15248,199,596,795
"HLA-A*02:156",15248,171,575,746
"HLA-A*02:157",15248,178,574,752
"HLA-A*02:158",15248,180,561,741
"HLA-A*02:16",15248,186,575,761
"HLA-A*02:160",15248,180,563,743
"HLA-A*02:161",15248,176,569,745
"HLA-A*02:162",15248,180,563,743
"HLA-A*02:163
",15248,180,563,743
"HLA-A*02:164",15248,180,563,743
"HLA-A*02:165",15248,180,563,743
"HLA-A*02:166",15248,180,563,743
"HLA-A*02:17",15248,26,312,338
"HLA-A*02:172",15248,26,312,338
"HLA-A*02:173",15248,180,563,743
"HLA-A*02:174",15248,180,563,743
"HLA-A*02:177",15248,178,574,752
"HLA-A*02:18",15248,200,592,792
"HLA-A*02:180",15248,192,580,772
"HLA-A*02:182",15248,180,563,743
"HLA-A*02:183",15248,178,574,752
"HLA-A*02:186",15248,177,577,754
"HLA-A*02:188",15248,197,606,803
"HLA-A*02:189",15248,178,574,752
"HLA-A*02:19",15248,187,628,815
"HLA-A*02:190",15248,178,574,752
"HLA-A*02:194",15248,180,563,743
"HLA-A*02:195",15248,195,588,783
"HLA-A*02:197",15248,178,574,752
"HLA-A*02:198",15248,180,563,743
"HLA-A*02:199",15248,180,563,743
"HLA-A*02:20",15248,183,568,751
"HLA-A*02:203",15248,180,563,743
"HLA-A*02:205",15248,180,563,743
"HLA-A*02:206",15248,180,563,743
"HLA-A*02:209",15248,179,570,749
"HLA-A*02:21",15248,197,564,761
"HLA-A*02:210",15248,180,563,743
"HLA-A*02:211",15248,178,574,752
"HLA-A*02:212",15248,180,563,743
"HLA-A*02:217",15248,185,589,774
"HLA-A*02:218",15248,180,563,743
"HLA-A*02:22",15248,176,573,749
"HLA-A*02:221",15248,178,574,752
"HLA-A*02:235",15248,180,563,743
"HLA-A*02:236",15248,180,563,743
"HLA-A*02:237",15248,180,563,743
"HLA-A*02:24",15248,178,574,752
"HLA-A*02:245",15248,183,568,751
"HLA-A*02:246",15248,179,606,785
"HLA-A*02:26",15248,181,583,764
"HLA-A*02:263",15248,180,556,736
"HLA-A*02:27",15248,181,603,784
"HLA-A*02:273",15248,180,563,743
"HLA-A*02:277",15248,180,563,743
"HLA-A*02:278",15248,192,580,772
"HLA-A*02:28",15248,197,564,761
"HLA-A*02:283",15248,180,563,743
"HLA-A*02:289",15248,183,568,751
"HLA-A*02:29",15248,174,572,746
"HLA-A*02:299",15248,180,563,743
"HLA-A*02:30",15248,178,574,752
"HLA-A*02:306",15248,180,563,743
"HLA-A*02:31",15248,180,563,743
"HLA-A*02:312",15248,180,563,743
"HLA-A*02:325",15248,178,574,752
"HLA-A*02:326
",15248,180,563,743
"HLA-A*02:33",15248,199,568,767
"HLA-A*02:332",15248,184,564,748
"HLA-A*02:338",15248,168,564,732
"HLA-A*02:34",15248,186,562,748
"HLA-A*02:342",15248,178,574,752
"HLA-A*02:343",15248,180,563,743
"HLA-A*02:346",15248,180,563,743
"HLA-A*02:35",15248,183,586,769
"HLA-A*02:359",15248,0,15248,15248
"HLA-A*02:36",15248,181,576,757
"HLA-A*02:367",15248,180,563,743
"HLA-A*02:37",15248,193,611,804
"HLA-A*02:38",15248,196,588,784
"HLA-A*02:380",15248,178,574,752
"HLA-A*02:382",15248,203,574,777
"HLA-A*02:39",15248,188,558,746
"HLA-A*02:392",15248,180,563,743
"HLA-A*02:393",15248,181,583,764
"HLA-A*02:40",15248,180,563,743
"HLA-A*02:42",15248,184,548,732
"HLA-A*02:423",15248,176,583,759
"HLA-A*02:433",15248,0,15248,15248
"HLA-A*02:434",15248,180,563,743
"HLA-A*02:436",15248,178,574,752
"HLA-A*02:44",15248,209,597,806
"HLA-A*02:45",15248,190,586,776
"HLA-A*02:46",15248,184,589,773
"HLA-A*02:47",15248,175,571,746
"HLA-A*02:48",15248,184,577,761
"HLA-A*02:484",15248,0,15248,15248
"HLA-A*02:49",15248,187,606,793
"HLA-A*02:498",15248,177,567,744
"HLA-A*02:51",15248,197,564,761
"HLA-A*02:52",15248,186,612,798
"HLA-A*02:56",15248,201,614,815
"HLA-A*02:562",15248,178,574,752
"HLA-A*02:57",15248,179,591,770
"HLA-A*02:58",15248,180,557,737
"HLA-A*02:580",15248,185,588,773
"HLA-A*02:59",15248,178,574,752
"HLA-A*02:60",15248,183,558,741
"HLA-A*02:623",15248,197,564,761
"HLA-A*02:63",15248,177,577,754
"HLA-A*02:64
",15248,184,587,771
"HLA-A*02:67",15248,178,574,752
"HLA-A*02:74",15248,178,574,752
"HLA-A*02:76",15248,172,595,767
"HLA-A*02:77",15248,178,574,752
"HLA-A*02:81",15248,206,601,807
"HLA-A*02:84",15248,191,578,769
"HLA-A*02:85",15248,178,574,752
"HLA-A*02:86",15248,178,574,752
"HLA-A*02:87",15248,212,593,805
"HLA-A*02:90",15248,178,576,754
"HLA-A*02:93",15248,178,574,752
"HLA-A*02:95",15248,178,574,752
"HLA-A*02:96",15248,179,565,744
"HLA-A*03:01",15248,203,569,772
"HLA-A*03:02",15248,204,563,767
"HLA-A*03:04",15248,203,569,772
"HLA-A*03:05",15248,203,569,772
"HLA-A*03:06",15248,203,569,772
"HLA-A*03:07",15248,191,546,737
"HLA-A*03:08",15248,193,531,724
"HLA-A*03:09",15248,212,552,764
"HLA-A*03:10",15248,204,563,767
"HLA-A*03:102",15248,207,568,775
"HLA-A*03:103",15248,199,551,750
"HLA-A*03:107",15248,240,645,885
"HLA-A*03:108",15248,193,542,735
"HLA-A*03:111",15248,207,568,775
"HLA-A*03:12",15248,212,562,774
"HLA-A*03:120",15248,208,558,766
"HLA-A*03:123",15248,203,569,772
"HLA-A*03:13",15248,207,568,775
"HLA-A*03:14",15248,207,568,775
"HLA-A*03:144",15248,207,568,775
"HLA-A*03:149",15248,207,568,775
"HLA-A*03:15",15248,214,568,782
"HLA-A*03:154",15248,207,568,775
"HLA-A*03:157",15248,196,568,764
"HLA-A*03:16",15248,207,568,775
"HLA-A*03:167",15248,232,611,843
"HLA-A*03:17",15248,203,569,772
"HLA-A*03:18",15248,321,668,989
"HLA-A*03:202",15248,207,568,775
"HLA-A*03:216",15248,207,568,775
"HLA-A*03:22",15248,203,569,772
"HLA-A*03:228",15248,207,568,775
"HLA-A*03:23",15248,202,563,765
"HLA-A*03:25",15248,203,569,772
"HLA-A*03:27",15248,207,568,775
"HLA-A*03:28",15248,207,568,775
"HLA-A*03:29",15248,198,562,760
"HLA-A*03:33",15248,207,568,775
"HLA-A*03:38",15248,207,568,775
"HLA-A*03:46
",15248,207,568,775
"HLA-A*03:47",15248,203,569,772
"HLA-A*03:48",15248,203,569,772
"HLA-A*03:49",15248,207,568,775
"HLA-A*03:50",15248,204,540,744
"HLA-A*03:51",15248,203,569,772
"HLA-A*03:53",15248,203,569,772
"HLA-A*03:56",15248,203,569,772
"HLA-A*03:57",15248,202,673,875
"HLA-A*03:62",15248,198,564,762
"HLA-A*03:63",15248,207,568,775
"HLA-A*03:65",15248,214,598,812
"HLA-A*03:74",15248,207,568,775
"HLA-A*03:81",15248,207,568,775
"HLA-A*03:86",15248,207,568,775
"HLA-A*03:87",15248,207,568,775
"HLA-A*03:89",15248,200,533,733
"HLA-A*03:93",15248,207,568,775
"HLA-A*03:94",15248,207,568,775
"HLA-A*11:01",15248,226,614,840
"HLA-A*11:02",15248,226,614,840
"HLA-A*11:03",15248,239,606,845
"HLA-A*11:04",15248,215,565,780
"HLA-A*11:05",15248,226,614,840
"HLA-A*11:06",15248,233,632,865
"HLA-A*11:08",15248,239,609,848
"HLA-A*11:09",15248,226,614,840
"HLA-A*11:10",15248,232,635,867
"HLA-A*11:117",15248,231,612,843
"HLA-A*11:12",15248,226,614,840
"HLA-A*11:15",15248,231,612,843
"HLA-A*11:159",15248,228,613,841
"HLA-A*11:160",15248,226,614,840
"HLA-A*11:161",15248,228,618,846
"HLA-A*11:18
",15248,219,610,829
"HLA-A*11:183",15248,186,579,765
"HLA-A*11:187",15248,231,612,843
"HLA-A*11:19",15248,217,584,801
"HLA-A*11:20",15248,239,606,845
"HLA-A*11:211",15248,247,638,885
"HLA-A*11:221",15248,217,607,824
"HLA-A*11:25",15248,216,567,783
"HLA-A*11:29",15248,226,614,840
"HLA-A*11:30",15248,231,612,843
"HLA-A*11:32",15248,231,612,843
"HLA-A*11:37",15248,231,612,843
"HLA-A*11:39",15248,252,640,892
"HLA-A*11:41",15248,226,614,840
"HLA-A*11:44",15248,232,619,851
"HLA-A*11:45",15248,258,671,929
"HLA-A*11:47",15248,228,602,830
"HLA-A*11:58",15248,231,612,843
"HLA-A*11:64",15248,235,616,851
"HLA-A*11:67",15248,231,612,843
"HLA-A*11:70",15248,239,614,853
"HLA-A*11:74",15248,226,614,840
"HLA-A*11:81",15248,231,612,843
"HLA-A*11:89",15248,231,612,843
"HLA-A*11:91",15248,231,612,843
"HLA-A*11:92",15248,231,612,843
"HLA-A*23:01",15248,199,592,791
"HLA-A*23:02",15248,213,600,813
"HLA-A*23:03",15248,205,591,796
"HLA-A*23:04",15248,204,588,792
"HLA-A*23:05",15248,203,597,800
"HLA-A*23:06",15248,199,592,791
"HLA-A*23:12",15248,210,584,794
"HLA-A*23:13",15248,209,591,800
"HLA-A*23:14",15248,205,591,796
"HLA-A*23:15",15248,199,592,791
"HLA-A*23:23",15248,205,591,796
"HLA-A*23:30",15248,198,581,779
"HLA-A*23:39",15248,205,591,796
"HLA-A*23:47",15248,205,591,796
"HLA-A*23:48",15248,205,591,796
"HLA-A*23:53
",15248,217,591,808
"HLA-A*23:56",15248,199,592,791
"HLA-A*24:02",15248,212,593,805
"HLA-A*24:03",15248,204,591,795
"HLA-A*24:04",15248,210,603,813
"HLA-A*24:05",15248,212,593,805
"HLA-A*24:06",15248,213,600,813
"HLA-A*24:07",15248,207,603,810
"HLA-A*24:08",15248,215,619,834
"HLA-A*24:10",15248,210,601,811
"HLA-A*24:103",15248,217,589,806
"HLA-A*24:104",15248,222,599,821
"HLA-A*24:105",15248,217,589,806
"HLA-A*24:106",15248,210,580,790
"HLA-A*24:107",15248,210,593,803
"HLA-A*24:108",15248,213,605,818
"HLA-A*24:110",15248,217,589,806
"HLA-A*24:118",15248,217,589,806
"HLA-A*24:120",15248,215,593,808
"HLA-A*24:121",15248,211,596,807
"HLA-A*24:122",15248,212,593,805
"HLA-A*24:123",15248,217,589,806
"HLA-A*24:13",15248,205,591,796
"HLA-A*24:130",15248,212,593,805
"HLA-A*24:138",15248,208,568,776
"HLA-A*24:14",15248,216,595,811
"HLA-A*24:140",15248,218,593,811
"HLA-A*24:145",15248,211,582,793
"HLA-A*24:146",15248,209,595,804
"HLA-A*24:15",15248,217,595,812
"HLA-A*24:159",15248,212,593,805
"HLA-A*24:164",15248,207,599,806
"HLA-A*24:165",15248,217,589,806
"HLA-A*24:168",15248,217,589,806
"HLA-A*24:169",15248,217,589,806
"HLA-A*24:17",15248,217,603,820
"HLA-A*24:173",15248,217,589,806
"HLA-A*24:175",15248,217,589,806
"HLA-A*24:176",15248,217,589,806
"HLA-A*24:18",15248,202,582,784
"HLA-A*24:180",15248,217,589,806
"HLA-A*24:192",15248,217,589,806
"HLA-A*24:193",15248,217,589,806
"HLA-A*24:194",15248,212,593,805
"HLA-A*24:196",15248,217,589,806
"HLA-A*24:20",15248,212,593,805
"HLA-A*24:203",15248,217,589,806
"HLA-A*24:205",15248,217,589,806
"HLA-A*24:206",15248,217,589,806
"HLA-A*24:207",15248,203,580,783
"HLA-A*24:21",15248,217,589,806
"HLA-A*24:22",15248,215,578,793
"HLA-A*24:220",15248,218,585,803
"HLA-A*24:226",15248,217,589,806
"HLA-A*24:228",15248,205,591,796
"HLA-A*24:23",15248,204,591,795
"HLA-A*24:234",15248,212,593,805
"HLA-A*24:24",15248,228,587,815
"HLA-A*24:25",15248,219,586,805
"HLA-A*24:26",15248,212,593,805
"HLA-A*24:28",15248,207,576,783
"HLA-A*24:29",15248,212,593,805
"HLA-A*24:30",15248,216,608,824
"HLA-A*24:31",15248,213,591,804
"HLA-A*24:32",15248,209,613,822
"HLA-A*24:35",15248,212,593,805
"HLA-A*24:37",15248,212,593,805
"HLA-A*24:38",15248,217,589,806
"HLA-A*24:39",15248,212,593,805
"HLA-A*24:42",15248,220,614,834
"HLA-A*24:43",15248,212,593,805
"HLA-A*24:46",15248,216,599,815
"HLA-A*24:47",15248,212,593,805
"HLA-A*24:50",15248,223,611,834
"HLA-A*24:52",15248,214,606,820
"HLA-A*24:53",15248,212,588,800
"HLA-A*24:56",15248,211,616,827
"HLA-A*24:57",15248,209,587,796
"HLA-A*24:58",15248,212,593,805
"HLA-A*24:64",15248,211,596,807
"HLA-A*24:68",15248,212,593,805
"HLA-A*24:71",15248,212,593,805
"HLA-A*24:72",15248,212,593,805
"HLA-A*24:81
",15248,212,593,805
"HLA-A*24:87",15248,208,593,801
"HLA-A*24:95",15248,212,593,805
"HLA-A*24:97",15248,217,589,806
"HLA-A*25:01",15248,265,639,904
"HLA-A*25:02",15248,258,659,917
"HLA-A*25:03",15248,261,641,902
"HLA-A*25:04
",15248,288,648,936
"HLA-A*25:08",15248,265,651,916
"HLA-A*25:11",15248,275,669,944
"HLA-A*25:13",15248,265,651,916
"HLA-A*25:14",15248,265,651,916
"HLA-A*25:16",15248,265,651,916
"HLA-A*25:24",15248,265,651,916
"HLA-A*26:01",15248,277,638,915
"HLA-A*26:02",15248,282,642,924
"HLA-A*26:03",15248,224,614,838
"HLA-A*26:05",15248,282,622,904
"HLA-A*26:06",15248,224,614,838
"HLA-A*26:07",15248,274,616,890
"HLA-A*26:08",15248,301,673,974
"HLA-A*26:09",15248,281,627,908
"HLA-A*26:10",15248,277,638,915
"HLA-A*26:104",15248,277,638,915
"HLA-A*26:12",15248,291,651,942
"HLA-A*26:13",15248,273,635,908
"HLA-A*26:14",15248,277,638,915
"HLA-A*26:15",15248,277,638,915
"HLA-A*26:16",15248,281,657,938
"HLA-A*26:17",15248,277,638,915
"HLA-A*26:18",15248,291,651,942
"HLA-A*26:20",15248,272,651,923
"HLA-A*26:27",15248,277,638,915
"HLA-A*26:30",15248,232,608,840
"HLA-A*26:31",15248,294,639,933
"HLA-A*26:37",15248,277,638,915
"HLA-A*26:38",15248,281,646,927
"HLA-A*26:39",15248,277,638,915
"HLA-A*26:42",15248,271,653,924
"HLA-A*26:45",15248,281,646,927
"HLA-A*26:47",15248,277,638,915
"HLA-A*26:49",15248,302,672,974
"HLA-A*26:52",15248,277,638,915
"HLA-A*26:59",15248,281,646,927
"HLA-A*26:62",15248,291,643,934
"HLA-A*26:63",15248,277,638,915
"HLA-A*26:65",15248,281,646,927
"HLA-A*26:75",15248,281,646,927
"HLA-A*26:76",15248,281,646,927
"HLA-A*29:01",15248,245,674,919
"HLA-A*29:02",15248,247,662,909
"HLA-A*29:03",15248,245,679,924
"HLA-A*29:04
",15248,221,678,899
"HLA-A*29:07",15248,251,666,917
"HLA-A*29:09",15248,247,662,909
"HLA-A*29:10",15248,247,662,909
"HLA-A*29:11",15248,247,662,909
"HLA-A*29:12",15248,245,674,919
"HLA-A*29:13",15248,201,671,872
"HLA-A*29:14",15248,220,662,882
"HLA-A*29:16",15248,249,669,918
"HLA-A*29:21",15248,245,669,914
"HLA-A*29:23",15248,247,662,909
"HLA-A*29:32",15248,244,672,916
"HLA-A*29:34",15248,247,665,912
"HLA-A*29:40",15248,247,662,909
"HLA-A*29:44",15248,245,669,914
"HLA-A*29:48",15248,150,527,677
"HLA-A*29:64",15248,249,669,918
"HLA-A*29:88",15248,245,669,914
"HLA-A*30:01",15248,165,551,716
"HLA-A*30:02",15248,234,638,872
"HLA-A*30:03",15248,234,638,872
"HLA-A*30:04",15248,228,618,846
"HLA-A*30:07",15248,236,667,903
"HLA-A*30:08",15248,189,595,784
"HLA-A*30:09",15248,235,615,850
"HLA-A*30:10",15248,242,635,877
"HLA-A*30:11",15248,165,551,716
"HLA-A*30:15",15248,166,557,723
"HLA-A*30:16",15248,161,568,729
"HLA-A*30:18",15248,165,551,716
"HLA-A*30:25",15248,244,647,891
"HLA-A*30:28",15248,233,643,876
"HLA-A*30:29",15248,237,642,879
"HLA-A*30:30",15248,166,557,723
"HLA-A*30:31",15248,156,556,712
"HLA-A*30:36",15248,166,557,723
"HLA-A*30:40",15248,166,557,723
"HLA-A*30:47",15248,237,644,881
"HLA-A*30:51",15248,234,647,881
"HLA-A*30:54",15248,166,557,723
"HLA-A*30:56",15248,166,557,723
"HLA-A*30:58",15248,166,557,723
"HLA-A*31:01",15248,121,437,558
"HLA-A*31:02",15248,132,447,579
"HLA-A*31:04",15248,134,473,607
"HLA-A*31:05
",15248,132,466,598
"HLA-A*31:06",15248,125,457,582
"HLA-A*31:07",15248,173,644,817
"HLA-A*31:08",15248,176,622,798
"HLA-A*31:09",15248,127,462,589
"HLA-A*31:11",15248,121,437,558
"HLA-A*31:12",15248,127,460,587
"HLA-A*31:13",15248,121,437,558
"HLA-A*31:15",15248,136,463,599
"HLA-A*31:16",15248,121,437,558
"HLA-A*31:18",15248,123,463,586
"HLA-A*31:19",15248,122,444,566
"HLA-A*31:20",15248,121,437,558
"HLA-A*31:25",15248,133,482,615
"HLA-A*31:26",15248,122,444,566
"HLA-A*31:27",15248,122,444,566
"HLA-A*31:28",15248,125,456,581
"HLA-A*31:30",15248,123,493,616
"HLA-A*31:36",15248,121,437,558
"HLA-A*31:38",15248,122,444,566
"HLA-A*31:39",15248,122,444,566
"HLA-A*31:40",15248,121,437,558
"HLA-A*31:68",15248,122,444,566
"HLA-A*31:88",15248,124,437,561
"HLA-A*32:01",15248,181,579,760
"HLA-A*32:02",15248,199,591,790
"HLA-A*32:03",15248,180,609,789
"HLA-A*32:04",15248,197,585,782
"HLA-A*32:05",15248,186,572,758
"HLA-A*32:06",15248,181,579,760
"HLA-A*32:07",15248,177,604,781
"HLA-A*32:08",15248,185,599,784
"HLA-A*32:12",15248,185,576,761
"HLA-A*32:16",15248,185,576,761
"HLA-A*32:17",15248,180,594,774
"HLA-A*32:18",15248,185,576,761
"HLA-A*32:21",15248,185,576,761
"HLA-A*32:22",15248,199,591,790
"HLA-A*32:26",15248,190,584,774
"HLA-A*32:28",15248,185,576,761
"HLA-A*32:31",15248,186,572,758
"HLA-A*32:44",15248,181,579,760
"HLA-A*32:47",15248,185,576,761
"HLA-A*32:55",15248,181,579,760
"HLA-A*32:60",15248,181,585,766
"HLA-A*32:62
",15248,181,579,760
"HLA-A*33:01",15248,120,428,548
"HLA-A*33:03",15248,127,435,562
"HLA-A*33:04",15248,120,428,548
"HLA-A*33:05",15248,120,428,548
"HLA-A*33:08",15248,137,467,604
"HLA-A*33:09",15248,127,458,585
"HLA-A*33:10",15248,140,491,631
"HLA-A*33:11",15248,128,468,596
"HLA-A*33:12",15248,122,438,560
"HLA-A*33:13",15248,256,619,875
"HLA-A*33:16",15248,120,428,548
"HLA-A*33:26",15248,122,438,560
"HLA-A*33:27",15248,128,432,560
"HLA-A*33:33",15248,122,438,560
"HLA-A*33:34",15248,128,432,560
"HLA-A*33:48",15248,256,619,875
"HLA-A*33:55",15248,122,438,560
"HLA-A*33:60",15248,128,452,580
"HLA-A*33:64",15248,128,432,560
"HLA-A*33:65",15248,127,435,562
"HLA-A*34:01",15248,181,548,729
"HLA-A*34:02",15248,224,575,799
"HLA-A*34:04",15248,227,591,818
"HLA-A*34:05",15248,181,548,729
"HLA-A*34:06",15248,192,588,780
"HLA-A*34:07",15248,230,602,832
"HLA-A*34:08",15248,226,556,782
"HLA-A*36:01",15248,296,739,1035
"HLA-A*36:02",15248,290,731,1021
"HLA-A*36:03",15248,301,758,1059
"HLA-A*36:04",15248,309,758,1067
"HLA-A*43:01",15248,279,657,936
"HLA-A*66:01",15248,196,542,738
"HLA-A*66:02",15248,191,560,751
"HLA-A*66:03",15248,204,544,748
"HLA-A*66:04",15248,201,571,772
"HLA-A*66:05",15248,211,562,773
"HLA-A*66:13",15248,196,542,738
"HLA-A*66:15",15248,199,608,807
"HLA-A*68:01",15248,177,534,711
"HLA-A*68:02",15248,224,659,883
"HLA-A*68:03",15248,158,547,705
"HLA-A*68:04",15248,162,561,723
"HLA-A*68:05",15248,184,629,813
"HLA-A*68:06
",15248,197,599,796
"HLA-A*68:07",15248,206,595,801
"HLA-A*68:08",15248,196,549,745
"HLA-A*68:10",15248,167,529,696
"HLA-A*68:101",15248,177,534,711
"HLA-A*68:104",15248,219,625,844
"HLA-A*68:12",15248,177,534,711
"HLA-A*68:13",15248,155,540,695
"HLA-A*68:15",15248,226,646,872
"HLA-A*68:16",15248,177,534,711
"HLA-A*68:17",15248,213,577,790
"HLA-A*68:19",15248,177,534,711
"HLA-A*68:20",15248,184,629,813
"HLA-A*68:21",15248,177,552,729
"HLA-A*68:22",15248,177,534,711
"HLA-A*68:23",15248,189,575,764
"HLA-A*68:24",15248,177,534,711
"HLA-A*68:25",15248,177,534,711
"HLA-A*68:26",15248,239,632,871
"HLA-A*68:27",15248,224,659,883
"HLA-A*68:29",15248,141,512,653
"HLA-A*68:30",15248,181,563,744
"HLA-A*68:31",15248,220,656,876
"HLA-A*68:32",15248,177,552,729
"HLA-A*68:35",15248,177,534,711
"HLA-A*68:36",15248,273,640,913
"HLA-A*68:37",15248,177,534,711
"HLA-A*68:38",15248,174,544,718
"HLA-A*68:40",15248,235,640,875
"HLA-A*68:43",15248,177,534,711
"HLA-A*68:45",15248,155,509,664
"HLA-A*68:46",15248,225,583,808
"HLA-A*68:54",15248,225,654,879
"HLA-A*68:55",15248,177,534,711
"HLA-A*68:57",15248,177,552,729
"HLA-A*68:60",15248,228,646,874
"HLA-A*68:67",15248,224,659,883
"HLA-A*68:68",15248,177,552,729
"HLA-A*68:72",15248,190,564,754
"HLA-A*68:85",15248,180,529,709
"HLA-A*68:91",15248,177,552,729
"HLA-A*68:95",15248,177,552,729
"HLA-A*68:99",15248,177,534,711
"HLA-A*69:01",15248,217,624,841
"HLA-A*74:01",15248,146,490,636
"HLA-A*74:03
",15248,146,490,636
"HLA-A*74:05",15248,151,498,649
"HLA-A*74:06",15248,171,557,728
"HLA-A*74:07",15248,145,493,638
"HLA-A*74:08",15248,154,488,642
"HLA-A*74:09",15248,146,490,636
"HLA-A*74:10",15248,226,592,818
"HLA-A*74:11",15248,146,490,636
"HLA-A*74:13",15248,179,521,700
"HLA-A*74:16",15248,154,488,642
"HLA-A*80:01",15248,252,686,938
"HLA-B*07:02",15248,142,463,605
"HLA-B*07:03",15248,147,481,628
"HLA-B*07:04",15248,139,449,588
"HLA-B*07:05",15248,150,477,627
"HLA-B*07:07",15248,158,472,630
"HLA-B*07:08",15248,146,497,643
"HLA-B*07:09",15248,147,528,675
"HLA-B*07:10",15248,134,494,628
"HLA-B*07:102",15248,148,449,597
"HLA-B*07:103",15248,148,449,597
"HLA-B*07:104",15248,142,463,605
"HLA-B*07:105",15248,154,486,640
"HLA-B*07:106",15248,151,473,624
"HLA-B*07:109",15248,148,449,597
"HLA-B*07:110",15248,148,449,597
"HLA-B*07:112",15248,150,477,627
"HLA-B*07:113",15248,142,463,605
"HLA-B*07:12",15248,157,476,633
"HLA-B*07:122",15248,148,449,597
"HLA-B*07:13",15248,223,598,821
"HLA-B*07:131",15248,147,465,612
"HLA-B*07:132",15248,147,467,614
"HLA-B*07:136",15248,148,449,597
"HLA-B*07:14",15248,157,476,633
"HLA-B*07:143",15248,151,474,625
"HLA-B*07:15",15248,155,489,644
"HLA-B*07:151",15248,150,484,634
"HLA-B*07:158",15248,142,463,605
"HLA-B*07:16",15248,168,501,669
"HLA-B*07:165",15248,148,449,597
"HLA-B*07:17",15248,147,528,675
"HLA-B*07:18",15248,157,476,633
"HLA-B*07:188",15248,142,463,605
"HLA-B*07:19",15248,147,444,591
"HLA-B*07:193",15248,173,468,641
"HLA-B*07:20",15248,159,485,644
"HLA-B*07:206",15248,151,470,621
"HLA-B*07:208",15248,148,449,597
"HLA-B*07:22",15248,142,463,605
"HLA-B*07:222",15248,156,473,629
"HLA-B*07:23",15248,149,448,597
"HLA-B*07:237",15248,147,528,675
"HLA-B*07:24",15248,149,466,615
"HLA-B*07:26",15248,144,465,609
"HLA-B*07:29",15248,144,500,644
"HLA-B*07:31",15248,147,463,610
"HLA-B*07:33",15248,142,463,605
"HLA-B*07:36",15248,157,463,620
"HLA-B*07:37",15248,159,485,644
"HLA-B*07:38",15248,177,516,693
"HLA-B*07:42",15248,142,463,605
"HLA-B*07:46",15248,142,463,605
"HLA-B*07:47",15248,142,463,605
"HLA-B*07:48",15248,140,493,633
"HLA-B*07:51",15248,148,480,628
"HLA-B*07:53",15248,150,477,627
"HLA-B*07:56",15248,140,479,619
"HLA-B*07:57
",15248,145,456,601
"HLA-B*07:62",15248,148,449,597
"HLA-B*07:63",15248,145,470,615
"HLA-B*07:68",15248,142,463,605
"HLA-B*07:71",15248,148,449,597
"HLA-B*07:73",15248,148,449,597
"HLA-B*07:74",15248,148,449,597
"HLA-B*07:77",15248,168,467,635
"HLA-B*07:80",15248,147,463,610
"HLA-B*07:81",15248,155,461,616
"HLA-B*07:85",15248,135,493,628
"HLA-B*07:86",15248,142,463,605
"HLA-B*07:87",15248,148,449,597
"HLA-B*07:88",15248,148,449,597
"HLA-B*07:92",15248,154,485,639
"HLA-B*07:94",15248,157,475,632
"HLA-B*07:95",15248,151,442,593
"HLA-B*07:96",15248,148,449,597
"HLA-B*07:98",15248,149,478,627
"HLA-B*08:01",15248,117,491,608
"HLA-B*08:02",15248,155,528,683
"HLA-B*08:03",15248,150,529,679
"HLA-B*08:04
",15248,125,441,566
"HLA-B*08:07",15248,118,478,596
"HLA-B*08:09",15248,133,435,568
"HLA-B*08:104",15248,117,489,606
"HLA-B*08:11",15248,117,484,601
"HLA-B*08:110",15248,126,450,576
"HLA-B*08:12",15248,132,492,624
"HLA-B*08:13",15248,122,504,626
"HLA-B*08:14",15248,132,507,639
"HLA-B*08:15",15248,131,489,620
"HLA-B*08:16",15248,141,479,620
"HLA-B*08:18",15248,117,491,608
"HLA-B*08:20",15248,135,533,668
"HLA-B*08:22",15248,117,489,606
"HLA-B*08:23",15248,133,483,616
"HLA-B*08:24",15248,117,489,606
"HLA-B*08:25",15248,131,514,645
"HLA-B*08:26",15248,162,479,641
"HLA-B*08:28",15248,130,503,633
"HLA-B*08:31",15248,117,489,606
"HLA-B*08:33",15248,117,491,608
"HLA-B*08:34",15248,117,491,608
"HLA-B*08:35",15248,136,520,656
"HLA-B*08:36",15248,117,491,608
"HLA-B*08:37",15248,135,489,624
"HLA-B*08:39",15248,121,488,609
"HLA-B*08:41",15248,117,489,606
"HLA-B*08:50",15248,153,497,650
"HLA-B*08:52",15248,154,521,675
"HLA-B*08:56",15248,120,486,606
"HLA-B*08:59",15248,117,489,606
"HLA-B*08:63",15248,117,489,606
"HLA-B*08:71",15248,117,489,606
"HLA-B*08:75",15248,117,489,606
"HLA-B*08:78",15248,163,527,690
"HLA-B*08:88",15248,117,489,606
"HLA-B*08:97",15248,117,489,606
"HLA-B*13:01",15248,177,544,721
"HLA-B*13:02",15248,169,561,730
"HLA-B*13:03",15248,160,537,697
"HLA-B*13:04",15248,143,483,626
"HLA-B*13:06",15248,159,568,727
"HLA-B*13:08",15248,172,556,728
"HLA-B*13:10",15248,165,520,685
"HLA-B*13:11",15248,176,538,714
"HLA-B*13:12
",15248,175,546,721
"HLA-B*13:14",15248,169,556,725
"HLA-B*13:45",15248,169,556,725
"HLA-B*13:47",15248,169,556,725
"HLA-B*13:57",15248,180,548,728
"HLA-B*14:01",15248,138,428,566
"HLA-B*14:02",15248,138,428,566
"HLA-B*14:03",15248,148,466,614
"HLA-B*14:05",15248,144,425,569
"HLA-B*14:06",15248,146,450,596
"HLA-B*14:08",15248,150,444,594
"HLA-B*14:09",15248,139,426,565
"HLA-B*14:10",15248,149,445,594
"HLA-B*14:19",15248,138,453,591
"HLA-B*14:20",15248,139,426,565
"HLA-B*14:23",15248,142,420,562
"HLA-B*14:29",15248,139,426,565
"HLA-B*14:32",15248,139,426,565
"HLA-B*15:01",15248,203,555,758
"HLA-B*15:02",15248,228,620,848
"HLA-B*15:03",15248,163,548,711
"HLA-B*15:04",15248,172,537,709
"HLA-B*15:05",15248,193,563,756
"HLA-B*15:06",15248,201,554,755
"HLA-B*15:07",15248,201,547,748
"HLA-B*15:08",15248,237,672,909
"HLA-B*15:09",15248,159,482,641
"HLA-B*15:10",15248,145,485,630
"HLA-B*15:106",15248,178,562,740
"HLA-B*15:108",15248,180,536,716
"HLA-B*15:11",15248,230,678,908
"HLA-B*15:110",15248,196,600,796
"HLA-B*15:113
",15248,200,567,767
"HLA-B*15:117",15248,189,593,782
"HLA-B*15:12",15248,205,584,789
"HLA-B*15:122",15248,200,567,767
"HLA-B*15:123",15248,163,553,716
"HLA-B*15:125",15248,200,567,767
"HLA-B*15:128",15248,203,555,758
"HLA-B*15:13",15248,216,589,805
"HLA-B*15:132",15248,163,548,711
"HLA-B*15:135",15248,193,587,780
"HLA-B*15:14",15248,206,573,779
"HLA-B*15:141",15248,200,530,730
"HLA-B*15:142",15248,173,565,738
"HLA-B*15:147",15248,203,555,758
"HLA-B*15:15",15248,233,607,840
"HLA-B*15:150",15248,198,539,737
"HLA-B*15:153",15248,169,546,715
"HLA-B*15:154",15248,200,569,769
"HLA-B*15:157",15248,190,552,742
"HLA-B*15:158",15248,161,553,714
"HLA-B*15:159",15248,203,564,767
"HLA-B*15:16",15248,213,658,871
"HLA-B*15:160",15248,198,570,768
"HLA-B*15:162",15248,212,651,863
"HLA-B*15:164",15248,200,567,767
"HLA-B*15:167",15248,200,567,767
"HLA-B*15:17",15248,215,650,865
"HLA-B*15:170",15248,0,15248,15248
"HLA-B*15:172",15248,200,567,767
"HLA-B*15:173",15248,163,548,711
"HLA-B*15:174",15248,200,567,767
"HLA-B*15:175",15248,183,559,742
"HLA-B*15:18",15248,169,546,715
"HLA-B*15:183",15248,194,559,753
"HLA-B*15:20",15248,195,582,777
"HLA-B*15:204",15248,177,565,742
"HLA-B*15:207",15248,200,553,753
"HLA-B*15:208",15248,213,655,868
"HLA-B*15:21",15248,220,642,862
"HLA-B*15:211",15248,200,567,767
"HLA-B*15:23",15248,147,533,680
"HLA-B*15:237",15248,204,603,807
"HLA-B*15:239",15248,190,575,765
"HLA-B*15:24",15248,188,552,740
"HLA-B*15:240",15248,197,546,743
"HLA-B*15:248",15248,179,519,698
"HLA-B*15:25",15248,197,546,743
"HLA-B*15:27",15248,204,562,766
"HLA-B*15:29",15248,179,649,828
"HLA-B*15:290",15248,144,562,706
"HLA-B*15:30",15248,198,539,737
"HLA-B*15:31",15248,219,617,836
"HLA-B*15:319",15248,0,15248,15248
"HLA-B*15:32
",15248,200,593,793
"HLA-B*15:33",15248,203,555,758
"HLA-B*15:335",15248,163,556,719
"HLA-B*15:34",15248,203,555,758
"HLA-B*15:35",15248,200,530,730
"HLA-B*15:37",15248,146,476,622
"HLA-B*15:38",15248,205,555,760
"HLA-B*15:39",15248,197,545,742
"HLA-B*15:40",15248,184,574,758
"HLA-B*15:42",15248,154,505,659
"HLA-B*15:44",15248,205,615,820
"HLA-B*15:45",15248,171,521,692
"HLA-B*15:46",15248,180,554,734
"HLA-B*15:47",15248,167,562,729
"HLA-B*15:48",15248,187,567,754
"HLA-B*15:52",15248,156,513,669
"HLA-B*15:53",15248,172,538,710
"HLA-B*15:54",15248,170,549,719
"HLA-B*15:55",15248,216,595,811
"HLA-B*15:56",15248,213,635,848
"HLA-B*15:57",15248,193,572,765
"HLA-B*15:58",15248,195,557,752
"HLA-B*15:62",15248,168,553,721
"HLA-B*15:63",15248,184,517,701
"HLA-B*15:64",15248,188,557,745
"HLA-B*15:65",15248,201,608,809
"HLA-B*15:67",15248,214,673,887
"HLA-B*15:69",15248,172,541,713
"HLA-B*15:70",15248,185,551,736
"HLA-B*15:71",15248,186,566,752
"HLA-B*15:72",15248,169,546,715
"HLA-B*15:73",15248,192,554,746
"HLA-B*15:75",15248,204,567,771
"HLA-B*15:76",15248,217,627,844
"HLA-B*15:78",15248,203,555,758
"HLA-B*15:80",15248,175,568,743
"HLA-B*15:82",15248,203,555,758
"HLA-B*15:83",15248,139,500,639
"HLA-B*15:87",15248,183,570,753
"HLA-B*15:88",15248,221,621,842
"HLA-B*15:89",15248,215,601,816
"HLA-B*15:96",15248,200,567,767
"HLA-B*15:98",15248,167,541,708
"HLA-B*18:01",15248,128,497,625
"HLA-B*18:02",15248,116,500,616
"HLA-B*18:03",15248,123,515,638
"HLA-B*18:04",15248,173,601,774
"HLA-B*18:05",15248,128,497,625
"HLA-B*18:06",15248,123,462,585
"HLA-B*18:07",15248,181,609,790
"HLA-B*18:08
",15248,133,536,669
"HLA-B*18:09",15248,131,504,635
"HLA-B*18:10",15248,127,539,666
"HLA-B*18:11",15248,132,514,646
"HLA-B*18:114",15248,128,497,625
"HLA-B*18:12",15248,117,481,598
"HLA-B*18:13",15248,142,537,679
"HLA-B*18:14",15248,112,514,626
"HLA-B*18:15",15248,123,486,609
"HLA-B*18:18",15248,136,520,656
"HLA-B*18:19",15248,139,494,633
"HLA-B*18:20",15248,128,497,625
"HLA-B*18:22",15248,114,523,637
"HLA-B*18:25",15248,151,577,728
"HLA-B*18:28",15248,128,497,625
"HLA-B*18:30",15248,150,523,673
"HLA-B*18:32",15248,128,497,625
"HLA-B*18:33",15248,135,515,650
"HLA-B*18:34",15248,128,497,625
"HLA-B*18:36",15248,135,532,667
"HLA-B*18:37",15248,129,479,608
"HLA-B*18:40",15248,128,497,625
"HLA-B*18:43",15248,148,574,722
"HLA-B*18:44",15248,127,508,635
"HLA-B*18:49",15248,134,494,628
"HLA-B*18:60",15248,128,497,625
"HLA-B*18:68",15248,128,497,625
"HLA-B*18:69",15248,128,507,635
"HLA-B*18:73",15248,128,497,625
"HLA-B*18:95",15248,130,502,632
"HLA-B*27:01",15248,119,331,450
"HLA-B*27:02",15248,121,329,450
"HLA-B*27:03",15248,113,422,535
"HLA-B*27:04",15248,116,380,496
"HLA-B*27:05",15248,105,438,543
"HLA-B*27:06",15248,152,366,518
"HLA-B*27:07",15248,147,370,517
"HLA-B*27:08",15248,119,329,448
"HLA-B*27:09",15248,140,392,532
"HLA-B*27:10",15248,116,390,506
"HLA-B*27:12",15248,132,345,477
"HLA-B*27:14",15248,116,329,445
"HLA-B*27:15",15248,123,340,463
"HLA-B*27:17",15248,106,424,530
"HLA-B*27:18",15248,122,454,576
"HLA-B*27:19
",15248,114,448,562
"HLA-B*27:20",15248,145,364,509
"HLA-B*27:23",15248,161,604,765
"HLA-B*27:24",15248,143,374,517
"HLA-B*27:25",15248,123,413,536
"HLA-B*27:26",15248,114,350,464
"HLA-B*27:27",15248,154,351,505
"HLA-B*27:30",15248,127,359,486
"HLA-B*27:32",15248,107,441,548
"HLA-B*27:34",15248,149,369,518
"HLA-B*27:35",15248,149,367,516
"HLA-B*27:41",15248,129,375,504
"HLA-B*27:42",15248,110,359,469
"HLA-B*27:43",15248,150,361,511
"HLA-B*27:46",15248,152,378,530
"HLA-B*27:47",15248,135,413,548
"HLA-B*27:48",15248,109,412,521
"HLA-B*27:49",15248,109,412,521
"HLA-B*27:51",15248,105,438,543
"HLA-B*27:53",15248,119,338,457
"HLA-B*27:56",15248,109,412,521
"HLA-B*27:60",15248,109,412,521
"HLA-B*27:61",15248,115,382,497
"HLA-B*27:70",15248,114,435,549
"HLA-B*27:73",15248,109,412,521
"HLA-B*27:80",15248,109,412,521
"HLA-B*27:82",15248,109,412,521
"HLA-B*27:83",15248,125,322,447
"HLA-B*27:84",15248,109,412,521
"HLA-B*27:85",15248,109,412,521
"HLA-B*27:90",15248,109,412,521
"HLA-B*35:01",15248,223,645,868
"HLA-B*35:02",15248,194,553,747
"HLA-B*35:03",15248,181,526,707
"HLA-B*35:04",15248,194,553,747
"HLA-B*35:05",15248,204,628,832
"HLA-B*35:06",15248,196,551,747
"HLA-B*35:08",15248,225,684,909
"HLA-B*35:09",15248,194,553,747
"HLA-B*35:10",15248,216,644,860
"HLA-B*35:100",15248,225,683,908
"HLA-B*35:103
",15248,220,656,876
"HLA-B*35:104",15248,220,656,876
"HLA-B*35:106",15248,187,538,725
"HLA-B*35:108",15248,223,645,868
"HLA-B*35:109",15248,177,536,713
"HLA-B*35:11",15248,220,631,851
"HLA-B*35:112",15248,220,656,876
"HLA-B*35:115",15248,223,644,867
"HLA-B*35:116",15248,223,645,868
"HLA-B*35:12",15248,194,553,747
"HLA-B*35:121",15248,211,639,850
"HLA-B*35:123",15248,223,645,868
"HLA-B*35:128",15248,187,538,725
"HLA-B*35:13",15248,195,546,741
"HLA-B*35:132",15248,223,645,868
"HLA-B*35:136",15248,168,538,706
"HLA-B*35:139",15248,220,656,876
"HLA-B*35:14",15248,223,668,891
"HLA-B*35:15",15248,216,654,870
"HLA-B*35:157",15248,196,546,742
"HLA-B*35:158",15248,225,683,908
"HLA-B*35:16
",15248,212,596,808
"HLA-B*35:163",15248,191,557,748
"HLA-B*35:167",15248,179,535,714
"HLA-B*35:17",15248,212,633,845
"HLA-B*35:174",15248,225,683,908
"HLA-B*35:178",15248,223,645,868
"HLA-B*35:18",15248,199,603,802
"HLA-B*35:183",15248,195,551,746
"HLA-B*35:19",15248,217,650,867
"HLA-B*35:191",15248,220,656,876
"HLA-B*35:193",15248,187,538,725
"HLA-B*35:20",15248,199,642,841
"HLA-B*35:204",15248,187,538,725
"HLA-B*35:21",15248,221,616,837
"HLA-B*35:214",15248,220,656,876
"HLA-B*35:22",15248,175,526,701
"HLA-B*35:225",15248,225,683,908
"HLA-B*35:23",15248,221,650,871
"HLA-B*35:24",15248,223,629,852
"HLA-B*35:247",15248,220,656,876
"HLA-B*35:25",15248,207,643,850
"HLA-B*35:259",15248,223,654,877
"HLA-B*35:26",15248,185,579,764
"HLA-B*35:263",15248,223,645,868
"HLA-B*35:27",15248,220,649,869
"HLA-B*35:278",15248,187,538,725
"HLA-B*35:28",15248,189,574,763
"HLA-B*35:29",15248,191,627,818
"HLA-B*35:30",15248,212,633,845
"HLA-B*35:31",15248,174,549,723
"HLA-B*35:32",15248,220,654,874
"HLA-B*35:321",15248,195,551,746
"HLA-B*35:33",15248,186,550,736
"HLA-B*35:34",15248,182,531,713
"HLA-B*35:36",15248,181,526,707
"HLA-B*35:37",15248,163,497,660
"HLA-B*35:38",15248,191,524,715
"HLA-B*35:41",15248,219,648,867
"HLA-B*35:43",15248,224,664,888
"HLA-B*35:44",15248,197,575,772
"HLA-B*35:45",15248,236,703,939
"HLA-B*35:47",15248,217,650,867
"HLA-B*35:48",15248,218,662,880
"HLA-B*35:49",15248,213,634,847
"HLA-B*35:55",15248,181,526,707
"HLA-B*35:58",15248,204,595,799
"HLA-B*35:59",15248,196,547,743
"HLA-B*35:61",15248,225,683,908
"HLA-B*35:68",15248,220,654,874
"HLA-B*35:72",15248,198,616,814
"HLA-B*35:74",15248,191,526,717
"HLA-B*35:77",15248,223,645,868
"HLA-B*35:80",15248,226,693,919
"HLA-B*35:81",15248,189,544,733
"HLA-B*35:87",15248,179,521,700
"HLA-B*35:90",15248,224,651,875
"HLA-B*35:93",15248,224,635,859
"HLA-B*35:95",15248,161,622,783
"HLA-B*35:96",15248,170,522,692
"HLA-B*37:01",15248,139,590,729
"HLA-B*37:02",15248,153,549,702
"HLA-B*37:04",15248,132,575,707
"HLA-B*37:05",15248,135,537,672
"HLA-B*37:07",15248,132,525,657
"HLA-B*37:09",15248,123,512,635
"HLA-B*37:10",15248,143,559,702
"HLA-B*37:17",15248,144,585,729
"HLA-B*37:18",15248,140,579,719
"HLA-B*37:21",15248,169,581,750
"HLA-B*37:22",15248,139,600,739
"HLA-B*37:27",15248,140,579,719
"HLA-B*37:35",15248,124,570,694
"HLA-B*37:48",15248,138,606,744
"HLA-B*38:01
",15248,151,515,666
"HLA-B*38:02",15248,154,517,671
"HLA-B*38:03",15248,138,492,630
"HLA-B*38:06",15248,192,616,808
"HLA-B*38:09",15248,151,515,666
"HLA-B*38:12",15248,151,515,666
"HLA-B*38:13",15248,154,502,656
"HLA-B*38:14",15248,146,496,642
"HLA-B*38:15",15248,154,522,676
"HLA-B*38:17",15248,156,523,679
"HLA-B*38:24",15248,151,515,666
"HLA-B*38:27",15248,158,516,674
"HLA-B*38:31",15248,154,502,656
"HLA-B*38:32",15248,150,511,661
"HLA-B*38:35",15248,154,517,671
"HLA-B*38:37",15248,157,515,672
"HLA-B*39:01",15248,142,455,597
"HLA-B*39:02",15248,138,480,618
"HLA-B*39:03",15248,144,449,593
"HLA-B*39:04",15248,142,455,597
"HLA-B*39:05",15248,151,486,637
"HLA-B*39:06",15248,120,424,544
"HLA-B*39:07",15248,164,508,672
"HLA-B*39:08",15248,144,533,677
"HLA-B*39:09",15248,153,473,626
"HLA-B*39:10",15248,173,519,692
"HLA-B*39:11",15248,175,501,676
"HLA-B*39:12",15248,140,450,590
"HLA-B*39:13",15248,126,513,639
"HLA-B*39:14",15248,142,451,593
"HLA-B*39:15",15248,143,441,584
"HLA-B*39:19",15248,153,500,653
"HLA-B*39:20",15248,184,559,743
"HLA-B*39:22",15248,149,441,590
"HLA-B*39:24",15248,144,449,593
"HLA-B*39:26",15248,146,457,603
"HLA-B*39:29",15248,134,440,574
"HLA-B*39:31",15248,147,460,607
"HLA-B*39:33",15248,159,472,631
"HLA-B*39:34",15248,128,425,553
"HLA-B*39:37",15248,136,469,605
"HLA-B*39:39",15248,129,530,659
"HLA-B*39:43",15248,136,493,629
"HLA-B*39:47",15248,152,473,625
"HLA-B*39:53",15248,146,457,603
"HLA-B*39:57
",15248,126,423,549
"HLA-B*39:62",15248,120,424,544
"HLA-B*39:68",15248,146,457,603
"HLA-B*39:75",15248,146,457,603
"HLA-B*39:79",15248,146,435,581
"HLA-B*39:93",15248,146,457,603
"HLA-B*40:01",15248,128,455,583
"HLA-B*40:02",15248,123,466,589
"HLA-B*40:03",15248,122,456,578
"HLA-B*40:04",15248,128,455,583
"HLA-B*40:05",15248,115,470,585
"HLA-B*40:06",15248,110,363,473
"HLA-B*40:07",15248,155,546,701
"HLA-B*40:08",15248,139,566,705
"HLA-B*40:09",15248,114,457,571
"HLA-B*40:10",15248,143,559,702
"HLA-B*40:102",15248,131,440,571
"HLA-B*40:103",15248,114,363,477
"HLA-B*40:108",15248,131,440,571
"HLA-B*40:11",15248,130,456,586
"HLA-B*40:110",15248,142,501,643
"HLA-B*40:111",15248,123,466,589
"HLA-B*40:113",15248,131,448,579
"HLA-B*40:114",15248,131,456,587
"HLA-B*40:115",15248,128,483,611
"HLA-B*40:117",15248,127,506,633
"HLA-B*40:119",15248,115,486,601
"HLA-B*40:12",15248,135,529,664
"HLA-B*40:126",15248,131,440,571
"HLA-B*40:129",15248,129,531,660
"HLA-B*40:13",15248,152,526,678
"HLA-B*40:130",15248,131,440,571
"HLA-B*40:135",15248,131,440,571
"HLA-B*40:14",15248,137,443,580
"HLA-B*40:157",15248,117,506,623
"HLA-B*40:159",15248,100,365,465
"HLA-B*40:16",15248,132,485,617
"HLA-B*40:160",15248,130,449,579
"HLA-B*40:168",15248,131,444,575
"HLA-B*40:177",15248,114,363,477
"HLA-B*40:18",15248,119,456,575
"HLA-B*40:183",15248,125,462,587
"HLA-B*40:19",15248,115,531,646
"HLA-B*40:197",15248,131,440,571
"HLA-B*40:20",15248,125,460,585
"HLA-B*40:200",15248,127,463,590
"HLA-B*40:201",15248,124,492,616
"HLA-B*40:203",15248,127,463,590
"HLA-B*40:21",15248,178,563,741
"HLA-B*40:226",15248,114,463,577
"HLA-B*40:23",15248,142,492,634
"HLA-B*40:26",15248,126,454,580
"HLA-B*40:27",15248,125,503,628
"HLA-B*40:295",15248,114,363,477
"HLA-B*40:30",15248,115,511,626
"HLA-B*40:31",15248,115,483,598
"HLA-B*40:310",15248,128,455,583
"HLA-B*40:32",15248,134,473,607
"HLA-B*40:334",15248,123,466,589
"HLA-B*40:35",15248,127,463,590
"HLA-B*40:40",15248,113,530,643
"HLA-B*40:42",15248,125,447,572
"HLA-B*40:43",15248,118,520,638
"HLA-B*40:44",15248,116,364,480
"HLA-B*40:47",15248,132,474,606
"HLA-B*40:48",15248,118,490,608
"HLA-B*40:49",15248,127,545,672
"HLA-B*40:50",15248,111,478,589
"HLA-B*40:52",15248,121,472,593
"HLA-B*40:53",15248,110,363,473
"HLA-B*40:61",15248,151,555,706
"HLA-B*40:63",15248,125,479,604
"HLA-B*40:64",15248,128,455,583
"HLA-B*40:72
",15248,130,448,578
"HLA-B*40:74",15248,128,455,583
"HLA-B*40:78",15248,127,463,590
"HLA-B*40:79",15248,127,456,583
"HLA-B*40:84",15248,131,440,571
"HLA-B*40:87",15248,131,440,571
"HLA-B*40:90",15248,122,471,593
"HLA-B*40:94",15248,123,466,589
"HLA-B*40:95",15248,122,364,486
"HLA-B*40:99",15248,128,455,583
"HLA-B*41:01",15248,133,358,491
"HLA-B*41:02",15248,128,444,572
"HLA-B*41:03",15248,138,433,571
"HLA-B*41:05",15248,138,369,507
"HLA-B*41:06",15248,133,358,491
"HLA-B*41:07",15248,133,358,491
"HLA-B*41:09",15248,132,363,495
"HLA-B*41:10
",15248,133,448,581
"HLA-B*41:11",15248,133,448,581
"HLA-B*41:14",15248,131,377,508
"HLA-B*41:16",15248,133,358,491
"HLA-B*41:18",15248,127,452,579
"HLA-B*41:19",15248,124,466,590
"HLA-B*42:01",15248,147,456,603
"HLA-B*42:02",15248,152,468,620
"HLA-B*42:05",15248,143,466,609
"HLA-B*42:07",15248,159,479,638
"HLA-B*42:10",15248,143,466,609
"HLA-B*42:18",15248,158,459,617
"HLA-B*44:02",15248,150,414,564
"HLA-B*44:03",15248,152,422,574
"HLA-B*44:04",15248,162,480,642
"HLA-B*44:05",15248,158,432,590
"HLA-B*44:06",15248,196,627,823
"HLA-B*44:07",15248,152,422,574
"HLA-B*44:08",15248,139,564,703
"HLA-B*44:09",15248,141,438,579
"HLA-B*44:10",15248,139,531,670
"HLA-B*44:104",15248,148,442,590
"HLA-B*44:107",15248,145,493,638
"HLA-B*44:111",15248,0,15248,15248
"HLA-B*44:115",15248,152,422,574
"HLA-B*44:116",15248,148,442,590
"HLA-B*44:120",15248,0,15248,15248
"HLA-B*44:122",15248,0,15248,15248
"HLA-B*44:13",15248,152,422,574
"HLA-B*44:146",15248,131,507,638
"HLA-B*44:15",15248,134,370,504
"HLA-B*44:166",15248,124,537,661
"HLA-B*44:17",15248,150,441,591
"HLA-B*44:18",15248,147,390,537
"HLA-B*44:20",15248,140,352,492
"HLA-B*44:205",15248,0,15248,15248
"HLA-B*44:21",15248,147,451,598
"HLA-B*44:22",15248,148,442,590
"HLA-B*44:24",15248,150,414,564
"HLA-B*44:25",15248,143,499,642
"HLA-B*44:28",15248,149,514,663
"HLA-B*44:29",15248,143,450,593
"HLA-B*44:30",15248,152,422,574
"HLA-B*44:31",15248,139,548,687
"HLA-B*44:32",15248,142,442,584
"HLA-B*44:34",15248,138,510,648
"HLA-B*44:36",15248,0,15248,15248
"HLA-B*44:37",15248,127,496,623
"HLA-B*44:41",15248,152,408,560
"HLA-B*44:43",15248,138,506,644
"HLA-B*44:45",15248,0,15248,15248
"HLA-B*44:48",15248,148,442,590
"HLA-B*44:50",15248,141,495,636
"HLA-B*44:60",15248,158,577,735
"HLA-B*44:64",15248,130,511,641
"HLA-B*44:67
",15248,148,442,590
"HLA-B*44:68",15248,148,442,590
"HLA-B*44:73",15248,140,454,594
"HLA-B*44:74",15248,148,442,590
"HLA-B*44:76",15248,138,523,661
"HLA-B*44:77",15248,148,482,630
"HLA-B*44:80",15248,148,442,590
"HLA-B*44:83",15248,134,559,693
"HLA-B*44:84",15248,148,442,590
"HLA-B*44:86",15248,148,442,590
"HLA-B*44:87",15248,148,442,590
"HLA-B*44:88",15248,148,442,590
"HLA-B*44:91",15248,134,478,612
"HLA-B*44:92",15248,135,472,607
"HLA-B*44:96",15248,131,514,645
"HLA-B*44:98",15248,0,15248,15248
"HLA-B*44:99",15248,148,442,590
"HLA-B*45:01",15248,105,350,455
"HLA-B*45:02",15248,118,359,477
"HLA-B*46:01",15248,223,597,820
"HLA-B*46:22",15248,216,599,815
"HLA-B*47:01",15248,159,580,739
"HLA-B*47:02",15248,134,532,666
"HLA-B*47:03",15248,134,532,666
"HLA-B*47:04",15248,127,497,624
"HLA-B*47:05",15248,143,549,692
"HLA-B*48:01",15248,147,526,673
"HLA-B*48:02",15248,165,558,723
"HLA-B*48:03",15248,135,529,664
"HLA-B*48:04",15248,147,526,673
"HLA-B*48:05",15248,151,504,655
"HLA-B*48:06",15248,173,532,705
"HLA-B*48:07",15248,146,506,652
"HLA-B*48:12",15248,144,479,623
"HLA-B*48:13",15248,144,479,623
"HLA-B*48:24
",15248,136,527,663
"HLA-B*48:26",15248,151,526,677
"HLA-B*48:29",15248,136,527,663
"HLA-B*49:01",15248,138,421,559
"HLA-B*49:04",15248,120,422,542
"HLA-B*49:09",15248,136,432,568
"HLA-B*49:18",15248,151,433,584
"HLA-B*50:01",15248,106,362,468
"HLA-B*50:02",15248,116,352,468
"HLA-B*50:04",15248,106,362,468
"HLA-B*50:08",15248,112,367,479
"HLA-B*50:09",15248,130,368,498
"HLA-B*50:12",15248,113,428,541
"HLA-B*51:01",15248,168,544,712
"HLA-B*51:02",15248,169,555,724
"HLA-B*51:04",15248,174,594,768
"HLA-B*51:05",15248,182,585,767
"HLA-B*51:06",15248,172,586,758
"HLA-B*51:07",15248,166,524,690
"HLA-B*51:08",15248,172,551,723
"HLA-B*51:09",15248,165,570,735
"HLA-B*51:10",15248,179,567,746
"HLA-B*51:100",15248,166,545,711
"HLA-B*51:105",15248,168,544,712
"HLA-B*51:107",15248,166,545,711
"HLA-B*51:109",15248,166,545,711
"HLA-B*51:114",15248,166,545,711
"HLA-B*51:116",15248,157,541,698
"HLA-B*51:117",15248,166,545,711
"HLA-B*51:122",15248,162,577,739
"HLA-B*51:123",15248,166,545,711
"HLA-B*51:127",15248,166,545,711
"HLA-B*51:13",15248,167,551,718
"HLA-B*51:134",15248,166,545,711
"HLA-B*51:14",15248,163,546,709
"HLA-B*51:158",15248,166,545,711
"HLA-B*51:17",15248,168,544,712
"HLA-B*51:177",15248,166,545,711
"HLA-B*51:19",15248,162,583,745
"HLA-B*51:20",15248,162,533,695
"HLA-B*51:21",15248,167,568,735
"HLA-B*51:22",15248,165,521,686
"HLA-B*51:23",15248,172,584,756
"HLA-B*51:24",15248,166,545,711
"HLA-B*51:26",15248,166,545,711
"HLA-B*51:29",15248,173,581,754
"HLA-B*51:31",15248,171,574,745
"HLA-B*51:33",15248,166,545,711
"HLA-B*51:34",15248,180,536,716
"HLA-B*51:36",15248,171,575,746
"HLA-B*51:37",15248,170,503,673
"HLA-B*51:38",15248,166,545,711
"HLA-B*51:39",15248,168,544,712
"HLA-B*51:40",15248,166,576,742
"HLA-B*51:43",15248,168,544,712
"HLA-B*51:46",15248,161,560,721
"HLA-B*51:49",15248,168,544,712
"HLA-B*51:50",15248,170,535,705
"HLA-B*51:55
",15248,171,575,746
"HLA-B*51:56",15248,169,594,763
"HLA-B*51:61",15248,161,605,766
"HLA-B*51:64",15248,156,556,712
"HLA-B*51:65",15248,168,544,712
"HLA-B*51:67",15248,166,545,711
"HLA-B*51:68",15248,154,515,669
"HLA-B*51:69",15248,166,545,711
"HLA-B*51:70",15248,166,545,711
"HLA-B*51:71",15248,166,545,711
"HLA-B*51:73",15248,162,577,739
"HLA-B*51:74",15248,166,545,711
"HLA-B*51:75",15248,168,544,712
"HLA-B*51:76",15248,169,549,718
"HLA-B*51:79",15248,168,544,712
"HLA-B*51:82",15248,168,601,769
"HLA-B*51:83",15248,168,544,712
"HLA-B*51:87",15248,165,548,713
"HLA-B*52:01",15248,165,483,648
"HLA-B*52:02",15248,177,478,655
"HLA-B*52:03",15248,162,510,672
"HLA-B*52:04",15248,165,483,648
"HLA-B*52:06",15248,182,527,709
"HLA-B*52:10",15248,149,506,655
"HLA-B*52:11",15248,174,490,664
"HLA-B*52:17",15248,165,505,670
"HLA-B*52:21",15248,155,515,670
"HLA-B*52:25",15248,155,508,663
"HLA-B*52:27",15248,144,515,659
"HLA-B*52:37",15248,147,515,662
"HLA-B*53:01",15248,203,617,820
"HLA-B*53:04",15248,190,585,775
"HLA-B*53:05
",15248,200,637,837
"HLA-B*53:06",15248,188,635,823
"HLA-B*53:09",15248,183,627,810
"HLA-B*53:10",15248,203,617,820
"HLA-B*53:15",15248,206,600,806
"HLA-B*53:18",15248,206,600,806
"HLA-B*53:20",15248,206,600,806
"HLA-B*53:23",15248,188,598,786
"HLA-B*53:24",15248,210,629,839
"HLA-B*53:28",15248,156,557,713
"HLA-B*53:31",15248,181,614,795
"HLA-B*54:01",15248,148,426,574
"HLA-B*55:01",15248,140,373,513
"HLA-B*55:02",15248,146,368,514
"HLA-B*55:03",15248,152,396,548
"HLA-B*55:04",15248,144,470,614
"HLA-B*55:05",15248,140,373,513
"HLA-B*55:07",15248,148,426,574
"HLA-B*55:09",15248,160,391,551
"HLA-B*55:11",15248,142,385,527
"HLA-B*55:12",15248,141,372,513
"HLA-B*55:14",15248,161,514,675
"HLA-B*55:17",15248,154,376,530
"HLA-B*55:18",15248,112,451,563
"HLA-B*55:20",15248,153,385,538
"HLA-B*55:21",15248,141,415,556
"HLA-B*55:23",15248,147,373,520
"HLA-B*55:25",15248,139,367,506
"HLA-B*55:29",15248,139,367,506
"HLA-B*55:31",15248,160,371,531
"HLA-B*55:33",15248,139,367,506
"HLA-B*55:45",15248,139,367,506
"HLA-B*55:78",15248,148,374,522
"HLA-B*56:01",15248,145,377,522
"HLA-B*56:02",15248,164,478,642
"HLA-B*56:03",15248,177,577,754
"HLA-B*56:04",15248,164,478,642
"HLA-B*56:05",15248,148,401,549
"HLA-B*56:07",15248,148,432,580
"HLA-B*56:10",15248,166,471,637
"HLA-B*56:13",15248,142,375,517
"HLA-B*56:15",15248,142,385,527
"HLA-B*56:16",15248,147,383,530
"HLA-B*56:22",15248,147,377,524
"HLA-B*56:25",15248,148,374,522
"HLA-B*56:27
",15248,145,377,522
"HLA-B*56:33",15248,142,450,592
"HLA-B*57:01",15248,193,640,833
"HLA-B*57:02",15248,243,622,865
"HLA-B*57:03",15248,220,619,839
"HLA-B*57:04",15248,211,655,866
"HLA-B*57:05",15248,250,655,905
"HLA-B*57:09",15248,227,644,871
"HLA-B*57:11",15248,190,623,813
"HLA-B*57:14",15248,197,639,836
"HLA-B*57:15",15248,197,644,841
"HLA-B*57:21",15248,195,642,837
"HLA-B*57:22",15248,207,622,829
"HLA-B*57:23",15248,195,642,837
"HLA-B*57:24",15248,205,644,849
"HLA-B*57:26",15248,203,631,834
"HLA-B*57:32",15248,218,654,872
"HLA-B*57:34",15248,195,642,837
"HLA-B*57:40",15248,195,642,837
"HLA-B*57:44",15248,195,642,837
"HLA-B*57:48",15248,193,640,833
"HLA-B*57:58",15248,202,633,835
"HLA-B*57:61",15248,195,642,837
"HLA-B*58:01",15248,195,679,874
"HLA-B*58:02",15248,192,621,813
"HLA-B*58:04",15248,196,647,843
"HLA-B*58:05",15248,206,657,863
"HLA-B*58:06",15248,191,634,825
"HLA-B*58:08",15248,212,580,792
"HLA-B*58:16",15248,198,680,878
"HLA-B*58:18",15248,189,672,861
"HLA-B*58:23",15248,195,674,869
"HLA-B*58:28",15248,230,653,883
"HLA-B*58:37",15248,203,665,868
"HLA-B*58:62",15248,195,674,869
"HLA-B*59:01",15248,174,544,718
"HLA-B*67:01",15248,167,493,660
"HLA-B*67:02",15248,213,594,807
"HLA-B*73:01",15248,129,358,487
"HLA-B*78:01",15248,157,484,641
"HLA-B*78:02",15248,158,508,666
"HLA-B*78:04",15248,177,452,629
"HLA-B*81:01",15248,158,500,658
"HLA-B*81:05",15248,154,523,677
"HLA-B*82:01",15248,183,482,665
"HLA-B*82:02
",15248,183,482,665
"HLA-B*83:01",15248,180,586,766
"HLA-C*01:02",15248,187,578,765
"HLA-C*01:03",15248,193,631,824
"HLA-C*01:04",15248,188,584,772
"HLA-C*01:06",15248,195,581,776
"HLA-C*01:07",15248,191,577,768
"HLA-C*01:08",15248,187,578,765
"HLA-C*01:10",15248,196,588,784
"HLA-C*01:103",15248,194,568,762
"HLA-C*01:12",15248,202,589,791
"HLA-C*01:13",15248,187,578,765
"HLA-C*01:14",15248,197,602,799
"HLA-C*01:17",15248,191,579,770
"HLA-C*01:22",15248,185,519,704
"HLA-C*01:27",15248,187,578,765
"HLA-C*01:30",15248,181,577,758
"HLA-C*01:32",15248,191,577,768
"HLA-C*01:33",15248,191,577,768
"HLA-C*01:45",15248,187,578,765
"HLA-C*01:51",15248,193,584,777
"HLA-C*01:52",15248,191,577,768
"HLA-C*01:54",15248,194,577,771
"HLA-C*01:58",15248,191,577,768
"HLA-C*01:59",15248,191,583,774
"HLA-C*01:62",15248,191,577,768
"HLA-C*01:67",15248,187,578,765
"HLA-C*01:70",15248,187,578,765
"HLA-C*01:74",15248,191,577,768
"HLA-C*01:96",15248,191,577,768
"HLA-C*02:02",15248,216,650,866
"HLA-C*02:03",15248,207,656,863
"HLA-C*02:04",15248,228,630,858
"HLA-C*02:05",15248,184,612,796
"HLA-C*02:06",15248,205,620,825
"HLA-C*02:07",15248,242,633,875
"HLA-C*02:08",15248,216,650,866
"HLA-C*02:12",15248,221,609,830
"HLA-C*02:13",15248,218,655,873
"HLA-C*02:14",15248,186,632,818
"HLA-C*02:16",15248,196,606,802
"HLA-C*02:19",15248,211,624,835
"HLA-C*02:21",15248,216,650,866
"HLA-C*02:23",15248,210,614,824
"HLA-C*02:24",15248,220,636,856
"HLA-C*02:26
",15248,220,636,856
"HLA-C*02:27",15248,219,625,844
"HLA-C*02:30",15248,220,636,856
"HLA-C*02:31",15248,220,636,856
"HLA-C*02:32",15248,239,682,921
"HLA-C*02:34",15248,220,636,856
"HLA-C*02:35",15248,217,651,868
"HLA-C*02:40",15248,220,636,856
"HLA-C*02:43",15248,223,627,850
"HLA-C*02:44",15248,216,650,866
"HLA-C*02:45",15248,220,636,856
"HLA-C*02:46",15248,216,650,866
"HLA-C*02:48",15248,220,636,856
"HLA-C*02:49",15248,219,634,853
"HLA-C*02:55",15248,211,643,854
"HLA-C*02:56",15248,220,636,856
"HLA-C*02:87",15248,219,625,844
"HLA-C*03:02",15248,197,602,799
"HLA-C*03:03",15248,194,647,841
"HLA-C*03:04",15248,198,575,773
"HLA-C*03:05",15248,189,554,743
"HLA-C*03:06",15248,199,583,782
"HLA-C*03:07",15248,201,594,795
"HLA-C*03:08",15248,206,582,788
"HLA-C*03:09",15248,198,575,773
"HLA-C*03:10",15248,198,585,783
"HLA-C*03:103",15248,197,639,836
"HLA-C*03:109",15248,202,578,780
"HLA-C*03:11",15248,225,636,861
"HLA-C*03:113",15248,206,575,781
"HLA-C*03:115",15248,202,578,780
"HLA-C*03:116",15248,194,651,845
"HLA-C*03:117",15248,232,651,883
"HLA-C*03:120",15248,194,651,845
"HLA-C*03:122",15248,194,651,845
"HLA-C*03:126",15248,194,647,841
"HLA-C*03:127",15248,200,608,808
"HLA-C*03:13",15248,198,649,847
"HLA-C*03:136",15248,201,578,779
"HLA-C*03:139",15248,196,613,809
"HLA-C*03:14",15248,199,605,804
"HLA-C*03:140",15248,205,579,784
"HLA-C*03:143",15248,185,556,741
"HLA-C*03:147",15248,202,578,780
"HLA-C*03:148",15248,202,578,780
"HLA-C*03:151",15248,194,647,841
"HLA-C*03:153",15248,201,578,779
"HLA-C*03:154",15248,202,578,780
"HLA-C*03:159",15248,202,578,780
"HLA-C*03:16",15248,200,582,782
"HLA-C*03:17",15248,182,532,714
"HLA-C*03:18",15248,194,647,841
"HLA-C*03:19",15248,201,590,791
"HLA-C*03:21",15248,208,619,827
"HLA-C*03:251",15248,229,669,898
"HLA-C*03:258
",15248,197,602,799
"HLA-C*03:26",15248,202,571,773
"HLA-C*03:28",15248,233,622,855
"HLA-C*03:30",15248,194,647,841
"HLA-C*03:32",15248,198,575,773
"HLA-C*03:35",15248,200,588,788
"HLA-C*03:36",15248,212,632,844
"HLA-C*03:37",15248,203,582,785
"HLA-C*03:38",15248,200,562,762
"HLA-C*03:40",15248,205,598,803
"HLA-C*03:41",15248,202,578,780
"HLA-C*03:42",15248,205,598,803
"HLA-C*03:43
",15248,209,632,841
"HLA-C*03:44",15248,198,575,773
"HLA-C*03:45",15248,204,601,805
"HLA-C*03:46",15248,198,575,773
"HLA-C*03:47",15248,198,575,773
"HLA-C*03:49",15248,229,679,908
"HLA-C*03:51",15248,203,581,784
"HLA-C*03:53",15248,194,647,841
"HLA-C*03:54",15248,200,583,783
"HLA-C*03:56",15248,194,647,841
"HLA-C*03:59",15248,194,651,845
"HLA-C*03:60",15248,196,613,809
"HLA-C*03:64",15248,198,575,773
"HLA-C*03:69",15248,190,636,826
"HLA-C*03:70",15248,199,563,762
"HLA-C*03:75",15248,194,647,841
"HLA-C*03:78",15248,200,608,808
"HLA-C*03:81",15248,194,647,841
"HLA-C*03:85",15248,194,647,841
"HLA-C*03:86",15248,198,584,782
"HLA-C*03:87",15248,198,575,773
"HLA-C*03:88",15248,194,651,845
"HLA-C*03:91",15248,202,578,780
"HLA-C*03:94",15248,193,587,780
"HLA-C*04:01",15248,231,705,936
"HLA-C*04:03",15248,250,688,938
"HLA-C*04:04",15248,215,612,827
"HLA-C*04:05",15248,231,705,936
"HLA-C*04:06",15248,218,623,841
"HLA-C*04:07",15248,231,705,936
"HLA-C*04:08",15248,240,701,941
"HLA-C*04:10",15248,237,692,929
"HLA-C*04:104
",15248,241,693,934
"HLA-C*04:108",15248,231,682,913
"HLA-C*04:11",15248,235,664,899
"HLA-C*04:113",15248,233,668,901
"HLA-C*04:114",15248,239,685,924
"HLA-C*04:118",15248,241,693,934
"HLA-C*04:12",15248,241,693,934
"HLA-C*04:121",15248,241,693,934
"HLA-C*04:125",15248,241,693,934
"HLA-C*04:13",15248,209,622,831
"HLA-C*04:131",15248,231,705,936
"HLA-C*04:132",15248,236,700,936
"HLA-C*04:139",15248,231,705,936
"HLA-C*04:14",15248,237,680,917
"HLA-C*04:141",15248,241,693,934
"HLA-C*04:15",15248,240,684,924
"HLA-C*04:150",15248,241,693,934
"HLA-C*04:153",15248,237,692,929
"HLA-C*04:155",15248,231,705,936
"HLA-C*04:16",15248,248,694,942
"HLA-C*04:163",15248,241,693,934
"HLA-C*04:17",15248,240,684,924
"HLA-C*04:180",15248,231,705,936
"HLA-C*04:19",15248,231,705,936
"HLA-C*04:204",15248,241,693,934
"HLA-C*04:207",15248,241,693,934
"HLA-C*04:209",15248,241,693,934
"HLA-C*04:218",15248,245,697,942
"HLA-C*04:23",15248,231,682,913
"HLA-C*04:24",15248,241,693,934
"HLA-C*04:26",15248,231,705,936
"HLA-C*04:27",15248,230,730,960
"HLA-C*04:29",15248,235,665,900
"HLA-C*04:32",15248,232,701,933
"HLA-C*04:33",15248,231,705,936
"HLA-C*04:34",15248,205,627,832
"HLA-C*04:36",15248,235,664,899
"HLA-C*04:37",15248,213,615,828
"HLA-C*04:39",15248,241,693,934
"HLA-C*04:40",15248,240,693,933
"HLA-C*04:45",15248,241,693,934
"HLA-C*04:46",15248,241,693,934
"HLA-C*04:47",15248,241,693,934
"HLA-C*04:52",15248,239,718,957
"HLA-C*04:54",15248,226,696,922
"HLA-C*04:55",15248,228,699,927
"HLA-C*04:56",15248,231,705,936
"HLA-C*04:63",15248,231,705,936
"HLA-C*04:65",15248,231,705,936
"HLA-C*04:70",15248,231,705,936
"HLA-C*04:71",15248,241,681,922
"HLA-C*04:75",15248,241,693,934
"HLA-C*04:77",15248,232,701,933
"HLA-C*04:86",15248,240,712,952
"HLA-C*04:87",15248,241,693,934
"HLA-C*04:96",15248,241,693,934
"HLA-C*05:01",15248,253,690,943
"HLA-C*05:04",15248,245,674,919
"HLA-C*05:05",15248,253,690,943
"HLA-C*05:06",15248,253,696,949
"HLA-C*05:08",15248,219,646,865
"HLA-C*05:09",15248,253,690,943
"HLA-C*05:10",15248,249,679,928
"HLA-C*05:104",15248,251,689,940
"HLA-C*05:11",15248,223,627,850
"HLA-C*05:111",15248,241,693,934
"HLA-C*05:13",15248,253,690,943
"HLA-C*05:14",15248,253,690,943
"HLA-C*05:15",15248,258,689,947
"HLA-C*05:16",15248,228,630,858
"HLA-C*05:18",15248,253,696,949
"HLA-C*05:19",15248,253,690,943
"HLA-C*05:22",15248,233,680,913
"HLA-C*05:24",15248,253,696,949
"HLA-C*05:26",15248,253,690,943
"HLA-C*05:27",15248,214,631,845
"HLA-C*05:28",15248,253,696,949
"HLA-C*05:29",15248,253,690,943
"HLA-C*05:32",15248,251,700,951
"HLA-C*05:33",15248,254,709,963
"HLA-C*05:34",15248,253,696,949
"HLA-C*05:35",15248,253,690,943
"HLA-C*05:36",15248,253,690,943
"HLA-C*05:39
",15248,242,680,922
"HLA-C*05:43",15248,231,690,921
"HLA-C*05:44",15248,253,696,949
"HLA-C*05:46",15248,247,675,922
"HLA-C*05:47",15248,245,702,947
"HLA-C*05:55",15248,239,714,953
"HLA-C*05:65",15248,253,696,949
"HLA-C*05:67",15248,253,696,949
"HLA-C*05:77",15248,253,696,949
"HLA-C*05:80",15248,253,696,949
"HLA-C*05:97",15248,253,696,949
"HLA-C*05:98",15248,251,707,958
"HLA-C*06:02",15248,154,557,711
"HLA-C*06:03",15248,180,608,788
"HLA-C*06:04",15248,148,570,718
"HLA-C*06:06",15248,180,614,794
"HLA-C*06:07",15248,154,557,711
"HLA-C*06:08",15248,157,563,720
"HLA-C*06:09",15248,171,569,740
"HLA-C*06:10",15248,158,562,720
"HLA-C*06:11",15248,142,546,688
"HLA-C*06:115",15248,0,15248,15248
"HLA-C*06:12",15248,154,557,711
"HLA-C*06:127",15248,170,635,805
"HLA-C*06:13",15248,154,557,711
"HLA-C*06:138",15248,153,575,728
"HLA-C*06:14",15248,158,560,718
"HLA-C*06:18",15248,0,15248,15248
"HLA-C*06:23",15248,162,574,736
"HLA-C*06:26",15248,0,15248,15248
"HLA-C*06:27",15248,154,557,711
"HLA-C*06:28",15248,158,571,729
"HLA-C*06:30",15248,154,557,711
"HLA-C*06:32",15248,0,15248,15248
"HLA-C*06:34",15248,159,523,682
"HLA-C*06:35",15248,178,589,767
"HLA-C*06:37",15248,0,15248,15248
"HLA-C*06:38",15248,154,557,711
"HLA-C*06:39",15248,154,557,711
"HLA-C*06:47",15248,151,547,698
"HLA-C*06:50",15248,0,15248,15248
"HLA-C*06:53",15248,154,608,762
"HLA-C*06:54",15248,0,15248,15248
"HLA-C*06:58",15248,154,557,711
"HLA-C*06:59",15248,154,557,711
"HLA-C*06:65",15248,0,15248,15248
"HLA-C*06:66
",15248,0,15248,15248
"HLA-C*06:70",15248,0,15248,15248
"HLA-C*06:71",15248,154,546,700
"HLA-C*06:86",15248,0,15248,15248
"HLA-C*06:87",15248,154,557,711
"HLA-C*06:91",15248,0,15248,15248
"HLA-C*06:96",15248,160,639,799
"HLA-C*07:01",15248,140,478,618
"HLA-C*07:02",15248,162,552,714
"HLA-C*07:04",15248,192,508,700
"HLA-C*07:05",15248,158,502,660
"HLA-C*07:07",15248,143,497,640
"HLA-C*07:09",15248,147,483,630
"HLA-C*07:10",15248,163,556,719
"HLA-C*07:100",15248,162,552,714
"HLA-C*07:101",15248,195,501,696
"HLA-C*07:102",15248,166,554,720
"HLA-C*07:105",15248,166,554,720
"HLA-C*07:106",15248,140,478,618
"HLA-C*07:108",15248,146,479,625
"HLA-C*07:112",15248,140,478,618
"HLA-C*07:114",15248,166,554,720
"HLA-C*07:116",15248,144,474,618
"HLA-C*07:117",15248,166,554,720
"HLA-C*07:118",15248,140,478,618
"HLA-C*07:119",15248,140,478,618
"HLA-C*07:12",15248,192,519,711
"HLA-C*07:120",15248,145,478,623
"HLA-C*07:122",15248,144,474,618
"HLA-C*07:123",15248,166,554,720
"HLA-C*07:124",15248,158,505,663
"HLA-C*07:126",15248,166,554,720
"HLA-C*07:127",15248,166,554,720
"HLA-C*07:128",15248,144,474,618
"HLA-C*07:13",15248,188,514,702
"HLA-C*07:130",15248,166,554,720
"HLA-C*07:137",15248,170,543,713
"HLA-C*07:138",15248,163,556,719
"HLA-C*07:141
",15248,152,486,638
"HLA-C*07:143",15248,166,554,720
"HLA-C*07:147",15248,162,552,714
"HLA-C*07:148",15248,144,474,618
"HLA-C*07:149",15248,162,552,714
"HLA-C*07:15",15248,176,560,736
"HLA-C*07:151",15248,142,524,666
"HLA-C*07:154",15248,162,552,714
"HLA-C*07:155",15248,173,560,733
"HLA-C*07:16",15248,140,478,618
"HLA-C*07:165",15248,141,488,629
"HLA-C*07:17",15248,168,563,731
"HLA-C*07:172",15248,171,581,752
"HLA-C*07:173",15248,144,474,618
"HLA-C*07:179",15248,144,474,618
"HLA-C*07:180",15248,144,474,618
"HLA-C*07:181",15248,195,501,696
"HLA-C*07:184",15248,180,499,679
"HLA-C*07:19",15248,151,501,652
"HLA-C*07:192",15248,166,554,720
"HLA-C*07:196",15248,140,487,627
"HLA-C*07:199",15248,190,514,704
"HLA-C*07:205",15248,140,478,618
"HLA-C*07:206",15248,144,474,618
"HLA-C*07:209",15248,178,539,717
"HLA-C*07:21",15248,140,478,618
"HLA-C*07:212",15248,153,494,647
"HLA-C*07:214",15248,144,474,618
"HLA-C*07:218",15248,166,554,720
"HLA-C*07:22",15248,148,531,679
"HLA-C*07:222",15248,144,474,618
"HLA-C*07:223",15248,144,474,618
"HLA-C*07:224",15248,144,474,618
"HLA-C*07:232",15248,166,554,720
"HLA-C*07:234",15248,166,554,720
"HLA-C*07:24",15248,140,478,618
"HLA-C*07:241",15248,173,553,726
"HLA-C*07:242",15248,175,581,756
"HLA-C*07:243",15248,166,554,720
"HLA-C*07:247",15248,143,477,620
"HLA-C*07:25",15248,162,552,714
"HLA-C*07:250",15248,160,521,681
"HLA-C*07:252",15248,166,554,720
"HLA-C*07:256",15248,147,478,625
"HLA-C*07:257",15248,144,474,618
"HLA-C*07:26",15248,198,609,807
"HLA-C*07:261",15248,166,554,720
"HLA-C*07:262",15248,171,561,732
"HLA-C*07:27",15248,154,517,671
"HLA-C*07:279",15248,144,474,618
"HLA-C*07:28",15248,167,494,661
"HLA-C*07:285",15248,166,554,720
"HLA-C*07:287",15248,166,553,719
"HLA-C*07:29",15248,184,502,686
"HLA-C*07:293",15248,144,474,618
"HLA-C*07:298",15248,144,474,618
"HLA-C*07:301",15248,140,478,618
"HLA-C*07:303
",15248,150,481,631
"HLA-C*07:31",15248,153,512,665
"HLA-C*07:312",15248,166,554,720
"HLA-C*07:314",15248,206,603,809
"HLA-C*07:326",15248,162,552,714
"HLA-C*07:335",15248,171,548,719
"HLA-C*07:339",15248,166,554,720
"HLA-C*07:340",15248,162,552,714
"HLA-C*07:35",15248,140,478,618
"HLA-C*07:36",15248,140,478,618
"HLA-C*07:360",15248,162,552,714
"HLA-C*07:368",15248,166,554,720
"HLA-C*07:369",15248,144,474,618
"HLA-C*07:37",15248,196,599,795
"HLA-C*07:38",15248,162,552,714
"HLA-C*07:39",15248,168,560,728
"HLA-C*07:391",15248,168,551,719
"HLA-C*07:40",15248,140,478,618
"HLA-C*07:409",15248,162,552,714
"HLA-C*07:43",15248,152,510,662
"HLA-C*07:44",15248,144,474,618
"HLA-C*07:450",15248,140,478,618
"HLA-C*07:46",15248,156,542,698
"HLA-C*07:48",15248,166,554,720
"HLA-C*07:49",15248,162,549,711
"HLA-C*07:51",15248,162,552,714
"HLA-C*07:54",15248,166,554,720
"HLA-C*07:56
",15248,168,541,709
"HLA-C*07:57",15248,140,478,618
"HLA-C*07:60",15248,140,489,629
"HLA-C*07:63",15248,192,508,700
"HLA-C*07:68",15248,179,570,749
"HLA-C*07:70",15248,140,478,618
"HLA-C*07:72",15248,162,552,714
"HLA-C*07:73",15248,153,495,648
"HLA-C*07:75",15248,163,551,714
"HLA-C*07:76",15248,163,575,738
"HLA-C*07:79",15248,168,541,709
"HLA-C*07:80",15248,162,552,714
"HLA-C*07:83",15248,144,474,618
"HLA-C*07:85",15248,144,474,618
"HLA-C*07:88",15248,166,554,720
"HLA-C*07:89",15248,140,478,618
"HLA-C*07:90",15248,166,554,720
"HLA-C*07:91",15248,143,484,627
"HLA-C*07:92",15248,195,627,822
"HLA-C*07:93",15248,140,478,618
"HLA-C*07:95",15248,152,486,638
"HLA-C*07:96",15248,195,627,822
"HLA-C*07:97",15248,166,554,720
"HLA-C*08:01",15248,210,588,798
"HLA-C*08:02",15248,250,667,917
"HLA-C*08:03",15248,210,588,798
"HLA-C*08:04",15248,226,606,832
"HLA-C*08:05",15248,246,671,917
"HLA-C*08:06",15248,204,597,801
"HLA-C*08:07",15248,241,687,928
"HLA-C*08:08",15248,197,560,757
"HLA-C*08:10",15248,205,634,839
"HLA-C*08:103",15248,247,684,931
"HLA-C*08:11",15248,205,584,789
"HLA-C*08:12",15248,225,593,818
"HLA-C*08:13",15248,226,606,832
"HLA-C*08:15",15248,250,667,917
"HLA-C*08:23",15248,253,681,934
"HLA-C*08:25",15248,246,671,917
"HLA-C*08:28",15248,250,667,917
"HLA-C*08:30",15248,253,671,924
"HLA-C*08:32",15248,250,667,917
"HLA-C*08:33",15248,250,667,917
"HLA-C*08:35",15248,253,681,934
"HLA-C*08:43",15248,245,681,926
"HLA-C*08:50",15248,213,597,810
"HLA-C*08:51",15248,244,681,925
"HLA-C*08:53",15248,250,667,917
"HLA-C*08:54",15248,223,608,831
"HLA-C*08:76",15248,250,667,917
"HLA-C*08:92",15248,250,667,917
"HLA-C*12:02",15248,219,587,806
"HLA-C*12:03",15248,192,571,763
"HLA-C*12:04",15248,189,588,777
"HLA-C*12:05",15248,183,607,790
"HLA-C*12:06
",15248,192,572,764
"HLA-C*12:07",15248,196,561,757
"HLA-C*12:08",15248,217,606,823
"HLA-C*12:09",15248,207,599,806
"HLA-C*12:101",15248,192,572,764
"HLA-C*12:11",15248,193,564,757
"HLA-C*12:12",15248,194,587,781
"HLA-C*12:13",15248,192,571,763
"HLA-C*12:136",15248,226,587,813
"HLA-C*12:14",15248,204,584,788
"HLA-C*12:149",15248,192,571,763
"HLA-C*12:16",15248,172,593,765
"HLA-C*12:162",15248,219,587,806
"HLA-C*12:18",15248,212,578,790
"HLA-C*12:19",15248,184,555,739
"HLA-C*12:20",15248,183,548,731
"HLA-C*12:21",15248,223,627,850
"HLA-C*12:24",15248,200,582,782
"HLA-C*12:27",15248,226,587,813
"HLA-C*12:28",15248,192,572,764
"HLA-C*12:30",15248,226,587,813
"HLA-C*12:33",15248,186,608,794
"HLA-C*12:34",15248,192,572,764
"HLA-C*12:38",15248,192,572,764
"HLA-C*12:40",15248,226,587,813
"HLA-C*12:41",15248,225,614,839
"HLA-C*12:43",15248,192,572,764
"HLA-C*12:45",15248,192,571,763
"HLA-C*12:47",15248,192,572,764
"HLA-C*12:48",15248,192,572,764
"HLA-C*12:54",15248,192,591,783
"HLA-C*12:59",15248,192,571,763
"HLA-C*12:60",15248,187,598,785
"HLA-C*12:61",15248,192,572,764
"HLA-C*12:62",15248,192,572,764
"HLA-C*12:64",15248,219,587,806
"HLA-C*12:67",15248,226,587,813
"HLA-C*12:72",15248,227,580,807
"HLA-C*12:78",15248,192,572,764
"HLA-C*12:86",15248,226,587,813
"HLA-C*12:90",15248,191,596,787
"HLA-C*12:98",15248,189,579,768
"HLA-C*12:99",15248,192,571,763
"HLA-C*14:02",15248,197,628,825
"HLA-C*14:03",15248,197,628,825
"HLA-C*14:04
",15248,207,636,843
"HLA-C*14:05",15248,201,621,822
"HLA-C*14:06",15248,187,576,763
"HLA-C*14:10",15248,198,640,838
"HLA-C*14:12",15248,204,647,851
"HLA-C*14:18",15248,199,609,808
"HLA-C*14:24",15248,204,618,822
"HLA-C*14:25",15248,202,621,823
"HLA-C*14:29",15248,205,607,812
"HLA-C*14:32",15248,197,628,825
"HLA-C*14:41",15248,207,610,817
"HLA-C*14:50",15248,204,618,822
"HLA-C*14:66",15248,204,618,822
"HLA-C*14:67",15248,204,618,822
"HLA-C*15:02",15248,190,625,815
"HLA-C*15:03",15248,186,621,807
"HLA-C*15:04",15248,199,657,856
"HLA-C*15:05",15248,0,15248,15248
"HLA-C*15:06",15248,199,617,816
"HLA-C*15:07",15248,192,593,785
"HLA-C*15:08",15248,231,685,916
"HLA-C*15:09",15248,199,657,856
"HLA-C*15:10",15248,195,626,821
"HLA-C*15:102",15248,207,627,834
"HLA-C*15:11",15248,192,637,829
"HLA-C*15:124
",15248,195,626,821
"HLA-C*15:15",15248,189,622,811
"HLA-C*15:16",15248,182,645,827
"HLA-C*15:17",15248,192,637,829
"HLA-C*15:22",15248,205,616,821
"HLA-C*15:23",15248,179,553,732
"HLA-C*15:24",15248,211,637,848
"HLA-C*15:25",15248,237,657,894
"HLA-C*15:26",15248,190,625,815
"HLA-C*15:27",15248,234,657,891
"HLA-C*15:30",15248,194,667,861
"HLA-C*15:38",15248,195,626,821
"HLA-C*15:40",15248,201,622,823
"HLA-C*15:42",15248,189,601,790
"HLA-C*15:44",15248,190,625,815
"HLA-C*15:52",15248,190,625,815
"HLA-C*15:57",15248,206,630,836
"HLA-C*15:58",15248,172,556,728
"HLA-C*15:68",15248,195,626,821
"HLA-C*15:72",15248,199,613,812
"HLA-C*15:85",15248,190,614,804
"HLA-C*16:01",15248,183,604,787
"HLA-C*16:02",15248,189,620,809
"HLA-C*16:04",15248,195,588,783
"HLA-C*16:07",15248,233,644,877
"HLA-C*16:08",15248,183,604,787
"HLA-C*16:09",15248,189,620,809
"HLA-C*16:12",15248,207,614,821
"HLA-C*16:13",15248,188,611,799
"HLA-C*16:14",15248,188,611,799
"HLA-C*16:15",15248,191,589,780
"HLA-C*16:18",15248,185,608,793
"HLA-C*16:19",15248,188,617,805
"HLA-C*16:21",15248,180,581,761
"HLA-C*16:22",15248,188,611,799
"HLA-C*16:24",15248,188,611,799
"HLA-C*16:25",15248,183,611,794
"HLA-C*16:26",15248,188,611,799
"HLA-C*16:33",15248,190,592,782
"HLA-C*16:37",15248,187,598,785
"HLA-C*16:38",15248,193,598,791
"HLA-C*16:46",15248,188,617,805
"HLA-C*16:50",15248,191,599,790
"HLA-C*16:52",15248,188,611,799
"HLA-C*16:74",15248,189,620,809
"HLA-C*16:88",15248,214,597,811
"HLA-C*17:01",15248,203,602,805
"HLA-C*17:04",15248,203,602,805
"HLA-C*17:07",15248,204,609,813
"HLA-C*17:23",15248,205,631,836
"HLA-C*18:01",15248,232,667,899
"HLA-C*18:03",15248,187,597,784
"HLA-C*18:04",15248,226,680,906
"HLA-C*18:06
",15248,233,654,887
