"Alleles","AllBinders","StrongBinders","WeakBinders","WeakandStrongBinders"
"HLA-A*01:01",15217,234,610,844
"HLA-A*01:02",15217,237,652,889
"HLA-A*01:03",15217,228,618,846
"HLA-A*01:06",15217,255,586,841
"HLA-A*01:09",15217,234,610,844
"HLA-A*01:100",15217,234,610,844
"HLA-A*01:104",15217,233,626,859
"HLA-A*01:113",15217,234,610,844
"HLA-A*01:12",15217,241,579,820
"HLA-A*01:126",15217,238,607,845
"HLA-A*01:14",15217,232,635,867
"HLA-A*01:156",15217,234,610,844
"HLA-A*01:17",15217,231,623,854
"HLA-A*01:190",15217,237,652,889
"HLA-A*01:23",15217,237,643,880
"HLA-A*01:24",15217,234,610,844
"HLA-A*01:25",15217,238,625,863
"HLA-A*01:26",15217,228,641,869
"HLA-A*01:29",15217,234,610,844
"HLA-A*01:30",15217,198,472,670
"HLA-A*01:38",15217,234,610,844
"HLA-A*01:39",15217,234,610,844
"HLA-A*01:40",15217,234,610,844
"HLA-A*01:42",15217,234,610,844
"HLA-A*01:43",15217,237,621,858
"HLA-A*01:44",15217,234,610,844
"HLA-A*01:46",15217,234,610,844
"HLA-A*01:48",15217,234,610,844
"HLA-A*01:51",15217,246,627,873
"HLA-A*01:61",15217,234,610,844
"HLA-A*01:67",15217,234,610,844
"HLA-A*01:68",15217,234,610,844
"HLA-A*01:69",15217,234,610,844
"HLA-A*01:72",15217,237,622,859
"HLA-A*01:74",15217,234,610,844
"HLA-A*01:82",15217,234,610,844
"HLA-A*01:86",15217,234,610,844
"HLA-A*01:92",15217,234,610,844
"HLA-A*01:98",15217,237,640,877
"HLA-A*02:01",15217,148,409,557
"HLA-A*02:02",15217,142,391,533
"HLA-A*02:03",15217,135,345,480
"HLA-A*02:04",15217,156,420,576
"HLA-A*02:05",15217,135,375,510
"HLA-A*02:06",15217,136,388,524
"HLA-A*02:07",15217,158,436,594
"HLA-A*02:08",15217,138,394,532
"HLA-A*02:10",15217,140,417,557
"HLA-A*02:101",15217,139,416,555
"HLA-A*02:102",15217,142,391,533
"HLA-A*02:105",15217,143,410,553
"HLA-A*02:107",15217,148,409,557
"HLA-A*02:109",15217,148,409,557
"HLA-A*02:11",15217,140,429,569
"HLA-A*02:110",15217,158,431,589
"HLA-A*02:114",15217,157,435,592
"HLA-A*02:118",15217,148,409,557
"HLA-A*02:119",15217,148,409,557
"HLA-A*02:12",15217,142,394,536
"HLA-A*02:120",15217,148,409,557
"HLA-A*02:121",15217,148,409,557
"HLA-A*02:122",15217,126,384,510
"HLA-A*02:123",15217,148,409,557
"HLA-A*02:128",15217,143,444,587
"HLA-A*02:13",15217,117,393,510
"HLA-A*02:133",15217,148,409,557
"HLA-A*02:135",15217,151,387,538
"HLA-A*02:136",15217,138,421,559
"HLA-A*02:137",15217,136,388,524
"HLA-A*02:138",15217,148,409,557
"HLA-A*02:139",15217,138,415,553
"HLA-A*02:14",15217,143,402,545
"HLA-A*02:141",15217,142,405,547
"HLA-A*02:147",15217,137,414,551
"HLA-A*02:149",15217,148,409,557
"HLA-A*02:151",15217,137,414,551
"HLA-A*02:154",15217,137,379,516
"HLA-A*02:156",15217,153,430,583
"HLA-A*02:157",15217,148,409,557
"HLA-A*02:158",15217,147,404,551
"HLA-A*02:16",15217,140,400,540
"HLA-A*02:160",15217,148,409,557
"HLA-A*02:161",15217,143,403,546
"HLA-A*02:162",15217,148,409,557
"HLA-A*02:163",15217,148,409,557
"HLA-A*02:164",15217,148,409,557
"HLA-A*02:165",15217,148,409,557
"HLA-A*02:166",15217,148,409,557
"HLA-A*02:17",15217,158,431,589
"HLA-A*02:172",15217,135,375,510
"HLA-A*02:173",15217,148,409,557
"HLA-A*02:174",15217,148,409,557
"HLA-A*02:177",15217,148,409,557
"HLA-A*02:18",15217,158,436,594
"HLA-A*02:180",15217,136,388,524
"HLA-A*02:182",15217,148,409,557
"HLA-A*02:183",15217,148,409,557
"HLA-A*02:186",15217,142,391,533
"HLA-A*02:188",15217,153,438,591
"HLA-A*02:189",15217,148,409,557
"HLA-A*02:19",15217,142,402,544
"HLA-A*02:190",15217,148,409,557
"HLA-A*02:194",15217,148,409,557
"HLA-A*02:195",15217,146,410,556
"HLA-A*02:197",15217,148,409,557
"HLA-A*02:198",15217,148,409,557
"HLA-A*02:199",15217,148,409,557
"HLA-A*02:20",15217,140,424,564
"HLA-A*02:203",15217,148,409,557
"HLA-A*02:205",15217,148,409,557
"HLA-A*02:206",15217,148,409,557
"HLA-A*02:209",15217,142,391,533
"HLA-A*02:21",15217,136,388,524
"HLA-A*02:210",15217,148,409,557
"HLA-A*02:211",15217,148,409,557
"HLA-A*02:212",15217,148,409,557
"HLA-A*02:217",15217,156,433,589
"HLA-A*02:218",15217,148,409,557
"HLA-A*02:22",15217,133,410,543
"HLA-A*02:221",15217,148,409,557
"HLA-A*02:235",15217,148,409,557
"HLA-A*02:236",15217,148,409,557
"HLA-A*02:237",15217,148,409,557
"HLA-A*02:24",15217,148,409,557
"HLA-A*02:245",15217,146,413,559
"HLA-A*02:246",15217,157,435,592
"HLA-A*02:26",15217,135,389,524
"HLA-A*02:263",15217,144,411,555
"HLA-A*02:27",15217,128,393,521
"HLA-A*02:273",15217,148,409,557
"HLA-A*02:277",15217,148,409,557
"HLA-A*02:278",15217,136,388,524
"HLA-A*02:28",15217,136,388,524
"HLA-A*02:283",15217,148,409,557
"HLA-A*02:289",15217,143,413,556
"HLA-A*02:29",15217,145,407,552
"HLA-A*02:299",15217,148,409,557
"HLA-A*02:30",15217,148,409,557
"HLA-A*02:306",15217,148,409,557
"HLA-A*02:31",15217,148,409,557
"HLA-A*02:312",15217,148,409,557
"HLA-A*02:325",15217,148,409,557
"HLA-A*02:326",15217,148,409,557
"HLA-A*02:33",15217,139,432,571
"HLA-A*02:332",15217,162,416,578
"HLA-A*02:338",15217,153,430,583
"HLA-A*02:34",15217,148,393,541
"HLA-A*02:342",15217,148,409,557
"HLA-A*02:343",15217,148,409,557
"HLA-A*02:346",15217,148,409,557
"HLA-A*02:35",15217,149,415,564
"HLA-A*02:359",15217,135,375,510
"HLA-A*02:36",15217,153,402,555
"HLA-A*02:367",15217,148,409,557
"HLA-A*02:37",15217,142,402,544
"HLA-A*02:38",15217,129,385,514
"HLA-A*02:380",15217,148,409,557
"HLA-A*02:382",15217,128,372,500
"HLA-A*02:39",15217,155,421,576
"HLA-A*02:392",15217,148,409,557
"HLA-A*02:393",15217,135,389,524
"HLA-A*02:40",15217,148,409,557
"HLA-A*02:42",15217,141,398,539
"HLA-A*02:423",15217,135,411,546
"HLA-A*02:433",15217,135,375,510
"HLA-A*02:434",15217,148,409,557
"HLA-A*02:436",15217,148,409,557
"HLA-A*02:44",15217,142,383,525
"HLA-A*02:45",15217,142,436,578
"HLA-A*02:46",15217,136,446,582
"HLA-A*02:47",15217,147,386,533
"HLA-A*02:48",15217,148,450,598
"HLA-A*02:484",15217,135,375,510
"HLA-A*02:49",15217,147,390,537
"HLA-A*02:498",15217,148,409,557
"HLA-A*02:51",15217,136,388,524
"HLA-A*02:52",15217,131,409,540
"HLA-A*02:56",15217,139,409,548
"HLA-A*02:562",15217,148,409,557
"HLA-A*02:57",15217,138,435,573
"HLA-A*02:58",15217,150,413,563
"HLA-A*02:580",15217,149,415,564
"HLA-A*02:59",15217,148,409,557
"HLA-A*02:60",15217,146,408,554
"HLA-A*02:623",15217,136,388,524
"HLA-A*02:63",15217,142,391,533
"HLA-A*02:64",15217,151,407,558
"HLA-A*02:67",15217,148,409,557
"HLA-A*02:74",15217,148,409,557
"HLA-A*02:76",15217,152,430,582
"HLA-A*02:77",15217,148,409,557
"HLA-A*02:81",15217,140,438,578
"HLA-A*02:84",15217,140,376,516
"HLA-A*02:85",15217,148,409,557
"HLA-A*02:86",15217,148,409,557
"HLA-A*02:87",15217,144,433,577
"HLA-A*02:90",15217,147,430,577
"HLA-A*02:93",15217,148,409,557
"HLA-A*02:95",15217,148,409,557
"HLA-A*02:96",15217,148,409,557
"HLA-A*03:01",15217,177,433,610
"HLA-A*03:02",15217,176,422,598
"HLA-A*03:04",15217,177,433,610
"HLA-A*03:05",15217,177,433,610
"HLA-A*03:06",15217,177,433,610
"HLA-A*03:07",15217,184,410,594
"HLA-A*03:08",15217,156,404,560
"HLA-A*03:09",15217,176,434,610
"HLA-A*03:10",15217,176,422,598
"HLA-A*03:102",15217,177,433,610
"HLA-A*03:103",15217,156,409,565
"HLA-A*03:107",15217,183,520,703
"HLA-A*03:108",15217,158,415,573
"HLA-A*03:111",15217,177,433,610
"HLA-A*03:12",15217,172,439,611
"HLA-A*03:120",15217,176,422,598
"HLA-A*03:123",15217,177,433,610
"HLA-A*03:13",15217,177,433,610
"HLA-A*03:14",15217,177,433,610
"HLA-A*03:144",15217,177,433,610
"HLA-A*03:149",15217,177,433,610
"HLA-A*03:15",15217,172,433,605
"HLA-A*03:154",15217,177,433,610
"HLA-A*03:157",15217,169,431,600
"HLA-A*03:16",15217,177,433,610
"HLA-A*03:167",15217,176,431,607
"HLA-A*03:17",15217,177,433,610
"HLA-A*03:18",15217,265,519,784
"HLA-A*03:202",15217,177,433,610
"HLA-A*03:216",15217,177,433,610
"HLA-A*03:22",15217,177,433,610
"HLA-A*03:228",15217,177,433,610
"HLA-A*03:23",15217,165,427,592
"HLA-A*03:25",15217,177,433,610
"HLA-A*03:27",15217,177,433,610
"HLA-A*03:28",15217,177,433,610
"HLA-A*03:29",15217,179,421,600
"HLA-A*03:33",15217,177,433,610
"HLA-A*03:38",15217,177,433,610
"HLA-A*03:46",15217,177,433,610
"HLA-A*03:47",15217,177,433,610
"HLA-A*03:48",15217,177,433,610
"HLA-A*03:49",15217,177,433,610
"HLA-A*03:50",15217,168,411,579
"HLA-A*03:51",15217,177,433,610
"HLA-A*03:53",15217,177,433,610
"HLA-A*03:56",15217,177,433,610
"HLA-A*03:57",15217,181,498,679
"HLA-A*03:62",15217,177,433,610
"HLA-A*03:63",15217,177,433,610
"HLA-A*03:65",15217,171,427,598
"HLA-A*03:74",15217,177,433,610
"HLA-A*03:81",15217,177,433,610
"HLA-A*03:86",15217,177,433,610
"HLA-A*03:87",15217,177,433,610
"HLA-A*03:89",15217,151,403,554
"HLA-A*03:93",15217,177,433,610
"HLA-A*03:94",15217,177,433,610
"HLA-A*11:01",15217,195,444,639
"HLA-A*11:02",15217,195,444,639
"HLA-A*11:03",15217,189,459,648
"HLA-A*11:04",15217,179,442,621
"HLA-A*11:05",15217,195,444,639
"HLA-A*11:06",15217,191,452,643
"HLA-A*11:08",15217,203,480,683
"HLA-A*11:09",15217,195,444,639
"HLA-A*11:10",15217,186,443,629
"HLA-A*11:117",15217,195,444,639
"HLA-A*11:12",15217,195,444,639
"HLA-A*11:15",15217,195,444,639
"HLA-A*11:159",15217,195,444,639
"HLA-A*11:160",15217,195,444,639
"HLA-A*11:161",15217,203,444,647
"HLA-A*11:18",15217,192,392,584
"HLA-A*11:183",15217,188,405,593
"HLA-A*11:187",15217,195,444,639
"HLA-A*11:19",15217,184,380,564
"HLA-A*11:20",15217,189,459,648
"HLA-A*11:211",15217,218,495,713
"HLA-A*11:221",15217,197,418,615
"HLA-A*11:25",15217,189,470,659
"HLA-A*11:29",15217,195,444,639
"HLA-A*11:30",15217,195,444,639
"HLA-A*11:32",15217,195,444,639
"HLA-A*11:37",15217,195,444,639
"HLA-A*11:39",15217,200,462,662
"HLA-A*11:41",15217,195,444,639
"HLA-A*11:44",15217,208,466,674
"HLA-A*11:45",15217,206,474,680
"HLA-A*11:47",15217,197,418,615
"HLA-A*11:58",15217,195,444,639
"HLA-A*11:64",15217,193,451,644
"HLA-A*11:67",15217,195,444,639
"HLA-A*11:70",15217,198,420,618
"HLA-A*11:74",15217,195,444,639
"HLA-A*11:81",15217,195,444,639
"HLA-A*11:89",15217,195,444,639
"HLA-A*11:91",15217,195,444,639
"HLA-A*11:92",15217,195,444,639
"HLA-A*23:01",15217,146,506,652
"HLA-A*23:02",15217,171,483,654
"HLA-A*23:03",15217,146,506,652
"HLA-A*23:04",15217,160,509,669
"HLA-A*23:05",15217,142,520,662
"HLA-A*23:06",15217,146,506,652
"HLA-A*23:12",15217,145,526,671
"HLA-A*23:13",15217,145,512,657
"HLA-A*23:14",15217,146,506,652
"HLA-A*23:15",15217,146,506,652
"HLA-A*23:23",15217,146,506,652
"HLA-A*23:30",15217,148,518,666
"HLA-A*23:39",15217,146,506,652
"HLA-A*23:47",15217,146,506,652
"HLA-A*23:48",15217,146,506,652
"HLA-A*23:53",15217,167,534,701
"HLA-A*23:56",15217,146,506,652
"HLA-A*24:02",15217,155,497,652
"HLA-A*24:03",15217,159,508,667
"HLA-A*24:04",15217,184,492,676
"HLA-A*24:05",15217,155,497,652
"HLA-A*24:06",15217,171,483,654
"HLA-A*24:07",15217,155,511,666
"HLA-A*24:08",15217,161,512,673
"HLA-A*24:10",15217,166,494,660
"HLA-A*24:103",15217,155,497,652
"HLA-A*24:104",15217,159,473,632
"HLA-A*24:105",15217,155,497,652
"HLA-A*24:106",15217,165,535,700
"HLA-A*24:107",15217,146,501,647
"HLA-A*24:108",15217,155,511,666
"HLA-A*24:110",15217,155,497,652
"HLA-A*24:118",15217,155,497,652
"HLA-A*24:120",15217,147,510,657
"HLA-A*24:121",15217,155,508,663
"HLA-A*24:122",15217,155,497,652
"HLA-A*24:123",15217,155,497,652
"HLA-A*24:13",15217,146,506,652
"HLA-A*24:130",15217,155,497,652
"HLA-A*24:138",15217,159,490,649
"HLA-A*24:14",15217,156,487,643
"HLA-A*24:140",15217,152,501,653
"HLA-A*24:145",15217,156,493,649
"HLA-A*24:146",15217,167,494,661
"HLA-A*24:15",15217,148,500,648
"HLA-A*24:159",15217,155,497,652
"HLA-A*24:164",15217,177,482,659
"HLA-A*24:165",15217,155,497,652
"HLA-A*24:168",15217,155,497,652
"HLA-A*24:169",15217,155,497,652
"HLA-A*24:17",15217,172,547,719
"HLA-A*24:173",15217,155,497,652
"HLA-A*24:175",15217,155,497,652
"HLA-A*24:176",15217,155,497,652
"HLA-A*24:18",15217,148,503,651
"HLA-A*24:180",15217,155,497,652
"HLA-A*24:192",15217,155,497,652
"HLA-A*24:193",15217,155,497,652
"HLA-A*24:194",15217,155,497,652
"HLA-A*24:196",15217,155,497,652
"HLA-A*24:20",15217,155,497,652
"HLA-A*24:203",15217,155,497,652
"HLA-A*24:205",15217,155,497,652
"HLA-A*24:206",15217,155,497,652
"HLA-A*24:207",15217,160,509,669
"HLA-A*24:21",15217,155,497,652
"HLA-A*24:22",15217,168,494,662
"HLA-A*24:220",15217,152,517,669
"HLA-A*24:226",15217,155,497,652
"HLA-A*24:228",15217,146,506,652
"HLA-A*24:23",15217,159,508,667
"HLA-A*24:234",15217,155,497,652
"HLA-A*24:24",15217,182,469,651
"HLA-A*24:25",15217,155,500,655
"HLA-A*24:26",15217,155,497,652
"HLA-A*24:28",15217,190,442,632
"HLA-A*24:29",15217,155,497,652
"HLA-A*24:30",15217,160,502,662
"HLA-A*24:31",15217,159,501,660
"HLA-A*24:32",15217,161,507,668
"HLA-A*24:35",15217,155,497,652
"HLA-A*24:37",15217,155,497,652
"HLA-A*24:38",15217,155,497,652
"HLA-A*24:39",15217,155,497,652
"HLA-A*24:42",15217,160,502,662
"HLA-A*24:43",15217,155,497,652
"HLA-A*24:46",15217,159,506,665
"HLA-A*24:47",15217,155,497,652
"HLA-A*24:50",15217,156,477,633
"HLA-A*24:52",15217,158,495,653
"HLA-A*24:53",15217,148,500,648
"HLA-A*24:56",15217,152,499,651
"HLA-A*24:57",15217,153,500,653
"HLA-A*24:58",15217,155,497,652
"HLA-A*24:64",15217,155,512,667
"HLA-A*24:68",15217,155,497,652
"HLA-A*24:71",15217,155,497,652
"HLA-A*24:72",15217,155,497,652
"HLA-A*24:81",15217,155,497,652
"HLA-A*24:87",15217,161,502,663
"HLA-A*24:95",15217,155,497,652
"HLA-A*24:97",15217,155,497,652
"HLA-A*25:01",15217,156,432,588
"HLA-A*25:02",15217,165,438,603
"HLA-A*25:03",15217,151,461,612
"HLA-A*25:04",15217,167,460,627
"HLA-A*25:08",15217,156,432,588
"HLA-A*25:11",15217,163,440,603
"HLA-A*25:13",15217,156,432,588
"HLA-A*25:14",15217,156,432,588
"HLA-A*25:16",15217,156,432,588
"HLA-A*25:24",15217,156,432,588
"HLA-A*26:01",15217,178,467,645
"HLA-A*26:02",15217,168,468,636
"HLA-A*26:03",15217,136,429,565
"HLA-A*26:05",15217,180,471,651
"HLA-A*26:06",15217,136,429,565
"HLA-A*26:07",15217,187,445,632
"HLA-A*26:08",15217,203,478,681
"HLA-A*26:09",15217,184,458,642
"HLA-A*26:10",15217,178,467,645
"HLA-A*26:104",15217,178,467,645
"HLA-A*26:12",15217,190,477,667
"HLA-A*26:13",15217,178,488,666
"HLA-A*26:14",15217,178,467,645
"HLA-A*26:15",15217,178,467,645
"HLA-A*26:16",15217,188,471,659
"HLA-A*26:17",15217,178,467,645
"HLA-A*26:18",15217,190,477,667
"HLA-A*26:20",15217,175,483,658
"HLA-A*26:27",15217,178,467,645
"HLA-A*26:30",15217,136,429,565
"HLA-A*26:31",15217,182,465,647
"HLA-A*26:37",15217,178,467,645
"HLA-A*26:38",15217,178,467,645
"HLA-A*26:39",15217,178,467,645
"HLA-A*26:42",15217,172,463,635
"HLA-A*26:45",15217,178,467,645
"HLA-A*26:47",15217,178,467,645
"HLA-A*26:49",15217,186,490,676
"HLA-A*26:52",15217,178,467,645
"HLA-A*26:59",15217,178,467,645
"HLA-A*26:62",15217,205,454,659
"HLA-A*26:63",15217,178,467,645
"HLA-A*26:65",15217,178,467,645
"HLA-A*26:75",15217,178,467,645
"HLA-A*26:76",15217,178,467,645
"HLA-A*29:01",15217,199,558,757
"HLA-A*29:02",15217,199,558,757
"HLA-A*29:03",15217,200,602,802
"HLA-A*29:04",15217,190,576,766
"HLA-A*29:07",15217,198,556,754
"HLA-A*29:09",15217,199,558,757
"HLA-A*29:10",15217,199,558,757
"HLA-A*29:11",15217,199,558,757
"HLA-A*29:12",15217,199,558,757
"HLA-A*29:13",15217,172,526,698
"HLA-A*29:14",15217,196,559,755
"HLA-A*29:16",15217,199,558,757
"HLA-A*29:21",15217,199,558,757
"HLA-A*29:23",15217,199,558,757
"HLA-A*29:32",15217,187,575,762
"HLA-A*29:34",15217,192,581,773
"HLA-A*29:40",15217,199,558,757
"HLA-A*29:44",15217,199,558,757
"HLA-A*29:48",15217,136,353,489
"HLA-A*29:64",15217,199,558,757
"HLA-A*29:88",15217,199,558,757
"HLA-A*30:01",15217,112,299,411
"HLA-A*30:02",15217,159,587,746
"HLA-A*30:03",15217,159,587,746
"HLA-A*30:04",15217,195,524,719
"HLA-A*30:07",15217,168,591,759
"HLA-A*30:08",15217,116,358,474
"HLA-A*30:09",15217,196,567,763
"HLA-A*30:10",15217,162,562,724
"HLA-A*30:11",15217,112,299,411
"HLA-A*30:15",15217,112,299,411
"HLA-A*30:16",15217,99,325,424
"HLA-A*30:18",15217,112,299,411
"HLA-A*30:25",15217,169,536,705
"HLA-A*30:28",15217,156,585,741
"HLA-A*30:29",15217,211,534,745
"HLA-A*30:30",15217,112,299,411
"HLA-A*30:31",15217,115,308,423
"HLA-A*30:36",15217,112,299,411
"HLA-A*30:40",15217,112,299,411
"HLA-A*30:47",15217,160,575,735
"HLA-A*30:51",15217,159,587,746
"HLA-A*30:54",15217,112,299,411
"HLA-A*30:56",15217,112,299,411
"HLA-A*30:58",15217,112,299,411
"HLA-A*31:01",15217,100,271,371
"HLA-A*31:02",15217,101,280,381
"HLA-A*31:04",15217,107,296,403
"HLA-A*31:05",15217,102,301,403
"HLA-A*31:06",15217,106,286,392
"HLA-A*31:07",15217,162,483,645
"HLA-A*31:08",15217,169,476,645
"HLA-A*31:09",15217,100,285,385
"HLA-A*31:11",15217,100,271,371
"HLA-A*31:12",15217,119,331,450
"HLA-A*31:13",15217,100,271,371
"HLA-A*31:15",15217,106,308,414
"HLA-A*31:16",15217,100,271,371
"HLA-A*31:18",15217,98,286,384
"HLA-A*31:19",15217,100,271,371
"HLA-A*31:20",15217,100,271,371
"HLA-A*31:25",15217,101,299,400
"HLA-A*31:26",15217,100,271,371
"HLA-A*31:27",15217,100,271,371
"HLA-A*31:28",15217,100,263,363
"HLA-A*31:30",15217,89,288,377
"HLA-A*31:36",15217,100,271,371
"HLA-A*31:38",15217,100,271,371
"HLA-A*31:39",15217,100,271,371
"HLA-A*31:40",15217,100,271,371
"HLA-A*31:68",15217,100,271,371
"HLA-A*31:88",15217,106,281,387
"HLA-A*32:01",15217,159,419,578
"HLA-A*32:02",15217,152,426,578
"HLA-A*32:03",15217,162,423,585
"HLA-A*32:04",15217,177,426,603
"HLA-A*32:05",15217,175,402,577
"HLA-A*32:06",15217,159,419,578
"HLA-A*32:07",15217,155,446,601
"HLA-A*32:08",15217,171,417,588
"HLA-A*32:12",15217,159,419,578
"HLA-A*32:16",15217,159,419,578
"HLA-A*32:17",15217,163,429,592
"HLA-A*32:18",15217,159,419,578
"HLA-A*32:21",15217,159,419,578
"HLA-A*32:22",15217,152,426,578
"HLA-A*32:26",15217,173,403,576
"HLA-A*32:28",15217,159,419,578
"HLA-A*32:31",15217,175,402,577
"HLA-A*32:44",15217,159,419,578
"HLA-A*32:47",15217,159,419,578
"HLA-A*32:55",15217,159,419,578
"HLA-A*32:60",15217,161,404,565
"HLA-A*32:62",15217,159,419,578
"HLA-A*33:01",15217,111,312,423
"HLA-A*33:03",15217,99,311,410
"HLA-A*33:04",15217,111,312,423
"HLA-A*33:05",15217,111,312,423
"HLA-A*33:08",15217,108,295,403
"HLA-A*33:09",15217,90,272,362
"HLA-A*33:10",15217,105,321,426
"HLA-A*33:11",15217,103,317,420
"HLA-A*33:12",15217,99,311,410
"HLA-A*33:13",15217,196,522,718
"HLA-A*33:16",15217,111,312,423
"HLA-A*33:26",15217,99,311,410
"HLA-A*33:27",15217,111,312,423
"HLA-A*33:33",15217,99,311,410
"HLA-A*33:34",15217,111,312,423
"HLA-A*33:48",15217,196,522,718
"HLA-A*33:55",15217,99,311,410
"HLA-A*33:60",15217,105,310,415
"HLA-A*33:64",15217,111,312,423
"HLA-A*33:65",15217,99,311,410
"HLA-A*34:01",15217,138,411,549
"HLA-A*34:02",15217,181,406,587
"HLA-A*34:04",15217,181,406,587
"HLA-A*34:05",15217,138,411,549
"HLA-A*34:06",15217,151,448,599
"HLA-A*34:07",15217,182,423,605
"HLA-A*34:08",15217,184,449,633
"HLA-A*36:01",15217,237,578,815
"HLA-A*36:02",15217,257,570,827
"HLA-A*36:03",15217,235,572,807
"HLA-A*36:04",15217,237,622,859
"HLA-A*43:01",15217,197,449,646
"HLA-A*66:01",15217,159,417,576
"HLA-A*66:02",15217,151,387,538
"HLA-A*66:03",15217,147,382,529
"HLA-A*66:04",15217,144,424,568
"HLA-A*66:05",15217,155,397,552
"HLA-A*66:13",15217,159,417,576
"HLA-A*66:15",15217,131,372,503
"HLA-A*68:01",15217,143,384,527
"HLA-A*68:02",15217,153,386,539
"HLA-A*68:03",15217,114,365,479
"HLA-A*68:04",15217,102,356,458
"HLA-A*68:05",15217,122,380,502
"HLA-A*68:06",15217,146,386,532
"HLA-A*68:07",15217,157,387,544
"HLA-A*68:08",15217,147,412,559
"HLA-A*68:10",15217,158,361,519
"HLA-A*68:101",15217,143,384,527
"HLA-A*68:104",15217,154,395,549
"HLA-A*68:12",15217,143,384,527
"HLA-A*68:13",15217,162,363,525
"HLA-A*68:15",15217,145,367,512
"HLA-A*68:16",15217,143,384,527
"HLA-A*68:17",15217,158,385,543
"HLA-A*68:19",15217,143,384,527
"HLA-A*68:20",15217,122,380,502
"HLA-A*68:21",15217,143,384,527
"HLA-A*68:22",15217,143,384,527
"HLA-A*68:23",15217,174,415,589
"HLA-A*68:24",15217,143,384,527
"HLA-A*68:25",15217,143,384,527
"HLA-A*68:26",15217,164,441,605
"HLA-A*68:27",15217,153,386,539
"HLA-A*68:29",15217,126,385,511
"HLA-A*68:30",15217,154,363,517
"HLA-A*68:31",15217,148,393,541
"HLA-A*68:32",15217,143,384,527
"HLA-A*68:35",15217,143,384,527
"HLA-A*68:36",15217,201,481,682
"HLA-A*68:37",15217,143,384,527
"HLA-A*68:38",15217,143,384,527
"HLA-A*68:40",15217,154,402,556
"HLA-A*68:43",15217,143,384,527
"HLA-A*68:45",15217,134,377,511
"HLA-A*68:46",15217,158,471,629
"HLA-A*68:54",15217,141,353,494
"HLA-A*68:55",15217,143,384,527
"HLA-A*68:57",15217,143,384,527
"HLA-A*68:60",15217,153,386,539
"HLA-A*68:67",15217,153,386,539
"HLA-A*68:68",15217,143,384,527
"HLA-A*68:72",15217,148,387,535
"HLA-A*68:85",15217,149,374,523
"HLA-A*68:91",15217,143,384,527
"HLA-A*68:95",15217,143,384,527
"HLA-A*68:99",15217,143,384,527
"HLA-A*69:01",15217,152,397,549
"HLA-A*74:01",15217,131,359,490
"HLA-A*74:03",15217,131,359,490
"HLA-A*74:05",15217,124,362,486
"HLA-A*74:06",15217,132,396,528
"HLA-A*74:07",15217,108,370,478
"HLA-A*74:08",15217,131,359,490
"HLA-A*74:09",15217,131,359,490
"HLA-A*74:10",15217,192,498,690
"HLA-A*74:11",15217,131,359,490
"HLA-A*74:13",15217,153,400,553
"HLA-A*74:16",15217,131,359,490
"HLA-A*80:01",15217,201,518,719
"HLA-B*07:02",15217,96,309,405
"HLA-B*07:03",15217,98,314,412
"HLA-B*07:04",15217,97,310,407
"HLA-B*07:05",15217,93,312,405
"HLA-B*07:07",15217,99,336,435
"HLA-B*07:08",15217,104,321,425
"HLA-B*07:09",15217,109,313,422
"HLA-B*07:10",15217,101,343,444
"HLA-B*07:102",15217,96,309,405
"HLA-B*07:103",15217,96,309,405
"HLA-B*07:104",15217,96,309,405
"HLA-B*07:105",15217,100,324,424
"HLA-B*07:106",15217,94,335,429
"HLA-B*07:109",15217,96,309,405
"HLA-B*07:110",15217,96,309,405
"HLA-B*07:112",15217,93,312,405
"HLA-B*07:113",15217,96,309,405
"HLA-B*07:12",15217,101,337,438
"HLA-B*07:122",15217,96,309,405
"HLA-B*07:13",15217,138,374,512
"HLA-B*07:131",15217,107,317,424
"HLA-B*07:132",15217,96,309,405
"HLA-B*07:136",15217,96,309,405
"HLA-B*07:14",15217,101,337,438
"HLA-B*07:143",15217,92,315,407
"HLA-B*07:15",15217,98,308,406
"HLA-B*07:151",15217,90,350,440
"HLA-B*07:158",15217,96,309,405
"HLA-B*07:16",15217,102,348,450
"HLA-B*07:165",15217,96,309,405
"HLA-B*07:17",15217,109,313,422
"HLA-B*07:18",15217,101,337,438
"HLA-B*07:188",15217,96,309,405
"HLA-B*07:19",15217,103,295,398
"HLA-B*07:193",15217,104,339,443
"HLA-B*07:20",15217,100,335,435
"HLA-B*07:206",15217,96,312,408
"HLA-B*07:208",15217,96,309,405
"HLA-B*07:22",15217,96,309,405
"HLA-B*07:222",15217,94,311,405
"HLA-B*07:23",15217,96,308,404
"HLA-B*07:237",15217,109,313,422
"HLA-B*07:24",15217,94,327,421
"HLA-B*07:26",15217,107,299,406
"HLA-B*07:29",15217,95,287,382
"HLA-B*07:31",15217,102,300,402
"HLA-B*07:33",15217,96,309,405
"HLA-B*07:36",15217,111,347,458
"HLA-B*07:37",15217,101,344,445
"HLA-B*07:38",15217,118,344,462
"HLA-B*07:42",15217,96,309,405
"HLA-B*07:46",15217,96,309,405
"HLA-B*07:47",15217,96,309,405
"HLA-B*07:48",15217,106,311,417
"HLA-B*07:51",15217,97,321,418
"HLA-B*07:53",15217,93,312,405
"HLA-B*07:56",15217,90,309,399
"HLA-B*07:57",15217,93,303,396
"HLA-B*07:62",15217,96,309,405
"HLA-B*07:63",15217,99,308,407
"HLA-B*07:68",15217,96,309,405
"HLA-B*07:71",15217,96,309,405
"HLA-B*07:73",15217,96,309,405
"HLA-B*07:74",15217,96,309,405
"HLA-B*07:77",15217,104,339,443
"HLA-B*07:80",15217,102,311,413
"HLA-B*07:81",15217,114,328,442
"HLA-B*07:85",15217,110,361,471
"HLA-B*07:86",15217,96,309,405
"HLA-B*07:87",15217,96,309,405
"HLA-B*07:88",15217,96,309,405
"HLA-B*07:92",15217,96,317,413
"HLA-B*07:94",15217,91,315,406
"HLA-B*07:95",15217,100,274,374
"HLA-B*07:96",15217,96,309,405
"HLA-B*07:98",15217,95,342,437
"HLA-B*08:01",15217,127,334,461
"HLA-B*08:02",15217,142,374,516
"HLA-B*08:03",15217,132,366,498
"HLA-B*08:04",15217,125,356,481
"HLA-B*08:07",15217,130,325,455
"HLA-B*08:09",15217,113,285,398
"HLA-B*08:104",15217,127,334,461
"HLA-B*08:11",15217,128,337,465
"HLA-B*08:110",15217,121,328,449
"HLA-B*08:12",15217,131,361,492
"HLA-B*08:13",15217,136,350,486
"HLA-B*08:14",15217,139,309,448
"HLA-B*08:15",15217,140,342,482
"HLA-B*08:16",15217,134,367,501
"HLA-B*08:18",15217,127,334,461
"HLA-B*08:20",15217,123,322,445
"HLA-B*08:22",15217,127,334,461
"HLA-B*08:23",15217,134,346,480
"HLA-B*08:24",15217,127,334,461
"HLA-B*08:25",15217,137,359,496
"HLA-B*08:26",15217,110,352,462
"HLA-B*08:28",15217,145,323,468
"HLA-B*08:31",15217,127,334,461
"HLA-B*08:33",15217,127,334,461
"HLA-B*08:34",15217,127,334,461
"HLA-B*08:35",15217,149,322,471
"HLA-B*08:36",15217,127,334,461
"HLA-B*08:37",15217,145,323,468
"HLA-B*08:39",15217,127,334,461
"HLA-B*08:41",15217,127,334,461
"HLA-B*08:50",15217,117,337,454
"HLA-B*08:52",15217,141,354,495
"HLA-B*08:56",15217,138,318,456
"HLA-B*08:59",15217,127,334,461
"HLA-B*08:63",15217,127,334,461
"HLA-B*08:71",15217,127,334,461
"HLA-B*08:75",15217,127,334,461
"HLA-B*08:78",15217,139,372,511
"HLA-B*08:88",15217,127,334,461
"HLA-B*08:97",15217,127,334,461
"HLA-B*13:01",15217,123,383,506
"HLA-B*13:02",15217,122,369,491
"HLA-B*13:03",15217,115,390,505
"HLA-B*13:04",15217,146,403,549
"HLA-B*13:06",15217,126,396,522
"HLA-B*13:08",15217,128,369,497
"HLA-B*13:10",15217,147,403,550
"HLA-B*13:11",15217,123,387,510
"HLA-B*13:12",15217,121,393,514
"HLA-B*13:14",15217,122,369,491
"HLA-B*13:45",15217,122,369,491
"HLA-B*13:47",15217,122,369,491
"HLA-B*13:57",15217,123,383,506
"HLA-B*14:01",15217,123,363,486
"HLA-B*14:02",15217,123,363,486
"HLA-B*14:03",15217,128,355,483
"HLA-B*14:05",15217,134,308,442
"HLA-B*14:06",15217,112,372,484
"HLA-B*14:08",15217,112,372,484
"HLA-B*14:09",15217,123,363,486
"HLA-B*14:10",15217,120,369,489
"HLA-B*14:19",15217,135,351,486
"HLA-B*14:20",15217,123,363,486
"HLA-B*14:23",15217,123,352,475
"HLA-B*14:29",15217,123,363,486
"HLA-B*14:32",15217,123,363,486
"HLA-B*15:01",15217,152,454,606
"HLA-B*15:02",15217,170,506,676
"HLA-B*15:03",15217,162,429,591
"HLA-B*15:04",15217,122,372,494
"HLA-B*15:05",15217,178,446,624
"HLA-B*15:06",15217,181,438,619
"HLA-B*15:07",15217,162,439,601
"HLA-B*15:08",15217,180,435,615
"HLA-B*15:09",15217,127,382,509
"HLA-B*15:10",15217,128,368,496
"HLA-B*15:106",15217,163,444,607
"HLA-B*15:108",15217,161,445,606
"HLA-B*15:11",15217,186,440,626
"HLA-B*15:110",15217,178,435,613
"HLA-B*15:113",15217,152,454,606
"HLA-B*15:117",15217,149,435,584
"HLA-B*15:12",15217,154,468,622
"HLA-B*15:122",15217,152,454,606
"HLA-B*15:123",15217,156,451,607
"HLA-B*15:125",15217,152,454,606
"HLA-B*15:128",15217,152,454,606
"HLA-B*15:13",15217,158,450,608
"HLA-B*15:132",15217,162,429,591
"HLA-B*15:135",15217,155,472,627
"HLA-B*15:14",15217,148,473,621
"HLA-B*15:141",15217,164,452,616
"HLA-B*15:142",15217,167,453,620
"HLA-B*15:147",15217,152,454,606
"HLA-B*15:15",15217,166,501,667
"HLA-B*15:150",15217,118,382,500
"HLA-B*15:153",15217,172,444,616
"HLA-B*15:154",15217,152,454,606
"HLA-B*15:157",15217,136,408,544
"HLA-B*15:158",15217,163,423,586
"HLA-B*15:159",15217,152,445,597
"HLA-B*15:16",15217,147,471,618
"HLA-B*15:160",15217,159,446,605
"HLA-B*15:162",15217,146,475,621
"HLA-B*15:164",15217,152,454,606
"HLA-B*15:167",15217,152,454,606
"HLA-B*15:17",15217,157,447,604
"HLA-B*15:170",15217,170,506,676
"HLA-B*15:172",15217,152,454,606
"HLA-B*15:173",15217,162,429,591
"HLA-B*15:174",15217,152,454,606
"HLA-B*15:175",15217,150,452,602
"HLA-B*15:18",15217,172,444,616
"HLA-B*15:183",15217,145,437,582
"HLA-B*15:20",15217,178,443,621
"HLA-B*15:204",15217,162,448,610
"HLA-B*15:207",15217,162,439,601
"HLA-B*15:208",15217,157,447,604
"HLA-B*15:21",15217,175,463,638
"HLA-B*15:211",15217,152,454,606
"HLA-B*15:23",15217,140,449,589
"HLA-B*15:237",15217,192,441,633
"HLA-B*15:239",15217,157,440,597
"HLA-B*15:24",15217,136,408,544
"HLA-B*15:240",15217,166,445,611
"HLA-B*15:248",15217,121,383,504
"HLA-B*15:25",15217,166,445,611
"HLA-B*15:27",15217,161,451,612
"HLA-B*15:29",15217,157,443,600
"HLA-B*15:290",15217,151,397,548
"HLA-B*15:30",15217,118,382,500
"HLA-B*15:31",15217,189,504,693
"HLA-B*15:319",15217,170,506,676
"HLA-B*15:32",15217,160,450,610
"HLA-B*15:33",15217,152,454,606
"HLA-B*15:335",15217,169,468,637
"HLA-B*15:34",15217,152,454,606
"HLA-B*15:35",15217,164,452,616
"HLA-B*15:37",15217,118,376,494
"HLA-B*15:38",15217,168,482,650
"HLA-B*15:39",15217,163,443,606
"HLA-B*15:40",15217,166,431,597
"HLA-B*15:42",15217,90,307,397
"HLA-B*15:44",15217,174,472,646
"HLA-B*15:45",15217,107,379,486
"HLA-B*15:46",15217,153,426,579
"HLA-B*15:47",15217,132,447,579
"HLA-B*15:48",15217,141,361,502
"HLA-B*15:52",15217,157,412,569
"HLA-B*15:53",15217,140,402,542
"HLA-B*15:54",15217,143,419,562
"HLA-B*15:55",15217,188,482,670
"HLA-B*15:56",15217,166,422,588
"HLA-B*15:57",15217,170,455,625
"HLA-B*15:58",15217,113,379,492
"HLA-B*15:62",15217,163,415,578
"HLA-B*15:63",15217,121,383,504
"HLA-B*15:64",15217,153,471,624
"HLA-B*15:65",15217,174,441,615
"HLA-B*15:67",15217,147,471,618
"HLA-B*15:69",15217,158,398,556
"HLA-B*15:70",15217,157,429,586
"HLA-B*15:71",15217,150,452,602
"HLA-B*15:72",15217,172,444,616
"HLA-B*15:73",15217,118,381,499
"HLA-B*15:75",15217,153,463,616
"HLA-B*15:76",15217,167,435,602
"HLA-B*15:78",15217,152,454,606
"HLA-B*15:80",15217,171,447,618
"HLA-B*15:82",15217,152,454,606
"HLA-B*15:83",15217,101,313,414
"HLA-B*15:87",15217,152,404,556
"HLA-B*15:88",15217,188,504,692
"HLA-B*15:89",15217,164,471,635
"HLA-B*15:96",15217,152,454,606
"HLA-B*15:98",15217,162,429,591
"HLA-B*18:01",15217,111,360,471
"HLA-B*18:02",15217,117,351,468
"HLA-B*18:03",15217,118,363,481
"HLA-B*18:04",15217,167,468,635
"HLA-B*18:05",15217,111,360,471
"HLA-B*18:06",15217,118,406,524
"HLA-B*18:07",15217,173,451,624
"HLA-B*18:08",15217,133,421,554
"HLA-B*18:09",15217,122,385,507
"HLA-B*18:10",15217,126,349,475
"HLA-B*18:11",15217,117,356,473
"HLA-B*18:114",15217,111,360,471
"HLA-B*18:12",15217,116,354,470
"HLA-B*18:13",15217,115,375,490
"HLA-B*18:14",15217,114,360,474
"HLA-B*18:15",15217,122,412,534
"HLA-B*18:18",15217,123,395,518
"HLA-B*18:19",15217,126,402,528
"HLA-B*18:20",15217,111,360,471
"HLA-B*18:22",15217,122,354,476
"HLA-B*18:25",15217,142,439,581
"HLA-B*18:28",15217,111,360,471
"HLA-B*18:30",15217,121,398,519
"HLA-B*18:32",15217,111,360,471
"HLA-B*18:33",15217,133,415,548
"HLA-B*18:34",15217,111,360,471
"HLA-B*18:36",15217,120,415,535
"HLA-B*18:37",15217,117,387,504
"HLA-B*18:40",15217,111,360,471
"HLA-B*18:43",15217,142,439,581
"HLA-B*18:44",15217,132,395,527
"HLA-B*18:49",15217,119,372,491
"HLA-B*18:60",15217,111,360,471
"HLA-B*18:68",15217,111,360,471
"HLA-B*18:69",15217,109,372,481
"HLA-B*18:73",15217,111,360,471
"HLA-B*18:95",15217,109,362,471
"HLA-B*27:01",15217,77,266,343
"HLA-B*27:02",15217,108,285,393
"HLA-B*27:03",15217,79,258,337
"HLA-B*27:04",15217,97,263,360
"HLA-B*27:05",15217,74,244,318
"HLA-B*27:06",15217,104,261,365
"HLA-B*27:07",15217,86,286,372
"HLA-B*27:08",15217,88,245,333
"HLA-B*27:09",15217,89,271,360
"HLA-B*27:10",15217,66,251,317
"HLA-B*27:12",15217,96,260,356
"HLA-B*27:14",15217,76,215,291
"HLA-B*27:15",15217,101,262,363
"HLA-B*27:17",15217,73,240,313
"HLA-B*27:18",15217,118,330,448
"HLA-B*27:19",15217,88,268,356
"HLA-B*27:20",15217,105,276,381
"HLA-B*27:23",15217,141,400,541
"HLA-B*27:24",15217,101,275,376
"HLA-B*27:25",15217,111,285,396
"HLA-B*27:26",15217,91,250,341
"HLA-B*27:27",15217,88,286,374
"HLA-B*27:30",15217,116,302,418
"HLA-B*27:32",15217,75,243,318
"HLA-B*27:34",15217,85,283,368
"HLA-B*27:35",15217,91,271,362
"HLA-B*27:41",15217,86,287,373
"HLA-B*27:42",15217,72,240,312
"HLA-B*27:43",15217,86,286,372
"HLA-B*27:46",15217,96,235,331
"HLA-B*27:47",15217,96,270,366
"HLA-B*27:48",15217,74,244,318
"HLA-B*27:49",15217,74,244,318
"HLA-B*27:51",15217,74,244,318
"HLA-B*27:53",15217,86,288,374
"HLA-B*27:56",15217,74,244,318
"HLA-B*27:60",15217,74,244,318
"HLA-B*27:61",15217,90,265,355
"HLA-B*27:70",15217,89,267,356
"HLA-B*27:73",15217,74,244,318
"HLA-B*27:80",15217,74,244,318
"HLA-B*27:82",15217,74,244,318
"HLA-B*27:83",15217,108,285,393
"HLA-B*27:84",15217,74,244,318
"HLA-B*27:85",15217,74,244,318
"HLA-B*27:90",15217,74,244,318
"HLA-B*35:01",15217,172,443,615
"HLA-B*35:02",15217,130,389,519
"HLA-B*35:03",15217,133,359,492
"HLA-B*35:04",15217,130,389,519
"HLA-B*35:05",15217,165,418,583
"HLA-B*35:06",15217,130,379,509
"HLA-B*35:08",15217,178,457,635
"HLA-B*35:09",15217,130,389,519
"HLA-B*35:10",15217,186,434,620
"HLA-B*35:100",15217,178,457,635
"HLA-B*35:103",15217,172,443,615
"HLA-B*35:104",15217,172,443,615
"HLA-B*35:106",15217,133,359,492
"HLA-B*35:108",15217,172,443,615
"HLA-B*35:109",15217,139,376,515
"HLA-B*35:11",15217,174,444,618
"HLA-B*35:112",15217,172,443,615
"HLA-B*35:115",15217,169,465,634
"HLA-B*35:116",15217,172,443,615
"HLA-B*35:12",15217,130,389,519
"HLA-B*35:121",15217,164,460,624
"HLA-B*35:123",15217,172,443,615
"HLA-B*35:128",15217,133,359,492
"HLA-B*35:13",15217,138,368,506
"HLA-B*35:132",15217,172,443,615
"HLA-B*35:136",15217,140,346,486
"HLA-B*35:139",15217,172,443,615
"HLA-B*35:14",15217,175,433,608
"HLA-B*35:15",15217,167,442,609
"HLA-B*35:157",15217,140,384,524
"HLA-B*35:158",15217,178,457,635
"HLA-B*35:16",15217,167,412,579
"HLA-B*35:163",15217,137,339,476
"HLA-B*35:167",15217,137,340,477
"HLA-B*35:17",15217,170,408,578
"HLA-B*35:174",15217,178,457,635
"HLA-B*35:178",15217,172,443,615
"HLA-B*35:18",15217,148,376,524
"HLA-B*35:183",15217,130,389,519
"HLA-B*35:19",15217,173,440,613
"HLA-B*35:191",15217,172,443,615
"HLA-B*35:193",15217,133,359,492
"HLA-B*35:20",15217,187,482,669
"HLA-B*35:204",15217,133,359,492
"HLA-B*35:21",15217,172,475,647
"HLA-B*35:214",15217,172,443,615
"HLA-B*35:22",15217,138,334,472
"HLA-B*35:225",15217,178,457,635
"HLA-B*35:23",15217,171,455,626
"HLA-B*35:24",15217,176,468,644
"HLA-B*35:247",15217,172,443,615
"HLA-B*35:25",15217,167,434,601
"HLA-B*35:259",15217,174,435,609
"HLA-B*35:26",15217,167,456,623
"HLA-B*35:263",15217,172,443,615
"HLA-B*35:27",15217,186,467,653
"HLA-B*35:278",15217,133,359,492
"HLA-B*35:28",15217,169,465,634
"HLA-B*35:29",15217,156,442,598
"HLA-B*35:30",15217,170,408,578
"HLA-B*35:31",15217,132,342,474
"HLA-B*35:32",15217,173,459,632
"HLA-B*35:321",15217,130,389,519
"HLA-B*35:33",15217,134,353,487
"HLA-B*35:34",15217,133,374,507
"HLA-B*35:36",15217,133,359,492
"HLA-B*35:37",15217,123,329,452
"HLA-B*35:38",15217,128,351,479
"HLA-B*35:41",15217,177,434,611
"HLA-B*35:43",15217,175,432,607
"HLA-B*35:44",15217,136,354,490
"HLA-B*35:45",15217,183,501,684
"HLA-B*35:47",15217,173,440,613
"HLA-B*35:48",15217,169,459,628
"HLA-B*35:49",15217,167,451,618
"HLA-B*35:55",15217,133,359,492
"HLA-B*35:58",15217,163,426,589
"HLA-B*35:59",15217,130,379,509
"HLA-B*35:61",15217,178,457,635
"HLA-B*35:68",15217,173,459,632
"HLA-B*35:72",15217,185,481,666
"HLA-B*35:74",15217,137,378,515
"HLA-B*35:77",15217,172,443,615
"HLA-B*35:80",15217,197,451,648
"HLA-B*35:81",15217,146,383,529
"HLA-B*35:87",15217,125,352,477
"HLA-B*35:90",15217,164,442,606
"HLA-B*35:93",15217,165,457,622
"HLA-B*35:95",15217,126,423,549
"HLA-B*35:96",15217,136,342,478
"HLA-B*37:01",15217,93,373,466
"HLA-B*37:02",15217,115,317,432
"HLA-B*37:04",15217,99,387,486
"HLA-B*37:05",15217,92,355,447
"HLA-B*37:07",15217,90,295,385
"HLA-B*37:09",15217,88,337,425
"HLA-B*37:10",15217,102,349,451
"HLA-B*37:17",15217,98,380,478
"HLA-B*37:18",15217,93,373,466
"HLA-B*37:21",15217,128,366,494
"HLA-B*37:22",15217,94,390,484
"HLA-B*37:27",15217,93,373,466
"HLA-B*37:35",15217,128,357,485
"HLA-B*37:48",15217,98,372,470
"HLA-B*38:01",15217,127,396,523
"HLA-B*38:02",15217,127,383,510
"HLA-B*38:03",15217,106,391,497
"HLA-B*38:06",15217,129,431,560
"HLA-B*38:09",15217,127,396,523
"HLA-B*38:12",15217,127,396,523
"HLA-B*38:13",15217,127,396,523
"HLA-B*38:14",15217,126,381,507
"HLA-B*38:15",15217,127,383,510
"HLA-B*38:17",15217,118,343,461
"HLA-B*38:24",15217,127,396,523
"HLA-B*38:27",15217,127,396,523
"HLA-B*38:31",15217,127,396,523
"HLA-B*38:32",15217,130,361,491
"HLA-B*38:35",15217,127,383,510
"HLA-B*38:37",15217,127,389,516
"HLA-B*39:01",15217,117,370,487
"HLA-B*39:02",15217,106,367,473
"HLA-B*39:03",15217,115,363,478
"HLA-B*39:04",15217,117,370,487
"HLA-B*39:05",15217,123,342,465
"HLA-B*39:06",15217,94,269,363
"HLA-B*39:07",15217,158,420,578
"HLA-B*39:08",15217,92,377,469
"HLA-B*39:09",15217,120,376,496
"HLA-B*39:10",15217,132,338,470
"HLA-B*39:11",15217,127,358,485
"HLA-B*39:12",15217,126,333,459
"HLA-B*39:13",15217,104,360,464
"HLA-B*39:14",15217,123,355,478
"HLA-B*39:15",15217,122,373,495
"HLA-B*39:19",15217,126,415,541
"HLA-B*39:20",15217,136,351,487
"HLA-B*39:22",15217,126,359,485
"HLA-B*39:24",15217,115,363,478
"HLA-B*39:26",15217,117,370,487
"HLA-B*39:29",15217,115,352,467
"HLA-B*39:31",15217,113,347,460
"HLA-B*39:33",15217,113,297,410
"HLA-B*39:34",15217,98,270,368
"HLA-B*39:37",15217,124,344,468
"HLA-B*39:39",15217,108,394,502
"HLA-B*39:43",15217,137,421,558
"HLA-B*39:47",15217,116,375,491
"HLA-B*39:53",15217,117,370,487
"HLA-B*39:57",15217,94,269,363
"HLA-B*39:62",15217,94,269,363
"HLA-B*39:68",15217,117,370,487
"HLA-B*39:75",15217,117,370,487
"HLA-B*39:79",15217,115,371,486
"HLA-B*39:93",15217,117,370,487
"HLA-B*40:01",15217,101,288,389
"HLA-B*40:02",15217,89,290,379
"HLA-B*40:03",15217,99,319,418
"HLA-B*40:04",15217,96,287,383
"HLA-B*40:05",15217,93,318,411
"HLA-B*40:06",15217,68,235,303
"HLA-B*40:07",15217,97,387,484
"HLA-B*40:08",15217,116,345,461
"HLA-B*40:09",15217,89,279,368
"HLA-B*40:10",15217,99,367,466
"HLA-B*40:102",15217,101,288,389
"HLA-B*40:103",15217,68,235,303
"HLA-B*40:108",15217,101,288,389
"HLA-B*40:11",15217,93,290,383
"HLA-B*40:110",15217,111,286,397
"HLA-B*40:111",15217,89,290,379
"HLA-B*40:113",15217,105,296,401
"HLA-B*40:114",15217,101,284,385
"HLA-B*40:115",15217,91,291,382
"HLA-B*40:117",15217,92,342,434
"HLA-B*40:119",15217,92,287,379
"HLA-B*40:12",15217,107,366,473
"HLA-B*40:126",15217,101,288,389
"HLA-B*40:129",15217,98,328,426
"HLA-B*40:13",15217,130,373,503
"HLA-B*40:130",15217,101,288,389
"HLA-B*40:135",15217,101,288,389
"HLA-B*40:14",15217,93,290,383
"HLA-B*40:157",15217,88,334,422
"HLA-B*40:159",15217,73,235,308
"HLA-B*40:16",15217,72,294,366
"HLA-B*40:160",15217,102,297,399
"HLA-B*40:168",15217,103,280,383
"HLA-B*40:177",15217,68,235,303
"HLA-B*40:18",15217,89,279,368
"HLA-B*40:183",15217,95,299,394
"HLA-B*40:19",15217,103,343,446
"HLA-B*40:197",15217,101,288,389
"HLA-B*40:20",15217,108,308,416
"HLA-B*40:200",15217,89,290,379
"HLA-B*40:201",15217,87,332,419
"HLA-B*40:203",15217,89,290,379
"HLA-B*40:21",15217,119,385,504
"HLA-B*40:226",15217,83,282,365
"HLA-B*40:23",15217,78,305,383
"HLA-B*40:26",15217,90,310,400
"HLA-B*40:27",15217,98,294,392
"HLA-B*40:295",15217,68,235,303
"HLA-B*40:30",15217,96,304,400
"HLA-B*40:31",15217,94,296,390
"HLA-B*40:310",15217,101,288,389
"HLA-B*40:32",15217,82,287,369
"HLA-B*40:334",15217,89,290,379
"HLA-B*40:35",15217,89,290,379
"HLA-B*40:40",15217,88,362,450
"HLA-B*40:42",15217,105,277,382
"HLA-B*40:43",15217,109,300,409
"HLA-B*40:44",15217,67,240,307
"HLA-B*40:47",15217,91,328,419
"HLA-B*40:48",15217,94,303,397
"HLA-B*40:49",15217,94,350,444
"HLA-B*40:50",15217,89,307,396
"HLA-B*40:52",15217,105,350,455
"HLA-B*40:53",15217,68,235,303
"HLA-B*40:61",15217,94,358,452
"HLA-B*40:63",15217,107,288,395
"HLA-B*40:64",15217,96,287,383
"HLA-B*40:72",15217,100,289,389
"HLA-B*40:74",15217,101,288,389
"HLA-B*40:78",15217,89,290,379
"HLA-B*40:79",15217,103,286,389
"HLA-B*40:84",15217,101,288,389
"HLA-B*40:87",15217,101,288,389
"HLA-B*40:90",15217,87,291,378
"HLA-B*40:94",15217,89,290,379
"HLA-B*40:95",15217,67,227,294
"HLA-B*40:99",15217,96,287,383
"HLA-B*41:01",15217,76,235,311
"HLA-B*41:02",15217,87,294,381
"HLA-B*41:03",15217,91,291,382
"HLA-B*41:05",15217,75,243,318
"HLA-B*41:06",15217,76,235,311
"HLA-B*41:07",15217,76,235,311
"HLA-B*41:09",15217,76,235,311
"HLA-B*41:10",15217,87,294,381
"HLA-B*41:11",15217,87,294,381
"HLA-B*41:14",15217,79,230,309
"HLA-B*41:16",15217,76,235,311
"HLA-B*41:18",15217,83,294,377
"HLA-B*41:19",15217,83,283,366
"HLA-B*42:01",15217,101,338,439
"HLA-B*42:02",15217,103,334,437
"HLA-B*42:05",15217,101,338,439
"HLA-B*42:07",15217,110,333,443
"HLA-B*42:10",15217,101,338,439
"HLA-B*42:18",15217,108,326,434
"HLA-B*44:02",15217,120,311,431
"HLA-B*44:03",15217,128,308,436
"HLA-B*44:04",15217,125,330,455
"HLA-B*44:05",15217,101,323,424
"HLA-B*44:06",15217,137,452,589
"HLA-B*44:07",15217,128,308,436
"HLA-B*44:08",15217,125,379,504
"HLA-B*44:09",15217,123,297,420
"HLA-B*44:10",15217,103,355,458
"HLA-B*44:104",15217,120,311,431
"HLA-B*44:107",15217,109,332,441
"HLA-B*44:111",15217,128,308,436
"HLA-B*44:115",15217,128,308,436
"HLA-B*44:116",15217,120,311,431
"HLA-B*44:120",15217,128,308,436
"HLA-B*44:122",15217,128,308,436
"HLA-B*44:13",15217,128,308,436
"HLA-B*44:146",15217,143,325,468
"HLA-B*44:15",15217,95,264,359
"HLA-B*44:166",15217,95,358,453
"HLA-B*44:17",15217,125,305,430
"HLA-B*44:18",15217,106,282,388
"HLA-B*44:20",15217,111,294,405
"HLA-B*44:205",15217,128,308,436
"HLA-B*44:21",15217,121,323,444
"HLA-B*44:22",15217,120,311,431
"HLA-B*44:24",15217,120,311,431
"HLA-B*44:25",15217,105,343,448
"HLA-B*44:28",15217,124,313,437
"HLA-B*44:29",15217,127,309,436
"HLA-B*44:30",15217,128,308,436
"HLA-B*44:31",15217,95,342,437
"HLA-B*44:32",15217,122,296,418
"HLA-B*44:34",15217,126,315,441
"HLA-B*44:36",15217,128,308,436
"HLA-B*44:37",15217,119,380,499
"HLA-B*44:41",15217,120,318,438
"HLA-B*44:43",15217,133,300,433
"HLA-B*44:45",15217,128,308,436
"HLA-B*44:48",15217,120,311,431
"HLA-B*44:50",15217,132,321,453
"HLA-B*44:60",15217,130,395,525
"HLA-B*44:64",15217,122,348,470
"HLA-B*44:67",15217,120,311,431
"HLA-B*44:68",15217,120,311,431
"HLA-B*44:73",15217,122,314,436
"HLA-B*44:74",15217,120,311,431
"HLA-B*44:76",15217,127,350,477
"HLA-B*44:77",15217,102,350,452
"HLA-B*44:80",15217,120,311,431
"HLA-B*44:83",15217,119,367,486
"HLA-B*44:84",15217,120,311,431
"HLA-B*44:86",15217,120,311,431
"HLA-B*44:87",15217,120,311,431
"HLA-B*44:88",15217,120,311,431
"HLA-B*44:91",15217,122,356,478
"HLA-B*44:92",15217,129,306,435
"HLA-B*44:96",15217,130,331,461
"HLA-B*44:98",15217,128,308,436
"HLA-B*44:99",15217,120,311,431
"HLA-B*45:01",15217,64,224,288
"HLA-B*45:02",15217,70,233,303
"HLA-B*46:01",15217,168,451,619
"HLA-B*46:22",15217,167,435,602
"HLA-B*47:01",15217,108,379,487
"HLA-B*47:02",15217,118,386,504
"HLA-B*47:03",15217,118,386,504
"HLA-B*47:04",15217,139,347,486
"HLA-B*47:05",15217,121,331,452
"HLA-B*48:01",15217,110,351,461
"HLA-B*48:02",15217,157,435,592
"HLA-B*48:03",15217,107,366,473
"HLA-B*48:04",15217,110,351,461
"HLA-B*48:05",15217,112,318,430
"HLA-B*48:06",15217,123,372,495
"HLA-B*48:07",15217,109,342,451
"HLA-B*48:12",15217,110,344,454
"HLA-B*48:13",15217,110,344,454
"HLA-B*48:24",15217,110,351,461
"HLA-B*48:26",15217,126,355,481
"HLA-B*48:29",15217,110,351,461
"HLA-B*49:01",15217,98,289,387
"HLA-B*49:04",15217,112,339,451
"HLA-B*49:09",15217,111,289,400
"HLA-B*49:18",15217,108,297,405
"HLA-B*50:01",15217,72,209,281
"HLA-B*50:02",15217,69,206,275
"HLA-B*50:04",15217,72,209,281
"HLA-B*50:08",15217,72,209,281
"HLA-B*50:09",15217,74,238,312
"HLA-B*50:12",15217,89,268,357
"HLA-B*51:01",15217,137,380,517
"HLA-B*51:02",15217,136,374,510
"HLA-B*51:04",15217,135,415,550
"HLA-B*51:05",15217,137,359,496
"HLA-B*51:06",15217,135,402,537
"HLA-B*51:07",15217,149,383,532
"HLA-B*51:08",15217,140,363,503
"HLA-B*51:09",15217,150,352,502
"HLA-B*51:10",15217,140,354,494
"HLA-B*51:100",15217,137,380,517
"HLA-B*51:105",15217,137,380,517
"HLA-B*51:107",15217,137,380,517
"HLA-B*51:109",15217,137,380,517
"HLA-B*51:114",15217,137,380,517
"HLA-B*51:116",15217,147,347,494
"HLA-B*51:117",15217,137,380,517
"HLA-B*51:122",15217,150,352,502
"HLA-B*51:123",15217,137,380,517
"HLA-B*51:127",15217,137,380,517
"HLA-B*51:13",15217,140,374,514
"HLA-B*51:134",15217,137,380,517
"HLA-B*51:14",15217,141,368,509
"HLA-B*51:158",15217,137,380,517
"HLA-B*51:17",15217,137,380,517
"HLA-B*51:177",15217,137,380,517
"HLA-B*51:19",15217,141,380,521
"HLA-B*51:20",15217,141,359,500
"HLA-B*51:21",15217,140,372,512
"HLA-B*51:22",15217,127,410,537
"HLA-B*51:23",15217,131,347,478
"HLA-B*51:24",15217,137,380,517
"HLA-B*51:26",15217,137,380,517
"HLA-B*51:29",15217,128,395,523
"HLA-B*51:31",15217,153,346,499
"HLA-B*51:33",15217,137,380,517
"HLA-B*51:34",15217,141,347,488
"HLA-B*51:36",15217,140,354,494
"HLA-B*51:37",15217,147,397,544
"HLA-B*51:38",15217,137,380,517
"HLA-B*51:39",15217,137,380,517
"HLA-B*51:40",15217,137,363,500
"HLA-B*51:43",15217,137,380,517
"HLA-B*51:46",15217,133,408,541
"HLA-B*51:49",15217,137,380,517
"HLA-B*51:50",15217,125,326,451
"HLA-B*51:55",15217,131,397,528
"HLA-B*51:56",15217,135,415,550
"HLA-B*51:61",15217,143,361,504
"HLA-B*51:64",15217,131,383,514
"HLA-B*51:65",15217,137,380,517
"HLA-B*51:67",15217,137,380,517
"HLA-B*51:68",15217,150,346,496
"HLA-B*51:69",15217,137,380,517
"HLA-B*51:70",15217,137,380,517
"HLA-B*51:71",15217,137,380,517
"HLA-B*51:73",15217,150,352,502
"HLA-B*51:74",15217,137,380,517
"HLA-B*51:75",15217,137,380,517
"HLA-B*51:76",15217,137,380,517
"HLA-B*51:79",15217,137,380,517
"HLA-B*51:82",15217,139,378,517
"HLA-B*51:83",15217,137,380,517
"HLA-B*51:87",15217,137,371,508
"HLA-B*52:01",15217,140,400,540
"HLA-B*52:02",15217,136,402,538
"HLA-B*52:03",15217,125,394,519
"HLA-B*52:04",15217,140,400,540
"HLA-B*52:06",15217,133,380,513
"HLA-B*52:10",15217,136,388,524
"HLA-B*52:11",15217,128,409,537
"HLA-B*52:17",15217,140,400,540
"HLA-B*52:21",15217,119,395,514
"HLA-B*52:25",15217,129,407,536
"HLA-B*52:27",15217,132,385,517
"HLA-B*52:37",15217,134,400,534
"HLA-B*53:01",15217,137,408,545
"HLA-B*53:04",15217,138,385,523
"HLA-B*53:05",15217,141,442,583
"HLA-B*53:06",15217,136,467,603
"HLA-B*53:09",15217,156,448,604
"HLA-B*53:10",15217,137,408,545
"HLA-B*53:15",15217,137,408,545
"HLA-B*53:18",15217,137,408,545
"HLA-B*53:20",15217,137,408,545
"HLA-B*53:23",15217,138,418,556
"HLA-B*53:24",15217,139,415,554
"HLA-B*53:28",15217,153,459,612
"HLA-B*53:31",15217,142,370,512
"HLA-B*54:01",15217,102,243,345
"HLA-B*55:01",15217,94,264,358
"HLA-B*55:02",15217,96,247,343
"HLA-B*55:03",15217,98,274,372
"HLA-B*55:04",15217,112,321,433
"HLA-B*55:05",15217,94,264,358
"HLA-B*55:07",15217,102,243,345
"HLA-B*55:09",15217,87,271,358
"HLA-B*55:11",15217,92,282,374
"HLA-B*55:12",15217,102,270,372
"HLA-B*55:14",15217,134,423,557
"HLA-B*55:17",15217,90,286,376
"HLA-B*55:18",15217,80,254,334
"HLA-B*55:20",15217,100,291,391
"HLA-B*55:21",15217,90,258,348
"HLA-B*55:23",15217,96,292,388
"HLA-B*55:25",15217,94,264,358
"HLA-B*55:29",15217,94,264,358
"HLA-B*55:31",15217,90,268,358
"HLA-B*55:33",15217,94,264,358
"HLA-B*55:45",15217,94,264,358
"HLA-B*55:78",15217,95,265,360
"HLA-B*56:01",15217,90,262,352
"HLA-B*56:02",15217,128,321,449
"HLA-B*56:03",15217,146,423,569
"HLA-B*56:04",15217,128,321,449
"HLA-B*56:05",15217,100,288,388
"HLA-B*56:07",15217,115,326,441
"HLA-B*56:10",15217,118,308,426
"HLA-B*56:13",15217,94,276,370
"HLA-B*56:15",15217,98,289,387
"HLA-B*56:16",15217,91,281,372
"HLA-B*56:22",15217,93,293,386
"HLA-B*56:25",15217,92,265,357
"HLA-B*56:27",15217,90,262,352
"HLA-B*56:33",15217,103,268,371
"HLA-B*57:01",15217,122,396,518
"HLA-B*57:02",15217,144,438,582
"HLA-B*57:03",15217,139,411,550
"HLA-B*57:04",15217,129,429,558
"HLA-B*57:05",15217,149,443,592
"HLA-B*57:09",15217,132,410,542
"HLA-B*57:11",15217,138,424,562
"HLA-B*57:14",15217,123,413,536
"HLA-B*57:15",15217,125,406,531
"HLA-B*57:21",15217,122,396,518
"HLA-B*57:22",15217,126,429,555
"HLA-B*57:23",15217,122,396,518
"HLA-B*57:24",15217,127,386,513
"HLA-B*57:26",15217,123,392,515
"HLA-B*57:32",15217,129,431,560
"HLA-B*57:34",15217,122,396,518
"HLA-B*57:40",15217,122,396,518
"HLA-B*57:44",15217,122,396,518
"HLA-B*57:48",15217,122,396,518
"HLA-B*57:58",15217,125,390,515
"HLA-B*57:61",15217,122,396,518
"HLA-B*58:01",15217,129,396,525
"HLA-B*58:02",15217,131,443,574
"HLA-B*58:04",15217,128,427,555
"HLA-B*58:05",15217,135,409,544
"HLA-B*58:06",15217,129,457,586
"HLA-B*58:08",15217,147,402,549
"HLA-B*58:16",15217,132,414,546
"HLA-B*58:18",15217,122,395,517
"HLA-B*58:23",15217,129,396,525
"HLA-B*58:28",15217,134,442,576
"HLA-B*58:37",15217,135,406,541
"HLA-B*58:62",15217,129,396,525
"HLA-B*59:01",15217,133,345,478
"HLA-B*67:01",15217,114,323,437
"HLA-B*67:02",15217,164,389,553
"HLA-B*73:01",15217,77,249,326
"HLA-B*78:01",15217,114,299,413
"HLA-B*78:02",15217,113,302,415
"HLA-B*78:04",15217,117,281,398
"HLA-B*81:01",15217,108,341,449
"HLA-B*81:05",15217,109,370,479
"HLA-B*82:01",15217,113,353,466
"HLA-B*82:02",15217,113,353,466
"HLA-B*83:01",15217,107,420,527
"HLA-C*01:02",15217,133,385,518
"HLA-C*01:03",15217,138,402,540
"HLA-C*01:04",15217,131,433,564
"HLA-C*01:06",15217,140,386,526
"HLA-C*01:07",15217,133,385,518
"HLA-C*01:08",15217,133,385,518
"HLA-C*01:10",15217,130,389,519
"HLA-C*01:103",15217,128,391,519
"HLA-C*01:12",15217,126,404,530
"HLA-C*01:13",15217,133,385,518
"HLA-C*01:14",15217,139,388,527
"HLA-C*01:17",15217,142,379,521
"HLA-C*01:22",15217,137,397,534
"HLA-C*01:27",15217,133,385,518
"HLA-C*01:30",15217,142,368,510
"HLA-C*01:32",15217,133,385,518
"HLA-C*01:33",15217,133,385,518
"HLA-C*01:45",15217,133,385,518
"HLA-C*01:51",15217,133,385,518
"HLA-C*01:52",15217,133,385,518
"HLA-C*01:54",15217,132,432,564
"HLA-C*01:58",15217,133,385,518
"HLA-C*01:59",15217,136,399,535
"HLA-C*01:62",15217,133,385,518
"HLA-C*01:67",15217,133,385,518
"HLA-C*01:70",15217,133,385,518
"HLA-C*01:74",15217,133,385,518
"HLA-C*01:96",15217,133,385,518
"HLA-C*02:02",15217,166,442,608
"HLA-C*02:03",15217,197,456,653
"HLA-C*02:04",15217,168,441,609
"HLA-C*02:05",15217,143,450,593
"HLA-C*02:06",15217,150,413,563
"HLA-C*02:07",15217,180,463,643
"HLA-C*02:08",15217,166,442,608
"HLA-C*02:12",15217,150,440,590
"HLA-C*02:13",15217,173,449,622
"HLA-C*02:14",15217,159,491,650
"HLA-C*02:16",15217,184,463,647
"HLA-C*02:19",15217,132,435,567
"HLA-C*02:21",15217,166,442,608
"HLA-C*02:23",15217,132,435,567
"HLA-C*02:24",15217,166,442,608
"HLA-C*02:26",15217,166,442,608
"HLA-C*02:27",15217,155,416,571
"HLA-C*02:30",15217,166,442,608
"HLA-C*02:31",15217,166,442,608
"HLA-C*02:32",15217,183,483,666
"HLA-C*02:34",15217,166,442,608
"HLA-C*02:35",15217,165,442,607
"HLA-C*02:40",15217,166,442,608
"HLA-C*02:43",15217,167,448,615
"HLA-C*02:44",15217,166,442,608
"HLA-C*02:45",15217,166,442,608
"HLA-C*02:46",15217,166,442,608
"HLA-C*02:48",15217,166,442,608
"HLA-C*02:49",15217,162,445,607
"HLA-C*02:55",15217,162,445,607
"HLA-C*02:56",15217,166,442,608
"HLA-C*02:87",15217,155,416,571
"HLA-C*03:02",15217,158,440,598
"HLA-C*03:03",15217,130,354,484
"HLA-C*03:04",15217,130,354,484
"HLA-C*03:05",15217,121,394,515
"HLA-C*03:06",15217,151,378,529
"HLA-C*03:07",15217,138,402,540
"HLA-C*03:08",15217,137,402,539
"HLA-C*03:09",15217,130,354,484
"HLA-C*03:10",15217,130,378,508
"HLA-C*03:103",15217,133,376,509
"HLA-C*03:109",15217,130,354,484
"HLA-C*03:11",15217,129,375,504
"HLA-C*03:113",15217,126,391,517
"HLA-C*03:115",15217,130,354,484
"HLA-C*03:116",15217,130,354,484
"HLA-C*03:117",15217,142,400,542
"HLA-C*03:120",15217,130,354,484
"HLA-C*03:122",15217,130,354,484
"HLA-C*03:126",15217,130,354,484
"HLA-C*03:127",15217,138,365,503
"HLA-C*03:13",15217,133,360,493
"HLA-C*03:136",15217,130,361,491
"HLA-C*03:139",15217,158,440,598
"HLA-C*03:14",15217,174,435,609
"HLA-C*03:140",15217,135,378,513
"HLA-C*03:143",15217,125,389,514
"HLA-C*03:147",15217,130,354,484
"HLA-C*03:148",15217,130,354,484
"HLA-C*03:151",15217,130,354,484
"HLA-C*03:153",15217,131,381,512
"HLA-C*03:154",15217,130,354,484
"HLA-C*03:159",15217,130,354,484
"HLA-C*03:16",15217,162,451,613
"HLA-C*03:17",15217,130,395,525
"HLA-C*03:18",15217,130,354,484
"HLA-C*03:19",15217,130,384,514
"HLA-C*03:21",15217,127,401,528
"HLA-C*03:251",15217,142,400,542
"HLA-C*03:258",15217,158,440,598
"HLA-C*03:26",15217,132,370,502
"HLA-C*03:28",15217,149,387,536
"HLA-C*03:30",15217,130,354,484
"HLA-C*03:32",15217,130,354,484
"HLA-C*03:35",15217,133,360,493
"HLA-C*03:36",15217,177,439,616
"HLA-C*03:37",15217,129,375,504
"HLA-C*03:38",15217,130,361,491
"HLA-C*03:40",15217,162,438,600
"HLA-C*03:41",15217,130,354,484
"HLA-C*03:42",15217,162,438,600
"HLA-C*03:43",15217,162,438,600
"HLA-C*03:44",15217,130,354,484
"HLA-C*03:45",15217,138,402,540
"HLA-C*03:46",15217,130,354,484
"HLA-C*03:47",15217,130,354,484
"HLA-C*03:49",15217,149,387,536
"HLA-C*03:51",15217,134,386,520
"HLA-C*03:53",15217,130,354,484
"HLA-C*03:54",15217,127,359,486
"HLA-C*03:56",15217,130,354,484
"HLA-C*03:59",15217,130,354,484
"HLA-C*03:60",15217,158,440,598
"HLA-C*03:64",15217,130,354,484
"HLA-C*03:69",15217,130,361,491
"HLA-C*03:70",15217,138,365,503
"HLA-C*03:75",15217,130,354,484
"HLA-C*03:78",15217,133,356,489
"HLA-C*03:81",15217,130,354,484
"HLA-C*03:85",15217,130,354,484
"HLA-C*03:86",15217,117,404,521
"HLA-C*03:87",15217,130,354,484
"HLA-C*03:88",15217,130,354,484
"HLA-C*03:91",15217,130,354,484
"HLA-C*03:94",15217,117,404,521
"HLA-C*04:01",15217,157,449,606
"HLA-C*04:03",15217,166,438,604
"HLA-C*04:04",15217,168,460,628
"HLA-C*04:05",15217,157,449,606
"HLA-C*04:06",15217,153,438,591
"HLA-C*04:07",15217,157,449,606
"HLA-C*04:08",15217,166,453,619
"HLA-C*04:10",15217,160,445,605
"HLA-C*04:104",15217,157,449,606
"HLA-C*04:108",15217,160,459,619
"HLA-C*04:11",15217,176,417,593
"HLA-C*04:113",15217,177,489,666
"HLA-C*04:114",15217,163,445,608
"HLA-C*04:118",15217,157,449,606
"HLA-C*04:12",15217,157,449,606
"HLA-C*04:121",15217,157,449,606
"HLA-C*04:125",15217,157,449,606
"HLA-C*04:13",15217,183,473,656
"HLA-C*04:131",15217,157,449,606
"HLA-C*04:132",15217,155,483,638
"HLA-C*04:139",15217,157,449,606
"HLA-C*04:14",15217,183,447,630
"HLA-C*04:141",15217,157,449,606
"HLA-C*04:15",15217,161,459,620
"HLA-C*04:150",15217,157,449,606
"HLA-C*04:153",15217,160,445,605
"HLA-C*04:155",15217,157,449,606
"HLA-C*04:16",15217,166,438,604
"HLA-C*04:163",15217,157,449,606
"HLA-C*04:17",15217,161,459,620
"HLA-C*04:180",15217,157,449,606
"HLA-C*04:19",15217,157,449,606
"HLA-C*04:204",15217,157,449,606
"HLA-C*04:207",15217,157,449,606
"HLA-C*04:209",15217,157,449,606
"HLA-C*04:218",15217,158,510,668
"HLA-C*04:23",15217,160,459,619
"HLA-C*04:24",15217,157,449,606
"HLA-C*04:26",15217,157,449,606
"HLA-C*04:27",15217,157,449,606
"HLA-C*04:29",15217,175,432,607
"HLA-C*04:32",15217,163,451,614
"HLA-C*04:33",15217,157,449,606
"HLA-C*04:34",15217,174,476,650
"HLA-C*04:36",15217,176,417,593
"HLA-C*04:37",15217,162,434,596
"HLA-C*04:39",15217,157,449,606
"HLA-C*04:40",15217,172,455,627
"HLA-C*04:45",15217,157,449,606
"HLA-C*04:46",15217,157,449,606
"HLA-C*04:47",15217,157,449,606
"HLA-C*04:52",15217,157,449,606
"HLA-C*04:54",15217,181,569,750
"HLA-C*04:55",15217,176,417,593
"HLA-C*04:56",15217,157,449,606
"HLA-C*04:63",15217,157,449,606
"HLA-C*04:65",15217,157,449,606
"HLA-C*04:70",15217,157,449,606
"HLA-C*04:71",15217,160,433,593
"HLA-C*04:75",15217,157,449,606
"HLA-C*04:77",15217,163,451,614
"HLA-C*04:86",15217,158,486,644
"HLA-C*04:87",15217,157,449,606
"HLA-C*04:96",15217,157,449,606
"HLA-C*05:01",15217,156,438,594
"HLA-C*05:04",15217,197,495,692
"HLA-C*05:05",15217,156,438,594
"HLA-C*05:06",15217,156,438,594
"HLA-C*05:08",15217,154,411,565
"HLA-C*05:09",15217,156,438,594
"HLA-C*05:10",15217,162,444,606
"HLA-C*05:104",15217,149,437,586
"HLA-C*05:11",15217,148,441,589
"HLA-C*05:111",15217,155,421,576
"HLA-C*05:13",15217,156,438,594
"HLA-C*05:14",15217,156,438,594
"HLA-C*05:15",15217,157,431,588
"HLA-C*05:16",15217,144,454,598
"HLA-C*05:18",15217,156,438,594
"HLA-C*05:19",15217,156,438,594
"HLA-C*05:22",15217,154,419,573
"HLA-C*05:24",15217,156,438,594
"HLA-C*05:26",15217,156,438,594
"HLA-C*05:27",15217,144,438,582
"HLA-C*05:28",15217,156,438,594
"HLA-C*05:29",15217,156,438,594
"HLA-C*05:32",15217,158,441,599
"HLA-C*05:33",15217,160,437,597
"HLA-C*05:34",15217,156,438,594
"HLA-C*05:35",15217,156,438,594
"HLA-C*05:36",15217,163,451,614
"HLA-C*05:39",15217,161,413,574
"HLA-C*05:43",15217,154,459,613
"HLA-C*05:44",15217,156,438,594
"HLA-C*05:46",15217,162,440,602
"HLA-C*05:47",15217,154,423,577
"HLA-C*05:55",15217,156,438,594
"HLA-C*05:65",15217,156,438,594
"HLA-C*05:67",15217,156,438,594
"HLA-C*05:77",15217,156,438,594
"HLA-C*05:80",15217,156,438,594
"HLA-C*05:97",15217,156,438,594
"HLA-C*05:98",15217,152,437,589
"HLA-C*06:02",15217,142,417,559
"HLA-C*06:03",15217,134,460,594
"HLA-C*06:04",15217,129,433,562
"HLA-C*06:06",15217,164,436,600
"HLA-C*06:07",15217,142,417,559
"HLA-C*06:08",15217,135,428,563
"HLA-C*06:09",15217,145,411,556
"HLA-C*06:10",15217,139,426,565
"HLA-C*06:11",15217,132,440,572
"HLA-C*06:115",15217,142,417,559
"HLA-C*06:12",15217,142,417,559
"HLA-C*06:127",15217,151,434,585
"HLA-C*06:13",15217,142,417,559
"HLA-C*06:138",15217,137,404,541
"HLA-C*06:14",15217,138,430,568
"HLA-C*06:18",15217,142,417,559
"HLA-C*06:23",15217,134,491,625
"HLA-C*06:26",15217,142,417,559
"HLA-C*06:27",15217,142,417,559
"HLA-C*06:28",15217,152,429,581
"HLA-C*06:30",15217,142,417,559
"HLA-C*06:32",15217,142,417,559
"HLA-C*06:34",15217,135,440,575
"HLA-C*06:35",15217,145,488,633
"HLA-C*06:37",15217,142,417,559
"HLA-C*06:38",15217,142,417,559
"HLA-C*06:39",15217,142,417,559
"HLA-C*06:47",15217,134,459,593
"HLA-C*06:50",15217,142,417,559
"HLA-C*06:53",15217,142,417,559
"HLA-C*06:54",15217,142,417,559
"HLA-C*06:58",15217,142,417,559
"HLA-C*06:59",15217,142,417,559
"HLA-C*06:65",15217,142,417,559
"HLA-C*06:66",15217,142,417,559
"HLA-C*06:70",15217,142,417,559
"HLA-C*06:71",15217,133,422,555
"HLA-C*06:86",15217,142,417,559
"HLA-C*06:87",15217,142,417,559
"HLA-C*06:91",15217,142,417,559
"HLA-C*06:96",15217,142,434,576
"HLA-C*07:01",15217,148,435,583
"HLA-C*07:02",15217,182,466,648
"HLA-C*07:04",15217,145,425,570
"HLA-C*07:05",15217,135,451,586
"HLA-C*07:07",15217,154,420,574
"HLA-C*07:09",15217,154,420,574
"HLA-C*07:10",15217,176,475,651
"HLA-C*07:100",15217,182,466,648
"HLA-C*07:101",15217,145,425,570
"HLA-C*07:102",15217,182,466,648
"HLA-C*07:105",15217,182,466,648
"HLA-C*07:106",15217,148,435,583
"HLA-C*07:108",15217,153,469,622
"HLA-C*07:112",15217,148,435,583
"HLA-C*07:114",15217,182,466,648
"HLA-C*07:116",15217,148,435,583
"HLA-C*07:117",15217,182,466,648
"HLA-C*07:118",15217,148,435,583
"HLA-C*07:119",15217,148,435,583
"HLA-C*07:12",15217,153,395,548
"HLA-C*07:120",15217,155,421,576
"HLA-C*07:122",15217,148,435,583
"HLA-C*07:123",15217,182,466,648
"HLA-C*07:124",15217,138,425,563
"HLA-C*07:126",15217,182,466,648
"HLA-C*07:127",15217,182,466,648
"HLA-C*07:128",15217,148,435,583
"HLA-C*07:13",15217,167,420,587
"HLA-C*07:130",15217,182,466,648
"HLA-C*07:137",15217,181,462,643
"HLA-C*07:138",15217,173,470,643
"HLA-C*07:141",15217,146,463,609
"HLA-C*07:143",15217,182,466,648
"HLA-C*07:147",15217,182,466,648
"HLA-C*07:148",15217,148,435,583
"HLA-C*07:149",15217,182,466,648
"HLA-C*07:15",15217,181,454,635
"HLA-C*07:151",15217,158,444,602
"HLA-C*07:154",15217,182,466,648
"HLA-C*07:155",15217,176,442,618
"HLA-C*07:16",15217,148,435,583
"HLA-C*07:165",15217,138,426,564
"HLA-C*07:17",15217,166,491,657
"HLA-C*07:172",15217,181,497,678
"HLA-C*07:173",15217,148,435,583
"HLA-C*07:179",15217,148,435,583
"HLA-C*07:180",15217,148,435,583
"HLA-C*07:181",15217,145,425,570
"HLA-C*07:184",15217,157,413,570
"HLA-C*07:19",15217,167,468,635
"HLA-C*07:192",15217,182,466,648
"HLA-C*07:196",15217,151,439,590
"HLA-C*07:199",15217,162,413,575
"HLA-C*07:205",15217,148,435,583
"HLA-C*07:206",15217,148,435,583
"HLA-C*07:209",15217,174,466,640
"HLA-C*07:21",15217,148,435,583
"HLA-C*07:212",15217,152,455,607
"HLA-C*07:214",15217,148,435,583
"HLA-C*07:218",15217,182,466,648
"HLA-C*07:22",15217,168,420,588
"HLA-C*07:222",15217,148,435,583
"HLA-C*07:223",15217,148,435,583
"HLA-C*07:224",15217,148,435,583
"HLA-C*07:232",15217,182,466,648
"HLA-C*07:234",15217,182,466,648
"HLA-C*07:24",15217,148,435,583
"HLA-C*07:241",15217,167,470,637
"HLA-C*07:242",15217,164,483,647
"HLA-C*07:243",15217,182,466,648
"HLA-C*07:247",15217,151,426,577
"HLA-C*07:25",15217,182,466,648
"HLA-C*07:250",15217,162,461,623
"HLA-C*07:252",15217,182,466,648
"HLA-C*07:256",15217,150,433,583
"HLA-C*07:257",15217,148,435,583
"HLA-C*07:26",15217,156,436,592
"HLA-C*07:261",15217,182,466,648
"HLA-C*07:262",15217,173,497,670
"HLA-C*07:27",15217,162,461,623
"HLA-C*07:279",15217,148,435,583
"HLA-C*07:28",15217,154,416,570
"HLA-C*07:285",15217,182,466,648
"HLA-C*07:287",15217,180,465,645
"HLA-C*07:29",15217,171,404,575
"HLA-C*07:293",15217,148,435,583
"HLA-C*07:298",15217,148,435,583
"HLA-C*07:301",15217,148,435,583
"HLA-C*07:303",15217,148,435,583
"HLA-C*07:31",15217,152,434,586
"HLA-C*07:312",15217,182,466,648
"HLA-C*07:314",15217,163,437,600
"HLA-C*07:326",15217,182,466,648
"HLA-C*07:335",15217,190,470,660
"HLA-C*07:339",15217,182,466,648
"HLA-C*07:340",15217,182,466,648
"HLA-C*07:35",15217,148,435,583
"HLA-C*07:36",15217,148,435,583
"HLA-C*07:360",15217,182,466,648
"HLA-C*07:368",15217,182,466,648
"HLA-C*07:369",15217,148,435,583
"HLA-C*07:37",15217,193,474,667
"HLA-C*07:38",15217,182,466,648
"HLA-C*07:39",15217,178,480,658
"HLA-C*07:391",15217,167,462,629
"HLA-C*07:40",15217,149,450,599
"HLA-C*07:409",15217,182,466,648
"HLA-C*07:43",15217,165,454,619
"HLA-C*07:44",15217,148,435,583
"HLA-C*07:450",15217,148,435,583
"HLA-C*07:46",15217,166,440,606
"HLA-C*07:48",15217,182,466,648
"HLA-C*07:49",15217,176,471,647
"HLA-C*07:51",15217,182,466,648
"HLA-C*07:54",15217,182,466,648
"HLA-C*07:56",15217,182,466,648
"HLA-C*07:57",15217,148,435,583
"HLA-C*07:60",15217,148,435,583
"HLA-C*07:63",15217,145,425,570
"HLA-C*07:68",15217,182,473,655
"HLA-C*07:70",15217,148,435,583
"HLA-C*07:72",15217,182,466,648
"HLA-C*07:73",15217,161,476,637
"HLA-C*07:75",15217,183,464,647
"HLA-C*07:76",15217,165,481,646
"HLA-C*07:79",15217,182,466,648
"HLA-C*07:80",15217,182,466,648
"HLA-C*07:83",15217,148,435,583
"HLA-C*07:85",15217,148,435,583
"HLA-C*07:88",15217,182,466,648
"HLA-C*07:89",15217,148,435,583
"HLA-C*07:90",15217,182,466,648
"HLA-C*07:91",15217,155,428,583
"HLA-C*07:92",15217,165,457,622
"HLA-C*07:93",15217,148,435,583
"HLA-C*07:95",15217,160,439,599
"HLA-C*07:96",15217,165,457,622
"HLA-C*07:97",15217,182,466,648
"HLA-C*08:01",15217,161,408,569
"HLA-C*08:02",15217,154,390,544
"HLA-C*08:03",15217,161,408,569
"HLA-C*08:04",15217,154,395,549
"HLA-C*08:05",15217,153,399,552
"HLA-C*08:06",15217,159,400,559
"HLA-C*08:07",15217,139,410,549
"HLA-C*08:08",15217,148,409,557
"HLA-C*08:10",15217,161,459,620
"HLA-C*08:103",15217,148,397,545
"HLA-C*08:11",15217,175,457,632
"HLA-C*08:12",15217,138,426,564
"HLA-C*08:13",15217,154,395,549
"HLA-C*08:15",15217,154,390,544
"HLA-C*08:23",15217,154,390,544
"HLA-C*08:25",15217,153,399,552
"HLA-C*08:28",15217,154,390,544
"HLA-C*08:30",15217,155,390,545
"HLA-C*08:32",15217,154,390,544
"HLA-C*08:33",15217,154,390,544
"HLA-C*08:35",15217,154,390,544
"HLA-C*08:43",15217,156,404,560
"HLA-C*08:50",15217,161,408,569
"HLA-C*08:51",15217,153,407,560
"HLA-C*08:53",15217,154,390,544
"HLA-C*08:54",15217,154,395,549
"HLA-C*08:76",15217,154,390,544
"HLA-C*08:92",15217,154,390,544
"HLA-C*12:02",15217,156,429,585
"HLA-C*12:03",15217,136,470,606
"HLA-C*12:04",15217,144,457,601
"HLA-C*12:05",15217,140,463,603
"HLA-C*12:06",15217,136,470,606
"HLA-C*12:07",15217,129,477,606
"HLA-C*12:08",15217,153,456,609
"HLA-C*12:09",15217,156,467,623
"HLA-C*12:101",15217,136,470,606
"HLA-C*12:11",15217,136,438,574
"HLA-C*12:12",15217,133,453,586
"HLA-C*12:13",15217,136,470,606
"HLA-C*12:136",15217,156,429,585
"HLA-C*12:139",15217,136,470,606
"HLA-C*12:14",15217,171,436,607
"HLA-C*12:149",15217,136,470,606
"HLA-C*12:16",15217,152,467,619
"HLA-C*12:162",15217,156,429,585
"HLA-C*12:18",15217,166,450,616
"HLA-C*12:19",15217,141,437,578
"HLA-C*12:20",15217,141,436,577
"HLA-C*12:21",15217,167,448,615
"HLA-C*12:24",15217,144,445,589
"HLA-C*12:27",15217,156,429,585
"HLA-C*12:28",15217,136,470,606
"HLA-C*12:30",15217,156,429,585
"HLA-C*12:33",15217,140,463,603
"HLA-C*12:34",15217,136,470,606
"HLA-C*12:38",15217,136,470,606
"HLA-C*12:40",15217,156,429,585
"HLA-C*12:41",15217,168,452,620
"HLA-C*12:43",15217,136,470,606
"HLA-C*12:45",15217,136,470,606
"HLA-C*12:47",15217,136,470,606
"HLA-C*12:48",15217,136,470,606
"HLA-C*12:54",15217,137,482,619
"HLA-C*12:59",15217,136,470,606
"HLA-C*12:60",15217,144,457,601
"HLA-C*12:61",15217,136,470,606
"HLA-C*12:62",15217,136,470,606
"HLA-C*12:64",15217,156,429,585
"HLA-C*12:67",15217,156,429,585
"HLA-C*12:72",15217,158,435,593
"HLA-C*12:78",15217,136,470,606
"HLA-C*12:86",15217,156,429,585
"HLA-C*12:90",15217,145,423,568
"HLA-C*12:98",15217,134,458,592
"HLA-C*12:99",15217,136,470,606
"HLA-C*14:02",15217,194,496,690
"HLA-C*14:03",15217,194,496,690
"HLA-C*14:04",15217,195,500,695
"HLA-C*14:05",15217,183,509,692
"HLA-C*14:06",15217,177,492,669
"HLA-C*14:10",15217,194,496,690
"HLA-C*14:12",15217,189,512,701
"HLA-C*14:18",15217,186,499,685
"HLA-C*14:24",15217,194,496,690
"HLA-C*14:25",15217,194,502,696
"HLA-C*14:29",15217,212,476,688
"HLA-C*14:32",15217,194,496,690
"HLA-C*14:41",15217,186,494,680
"HLA-C*14:50",15217,194,496,690
"HLA-C*14:66",15217,194,496,690
"HLA-C*14:67",15217,194,496,690
"HLA-C*15:02",15217,148,427,575
"HLA-C*15:03",15217,150,435,585
"HLA-C*15:04",15217,169,503,672
"HLA-C*15:05",15217,140,444,584
"HLA-C*15:06",15217,139,427,566
"HLA-C*15:07",15217,139,422,561
"HLA-C*15:08",15217,147,471,618
"HLA-C*15:09",15217,169,503,672
"HLA-C*15:10",15217,148,427,575
"HLA-C*15:102",15217,129,406,535
"HLA-C*15:11",15217,148,437,585
"HLA-C*15:124",15217,148,427,575
"HLA-C*15:15",15217,145,438,583
"HLA-C*15:16",15217,154,430,584
"HLA-C*15:17",15217,148,437,585
"HLA-C*15:22",15217,137,437,574
"HLA-C*15:23",15217,152,414,566
"HLA-C*15:24",15217,143,441,584
"HLA-C*15:25",15217,157,404,561
"HLA-C*15:26",15217,148,427,575
"HLA-C*15:27",15217,178,474,652
"HLA-C*15:30",15217,169,503,672
"HLA-C*15:38",15217,148,427,575
"HLA-C*15:40",15217,139,427,566
"HLA-C*15:42",15217,144,448,592
"HLA-C*15:44",15217,148,427,575
"HLA-C*15:52",15217,148,427,575
"HLA-C*15:57",15217,165,449,614
"HLA-C*15:58",15217,133,427,560
"HLA-C*15:68",15217,148,427,575
"HLA-C*15:72",15217,156,425,581
"HLA-C*15:85",15217,139,447,586
"HLA-C*16:01",15217,157,448,605
"HLA-C*16:02",15217,156,489,645
"HLA-C*16:04",15217,143,455,598
"HLA-C*16:07",15217,172,469,641
"HLA-C*16:08",15217,157,448,605
"HLA-C*16:09",15217,156,489,645
"HLA-C*16:12",15217,154,476,630
"HLA-C*16:13",15217,157,448,605
"HLA-C*16:14",15217,157,448,605
"HLA-C*16:15",15217,148,454,602
"HLA-C*16:18",15217,136,431,567
"HLA-C*16:19",15217,156,489,645
"HLA-C*16:21",15217,171,462,633
"HLA-C*16:22",15217,157,448,605
"HLA-C*16:24",15217,157,448,605
"HLA-C*16:25",15217,153,486,639
"HLA-C*16:26",15217,157,448,605
"HLA-C*16:33",15217,144,455,599
"HLA-C*16:37",15217,154,455,609
"HLA-C*16:38",15217,151,461,612
"HLA-C*16:46",15217,156,489,645
"HLA-C*16:50",15217,137,454,591
"HLA-C*16:52",15217,157,448,605
"HLA-C*16:74",15217,156,489,645
"HLA-C*16:88",15217,154,499,653
"HLA-C*17:01",15217,147,405,552
"HLA-C*17:04",15217,147,405,552
"HLA-C*17:07",15217,154,401,555
"HLA-C*17:23",15217,151,397,548
"HLA-C*18:01",15217,163,438,601
"HLA-C*18:03",15217,163,435,598
"HLA-C*18:04",15217,159,473,632
"HLA-C*18:06",15217,163,438,601
