"Alleles","AllBinders","StrongBinders","WeakBinders","WeakandStrongBinders"
"HLA-A*01:01",15338,233,614,847
"HLA-A*01:02",15338,232,655,887
"HLA-A*01:03",15338,228,620,848
"HLA-A*01:06",15338,253,591,844
"HLA-A*01:09",15338,233,614,847
"HLA-A*01:100",15338,233,614,847
"HLA-A*01:104",15338,232,626,858
"HLA-A*01:113",15338,233,614,847
"HLA-A*01:12",15338,241,581,822
"HLA-A*01:126",15338,237,610,847
"HLA-A*01:14",15338,229,637,866
"HLA-A*01:156",15338,233,614,847
"HLA-A*01:17",15338,231,627,858
"HLA-A*01:190",15338,232,655,887
"HLA-A*01:23",15338,234,645,879
"HLA-A*01:24",15338,233,614,847
"HLA-A*01:25",15338,234,631,865
"HLA-A*01:26",15338,227,640,867
"HLA-A*01:29",15338,233,614,847
"HLA-A*01:30",15338,198,470,668
"HLA-A*01:38",15338,233,614,847
"HLA-A*01:39",15338,233,614,847
"HLA-A*01:40",15338,233,614,847
"HLA-A*01:42",15338,233,614,847
"HLA-A*01:43",15338,235,624,859
"HLA-A*01:44",15338,233,614,847
"HLA-A*01:46",15338,233,614,847
"HLA-A*01:48",15338,233,614,847
"HLA-A*01:51",15338,242,631,873
"HLA-A*01:61",15338,233,614,847
"HLA-A*01:67",15338,233,614,847
"HLA-A*01:68",15338,233,614,847
"HLA-A*01:69",15338,233,614,847
"HLA-A*01:72",15338,234,626,860
"HLA-A*01:74",15338,233,614,847
"HLA-A*01:82",15338,233,614,847
"HLA-A*01:86",15338,233,614,847
"HLA-A*01:92",15338,233,614,847
"HLA-A*01:98",15338,236,642,878
"HLA-A*02:01",15338,145,416,561
"HLA-A*02:02",15338,141,392,533
"HLA-A*02:03",15338,131,344,475
"HLA-A*02:04",15338,155,421,576
"HLA-A*02:05",15338,138,367,505
"HLA-A*02:06",15338,138,386,524
"HLA-A*02:07",15338,159,432,591
"HLA-A*02:08",15338,142,377,519
"HLA-A*02:10",15338,143,414,557
"HLA-A*02:101",15338,137,418,555
"HLA-A*02:102",15338,141,392,533
"HLA-A*02:105",15338,143,408,551
"HLA-A*02:107",15338,145,416,561
"HLA-A*02:109",15338,145,416,561
"HLA-A*02:11",15338,139,430,569
"HLA-A*02:110",15338,158,431,589
"HLA-A*02:114",15338,158,442,600
"HLA-A*02:118",15338,145,416,561
"HLA-A*02:119",15338,145,416,561
"HLA-A*02:12",15338,142,397,539
"HLA-A*02:120",15338,145,416,561
"HLA-A*02:121",15338,145,416,561
"HLA-A*02:122",15338,127,378,505
"HLA-A*02:123",15338,145,416,561
"HLA-A*02:128",15338,140,447,587
"HLA-A*02:13",15338,115,395,510
"HLA-A*02:133",15338,145,416,561
"HLA-A*02:135",15338,151,386,537
"HLA-A*02:136",15338,140,418,558
"HLA-A*02:137",15338,138,386,524
"HLA-A*02:138",15338,145,416,561
"HLA-A*02:139",15338,137,419,556
"HLA-A*02:14",15338,145,401,546
"HLA-A*02:141",15338,141,406,547
"HLA-A*02:147",15338,137,411,548
"HLA-A*02:149",15338,145,416,561
"HLA-A*02:151",15338,137,411,548
"HLA-A*02:154",15338,139,371,510
"HLA-A*02:156",15338,153,426,579
"HLA-A*02:157",15338,145,416,561
"HLA-A*02:158",15338,145,408,553
"HLA-A*02:16",15338,138,405,543
"HLA-A*02:160",15338,145,416,561
"HLA-A*02:161",15338,141,407,548
"HLA-A*02:162",15338,145,416,561
"HLA-A*02:163",15338,145,416,561
"HLA-A*02:164",15338,145,416,561
"HLA-A*02:165",15338,145,416,561
"HLA-A*02:166",15338,145,416,561
"HLA-A*02:17",15338,158,431,589
"HLA-A*02:172",15338,138,367,505
"HLA-A*02:173",15338,145,416,561
"HLA-A*02:174",15338,145,416,561
"HLA-A*02:177",15338,145,416,561
"HLA-A*02:18",15338,159,432,591
"HLA-A*02:180",15338,138,386,524
"HLA-A*02:182",15338,145,416,561
"HLA-A*02:183",15338,145,416,561
"HLA-A*02:186",15338,141,392,533
"HLA-A*02:188",15338,152,445,597
"HLA-A*02:189",15338,145,416,561
"HLA-A*02:19",15338,140,407,547
"HLA-A*02:190",15338,145,416,561
"HLA-A*02:194",15338,145,416,561
"HLA-A*02:195",15338,146,411,557
"HLA-A*02:197",15338,145,416,561
"HLA-A*02:198",15338,145,416,561
"HLA-A*02:199",15338,145,416,561
"HLA-A*02:20",15338,141,424,565
"HLA-A*02:203",15338,145,416,561
"HLA-A*02:205",15338,145,416,561
"HLA-A*02:206",15338,145,416,561
"HLA-A*02:209",15338,141,392,533
"HLA-A*02:21",15338,138,386,524
"HLA-A*02:210",15338,145,416,561
"HLA-A*02:211",15338,145,416,561
"HLA-A*02:212",15338,145,416,561
"HLA-A*02:217",15338,155,435,590
"HLA-A*02:218",15338,145,416,561
"HLA-A*02:22",15338,132,412,544
"HLA-A*02:221",15338,145,416,561
"HLA-A*02:235",15338,145,416,561
"HLA-A*02:236",15338,145,416,561
"HLA-A*02:237",15338,145,416,561
"HLA-A*02:24",15338,145,416,561
"HLA-A*02:245",15338,144,418,562
"HLA-A*02:246",15338,158,442,600
"HLA-A*02:26",15338,134,387,521
"HLA-A*02:263",15338,142,414,556
"HLA-A*02:27",15338,128,391,519
"HLA-A*02:273",15338,145,416,561
"HLA-A*02:277",15338,145,416,561
"HLA-A*02:278",15338,138,386,524
"HLA-A*02:28",15338,138,386,524
"HLA-A*02:283",15338,145,416,561
"HLA-A*02:289",15338,143,412,555
"HLA-A*02:29",15338,142,413,555
"HLA-A*02:299",15338,145,416,561
"HLA-A*02:30",15338,145,416,561
"HLA-A*02:306",15338,145,416,561
"HLA-A*02:31",15338,145,416,561
"HLA-A*02:312",15338,145,416,561
"HLA-A*02:325",15338,145,416,561
"HLA-A*02:326",15338,145,416,561
"HLA-A*02:33",15338,140,433,573
"HLA-A*02:332",15338,160,419,579
"HLA-A*02:338",15338,153,426,579
"HLA-A*02:34",15338,146,395,541
"HLA-A*02:342",15338,145,416,561
"HLA-A*02:343",15338,145,416,561
"HLA-A*02:346",15338,145,416,561
"HLA-A*02:35",15338,147,417,564
"HLA-A*02:359",15338,138,367,505
"HLA-A*02:36",15338,151,407,558
"HLA-A*02:367",15338,145,416,561
"HLA-A*02:37",15338,140,407,547
"HLA-A*02:38",15338,128,385,513
"HLA-A*02:380",15338,145,416,561
"HLA-A*02:382",15338,130,365,495
"HLA-A*02:39",15338,154,427,581
"HLA-A*02:392",15338,145,416,561
"HLA-A*02:393",15338,134,387,521
"HLA-A*02:40",15338,145,416,561
"HLA-A*02:42",15338,140,402,542
"HLA-A*02:423",15338,133,413,546
"HLA-A*02:433",15338,138,367,505
"HLA-A*02:434",15338,145,416,561
"HLA-A*02:436",15338,145,416,561
"HLA-A*02:44",15338,144,376,520
"HLA-A*02:45",15338,142,437,579
"HLA-A*02:46",15338,137,448,585
"HLA-A*02:47",15338,146,386,532
"HLA-A*02:48",15338,149,449,598
"HLA-A*02:484",15338,138,367,505
"HLA-A*02:49",15338,147,388,535
"HLA-A*02:498",15338,145,416,561
"HLA-A*02:51",15338,138,386,524
"HLA-A*02:52",15338,130,408,538
"HLA-A*02:56",15338,139,409,548
"HLA-A*02:562",15338,145,416,561
"HLA-A*02:57",15338,139,434,573
"HLA-A*02:58",15338,150,415,565
"HLA-A*02:580",15338,147,417,564
"HLA-A*02:59",15338,145,416,561
"HLA-A*02:60",15338,145,409,554
"HLA-A*02:623",15338,138,386,524
"HLA-A*02:63",15338,141,392,533
"HLA-A*02:64",15338,149,412,561
"HLA-A*02:67",15338,145,416,561
"HLA-A*02:74",15338,145,416,561
"HLA-A*02:76",15338,154,433,587
"HLA-A*02:77",15338,145,416,561
"HLA-A*02:81",15338,143,431,574
"HLA-A*02:84",15338,140,378,518
"HLA-A*02:85",15338,145,416,561
"HLA-A*02:86",15338,145,416,561
"HLA-A*02:87",15338,147,432,579
"HLA-A*02:90",15338,145,434,579
"HLA-A*02:93",15338,145,416,561
"HLA-A*02:95",15338,145,416,561
"HLA-A*02:96",15338,145,416,561
"HLA-A*03:01",15338,177,447,624
"HLA-A*03:02",15338,175,436,611
"HLA-A*03:04",15338,177,447,624
"HLA-A*03:05",15338,177,447,624
"HLA-A*03:06",15338,177,447,624
"HLA-A*03:07",15338,182,424,606
"HLA-A*03:08",15338,156,412,568
"HLA-A*03:09",15338,176,443,619
"HLA-A*03:10",15338,175,436,611
"HLA-A*03:102",15338,177,447,624
"HLA-A*03:103",15338,157,417,574
"HLA-A*03:107",15338,185,527,712
"HLA-A*03:108",15338,160,423,583
"HLA-A*03:111",15338,177,447,624
"HLA-A*03:12",15338,173,449,622
"HLA-A*03:120",15338,175,436,611
"HLA-A*03:123",15338,177,447,624
"HLA-A*03:13",15338,177,447,624
"HLA-A*03:14",15338,177,447,624
"HLA-A*03:144",15338,177,447,624
"HLA-A*03:149",15338,177,447,624
"HLA-A*03:15",15338,172,443,615
"HLA-A*03:154",15338,177,447,624
"HLA-A*03:157",15338,171,443,614
"HLA-A*03:16",15338,177,447,624
"HLA-A*03:167",15338,175,446,621
"HLA-A*03:17",15338,177,447,624
"HLA-A*03:18",15338,266,527,793
"HLA-A*03:202",15338,177,447,624
"HLA-A*03:216",15338,177,447,624
"HLA-A*03:22",15338,177,447,624
"HLA-A*03:228",15338,177,447,624
"HLA-A*03:23",15338,166,441,607
"HLA-A*03:25",15338,177,447,624
"HLA-A*03:27",15338,177,447,624
"HLA-A*03:28",15338,177,447,624
"HLA-A*03:29",15338,179,433,612
"HLA-A*03:33",15338,177,447,624
"HLA-A*03:38",15338,177,447,624
"HLA-A*03:46",15338,177,447,624
"HLA-A*03:47",15338,177,447,624
"HLA-A*03:48",15338,177,447,624
"HLA-A*03:49",15338,177,447,624
"HLA-A*03:50",15338,171,420,591
"HLA-A*03:51",15338,177,447,624
"HLA-A*03:53",15338,177,447,624
"HLA-A*03:56",15338,177,447,624
"HLA-A*03:57",15338,185,508,693
"HLA-A*03:62",15338,177,447,624
"HLA-A*03:63",15338,177,447,624
"HLA-A*03:65",15338,171,443,614
"HLA-A*03:74",15338,177,447,624
"HLA-A*03:81",15338,177,447,624
"HLA-A*03:86",15338,177,447,624
"HLA-A*03:87",15338,177,447,624
"HLA-A*03:89",15338,155,413,568
"HLA-A*03:93",15338,177,447,624
"HLA-A*03:94",15338,177,447,624
"HLA-A*11:01",15338,194,460,654
"HLA-A*11:02",15338,194,460,654
"HLA-A*11:03",15338,191,477,668
"HLA-A*11:04",15338,181,458,639
"HLA-A*11:05",15338,194,460,654
"HLA-A*11:06",15338,191,462,653
"HLA-A*11:08",15338,203,496,699
"HLA-A*11:09",15338,194,460,654
"HLA-A*11:10",15338,191,445,636
"HLA-A*11:117",15338,194,460,654
"HLA-A*11:12",15338,194,460,654
"HLA-A*11:15",15338,194,460,654
"HLA-A*11:159",15338,194,460,654
"HLA-A*11:160",15338,194,460,654
"HLA-A*11:161",15338,202,462,664
"HLA-A*11:18",15338,193,402,595
"HLA-A*11:183",15338,190,415,605
"HLA-A*11:187",15338,194,460,654
"HLA-A*11:19",15338,186,388,574
"HLA-A*11:20",15338,191,477,668
"HLA-A*11:211",15338,220,504,724
"HLA-A*11:221",15338,200,431,631
"HLA-A*11:25",15338,189,486,675
"HLA-A*11:29",15338,194,460,654
"HLA-A*11:30",15338,194,460,654
"HLA-A*11:32",15338,194,460,654
"HLA-A*11:37",15338,194,460,654
"HLA-A*11:39",15338,201,478,679
"HLA-A*11:41",15338,194,460,654
"HLA-A*11:44",15338,210,476,686
"HLA-A*11:45",15338,207,488,695
"HLA-A*11:47",15338,200,431,631
"HLA-A*11:58",15338,194,460,654
"HLA-A*11:64",15338,193,466,659
"HLA-A*11:67",15338,194,460,654
"HLA-A*11:70",15338,198,434,632
"HLA-A*11:74",15338,194,460,654
"HLA-A*11:81",15338,194,460,654
"HLA-A*11:89",15338,194,460,654
"HLA-A*11:91",15338,194,460,654
"HLA-A*11:92",15338,194,460,654
"HLA-A*23:01",15338,152,507,659
"HLA-A*23:02",15338,172,486,658
"HLA-A*23:03",15338,152,507,659
"HLA-A*23:04",15338,165,510,675
"HLA-A*23:05",15338,149,524,673
"HLA-A*23:06",15338,152,507,659
"HLA-A*23:12",15338,151,531,682
"HLA-A*23:13",15338,149,517,666
"HLA-A*23:14",15338,152,507,659
"HLA-A*23:15",15338,152,507,659
"HLA-A*23:23",15338,152,507,659
"HLA-A*23:30",15338,153,516,669
"HLA-A*23:39",15338,152,507,659
"HLA-A*23:47",15338,152,507,659
"HLA-A*23:48",15338,152,507,659
"HLA-A*23:53",15338,168,538,706
"HLA-A*23:56",15338,152,507,659
"HLA-A*24:02",15338,157,505,662
"HLA-A*24:03",15338,162,513,675
"HLA-A*24:04",15338,191,496,687
"HLA-A*24:05",15338,157,505,662
"HLA-A*24:06",15338,172,486,658
"HLA-A*24:07",15338,158,518,676
"HLA-A*24:08",15338,165,512,677
"HLA-A*24:10",15338,168,501,669
"HLA-A*24:103",15338,157,505,662
"HLA-A*24:104",15338,165,480,645
"HLA-A*24:105",15338,157,505,662
"HLA-A*24:106",15338,166,540,706
"HLA-A*24:107",15338,149,508,657
"HLA-A*24:108",15338,158,518,676
"HLA-A*24:110",15338,157,505,662
"HLA-A*24:118",15338,157,505,662
"HLA-A*24:120",15338,150,516,666
"HLA-A*24:121",15338,160,509,669
"HLA-A*24:122",15338,157,505,662
"HLA-A*24:123",15338,157,505,662
"HLA-A*24:13",15338,152,507,659
"HLA-A*24:130",15338,157,505,662
"HLA-A*24:138",15338,161,493,654
"HLA-A*24:14",15338,159,490,649
"HLA-A*24:140",15338,155,506,661
"HLA-A*24:145",15338,157,499,656
"HLA-A*24:146",15338,173,494,667
"HLA-A*24:15",15338,147,507,654
"HLA-A*24:159",15338,157,505,662
"HLA-A*24:164",15338,180,490,670
"HLA-A*24:165",15338,157,505,662
"HLA-A*24:168",15338,157,505,662
"HLA-A*24:169",15338,157,505,662
"HLA-A*24:17",15338,173,551,724
"HLA-A*24:173",15338,157,505,662
"HLA-A*24:175",15338,157,505,662
"HLA-A*24:176",15338,157,505,662
"HLA-A*24:18",15338,154,506,660
"HLA-A*24:180",15338,157,505,662
"HLA-A*24:192",15338,157,505,662
"HLA-A*24:193",15338,157,505,662
"HLA-A*24:194",15338,157,505,662
"HLA-A*24:196",15338,157,505,662
"HLA-A*24:20",15338,157,505,662
"HLA-A*24:203",15338,157,505,662
"HLA-A*24:205",15338,157,505,662
"HLA-A*24:206",15338,157,505,662
"HLA-A*24:207",15338,165,510,675
"HLA-A*24:21",15338,157,505,662
"HLA-A*24:22",15338,169,500,669
"HLA-A*24:220",15338,160,514,674
"HLA-A*24:226",15338,157,505,662
"HLA-A*24:228",15338,152,507,659
"HLA-A*24:23",15338,162,513,675
"HLA-A*24:234",15338,157,505,662
"HLA-A*24:24",15338,189,465,654
"HLA-A*24:25",15338,156,509,665
"HLA-A*24:26",15338,157,505,662
"HLA-A*24:28",15338,192,445,637
"HLA-A*24:29",15338,157,505,662
"HLA-A*24:30",15338,163,510,673
"HLA-A*24:31",15338,162,508,670
"HLA-A*24:32",15338,163,514,677
"HLA-A*24:35",15338,157,505,662
"HLA-A*24:37",15338,157,505,662
"HLA-A*24:38",15338,157,505,662
"HLA-A*24:39",15338,157,505,662
"HLA-A*24:42",15338,164,504,668
"HLA-A*24:43",15338,157,505,662
"HLA-A*24:46",15338,162,511,673
"HLA-A*24:47",15338,157,505,662
"HLA-A*24:50",15338,159,482,641
"HLA-A*24:52",15338,162,499,661
"HLA-A*24:53",15338,147,507,654
"HLA-A*24:56",15338,155,503,658
"HLA-A*24:57",15338,154,507,661
"HLA-A*24:58",15338,157,505,662
"HLA-A*24:64",15338,159,515,674
"HLA-A*24:68",15338,157,505,662
"HLA-A*24:71",15338,157,505,662
"HLA-A*24:72",15338,157,505,662
"HLA-A*24:81",15338,157,505,662
"HLA-A*24:87",15338,162,508,670
"HLA-A*24:95",15338,157,505,662
"HLA-A*24:97",15338,157,505,662
"HLA-A*25:01",15338,158,431,589
"HLA-A*25:02",15338,168,431,599
"HLA-A*25:03",15338,151,458,609
"HLA-A*25:04",15338,168,459,627
"HLA-A*25:08",15338,158,431,589
"HLA-A*25:11",15338,166,435,601
"HLA-A*25:13",15338,158,431,589
"HLA-A*25:14",15338,158,431,589
"HLA-A*25:16",15338,158,431,589
"HLA-A*25:24",15338,158,431,589
"HLA-A*26:01",15338,179,470,649
"HLA-A*26:02",15338,171,470,641
"HLA-A*26:03",15338,137,430,567
"HLA-A*26:05",15338,181,470,651
"HLA-A*26:06",15338,137,430,567
"HLA-A*26:07",15338,188,442,630
"HLA-A*26:08",15338,205,479,684
"HLA-A*26:09",15338,186,454,640
"HLA-A*26:10",15338,179,470,649
"HLA-A*26:104",15338,179,470,649
"HLA-A*26:12",15338,193,473,666
"HLA-A*26:13",15338,179,492,671
"HLA-A*26:14",15338,179,470,649
"HLA-A*26:15",15338,179,470,649
"HLA-A*26:16",15338,191,472,663
"HLA-A*26:17",15338,179,470,649
"HLA-A*26:18",15338,193,473,666
"HLA-A*26:20",15338,177,483,660
"HLA-A*26:27",15338,179,470,649
"HLA-A*26:30",15338,137,430,567
"HLA-A*26:31",15338,185,466,651
"HLA-A*26:37",15338,179,470,649
"HLA-A*26:38",15338,179,470,649
"HLA-A*26:39",15338,179,470,649
"HLA-A*26:42",15338,173,464,637
"HLA-A*26:45",15338,179,470,649
"HLA-A*26:47",15338,179,470,649
"HLA-A*26:49",15338,190,488,678
"HLA-A*26:52",15338,179,470,649
"HLA-A*26:59",15338,179,470,649
"HLA-A*26:62",15338,209,455,664
"HLA-A*26:63",15338,179,470,649
"HLA-A*26:65",15338,179,470,649
"HLA-A*26:75",15338,179,470,649
"HLA-A*26:76",15338,179,470,649
"HLA-A*29:01",15338,198,559,757
"HLA-A*29:02",15338,198,559,757
"HLA-A*29:03",15338,202,600,802
"HLA-A*29:04",15338,189,578,767
"HLA-A*29:07",15338,194,564,758
"HLA-A*29:09",15338,198,559,757
"HLA-A*29:10",15338,198,559,757
"HLA-A*29:11",15338,198,559,757
"HLA-A*29:12",15338,198,559,757
"HLA-A*29:13",15338,173,528,701
"HLA-A*29:14",15338,200,568,768
"HLA-A*29:16",15338,198,559,757
"HLA-A*29:21",15338,198,559,757
"HLA-A*29:23",15338,198,559,757
"HLA-A*29:32",15338,186,576,762
"HLA-A*29:34",15338,189,589,778
"HLA-A*29:40",15338,198,559,757
"HLA-A*29:44",15338,198,559,757
"HLA-A*29:48",15338,142,354,496
"HLA-A*29:64",15338,198,559,757
"HLA-A*29:88",15338,198,559,757
"HLA-A*30:01",15338,118,298,416
"HLA-A*30:02",15338,163,585,748
"HLA-A*30:03",15338,163,585,748
"HLA-A*30:04",15338,195,534,729
"HLA-A*30:07",15338,166,602,768
"HLA-A*30:08",15338,119,353,472
"HLA-A*30:09",15338,198,579,777
"HLA-A*30:10",15338,165,564,729
"HLA-A*30:11",15338,118,298,416
"HLA-A*30:15",15338,118,298,416
"HLA-A*30:16",15338,103,324,427
"HLA-A*30:18",15338,118,298,416
"HLA-A*30:25",15338,173,536,709
"HLA-A*30:28",15338,160,585,745
"HLA-A*30:29",15338,212,543,755
"HLA-A*30:30",15338,118,298,416
"HLA-A*30:31",15338,121,308,429
"HLA-A*30:36",15338,118,298,416
"HLA-A*30:40",15338,118,298,416
"HLA-A*30:47",15338,165,572,737
"HLA-A*30:51",15338,163,585,748
"HLA-A*30:54",15338,118,298,416
"HLA-A*30:56",15338,118,298,416
"HLA-A*30:58",15338,118,298,416
"HLA-A*31:01",15338,101,276,377
"HLA-A*31:02",15338,103,288,391
"HLA-A*31:04",15338,112,298,410
"HLA-A*31:05",15338,106,301,407
"HLA-A*31:06",15338,111,285,396
"HLA-A*31:07",15338,165,486,651
"HLA-A*31:08",15338,175,475,650
"HLA-A*31:09",15338,103,288,391
"HLA-A*31:11",15338,101,276,377
"HLA-A*31:12",15338,120,334,454
"HLA-A*31:13",15338,101,276,377
"HLA-A*31:15",15338,112,307,419
"HLA-A*31:16",15338,101,276,377
"HLA-A*31:18",15338,102,285,387
"HLA-A*31:19",15338,101,276,377
"HLA-A*31:20",15338,101,276,377
"HLA-A*31:25",15338,106,294,400
"HLA-A*31:26",15338,101,276,377
"HLA-A*31:27",15338,101,276,377
"HLA-A*31:28",15338,101,270,371
"HLA-A*31:30",15338,91,288,379
"HLA-A*31:36",15338,101,276,377
"HLA-A*31:38",15338,101,276,377
"HLA-A*31:39",15338,101,276,377
"HLA-A*31:40",15338,101,276,377
"HLA-A*31:68",15338,101,276,377
"HLA-A*31:88",15338,110,281,391
"HLA-A*32:01",15338,160,416,576
"HLA-A*32:02",15338,153,428,581
"HLA-A*32:03",15338,161,431,592
"HLA-A*32:04",15338,178,430,608
"HLA-A*32:05",15338,176,401,577
"HLA-A*32:06",15338,160,416,576
"HLA-A*32:07",15338,156,456,612
"HLA-A*32:08",15338,169,420,589
"HLA-A*32:12",15338,160,416,576
"HLA-A*32:16",15338,160,416,576
"HLA-A*32:17",15338,163,433,596
"HLA-A*32:18",15338,160,416,576
"HLA-A*32:21",15338,160,416,576
"HLA-A*32:22",15338,153,428,581
"HLA-A*32:26",15338,175,406,581
"HLA-A*32:28",15338,160,416,576
"HLA-A*32:31",15338,176,401,577
"HLA-A*32:44",15338,160,416,576
"HLA-A*32:47",15338,160,416,576
"HLA-A*32:55",15338,160,416,576
"HLA-A*32:60",15338,161,410,571
"HLA-A*32:62",15338,160,416,576
"HLA-A*33:01",15338,113,316,429
"HLA-A*33:03",15338,98,316,414
"HLA-A*33:04",15338,113,316,429
"HLA-A*33:05",15338,113,316,429
"HLA-A*33:08",15338,112,299,411
"HLA-A*33:09",15338,93,275,368
"HLA-A*33:10",15338,105,326,431
"HLA-A*33:11",15338,100,325,425
"HLA-A*33:12",15338,98,316,414
"HLA-A*33:13",15338,197,525,722
"HLA-A*33:16",15338,113,316,429
"HLA-A*33:26",15338,98,316,414
"HLA-A*33:27",15338,113,316,429
"HLA-A*33:33",15338,98,316,414
"HLA-A*33:34",15338,113,316,429
"HLA-A*33:48",15338,197,525,722
"HLA-A*33:55",15338,98,316,414
"HLA-A*33:60",15338,105,310,415
"HLA-A*33:64",15338,113,316,429
"HLA-A*33:65",15338,98,316,414
"HLA-A*34:01",15338,139,416,555
"HLA-A*34:02",15338,182,410,592
"HLA-A*34:04",15338,182,410,592
"HLA-A*34:05",15338,139,416,555
"HLA-A*34:06",15338,150,457,607
"HLA-A*34:07",15338,184,426,610
"HLA-A*34:08",15338,188,451,639
"HLA-A*36:01",15338,236,581,817
"HLA-A*36:02",15338,256,574,830
"HLA-A*36:03",15338,234,578,812
"HLA-A*36:04",15338,234,626,860
"HLA-A*43:01",15338,197,448,645
"HLA-A*66:01",15338,157,426,583
"HLA-A*66:02",15338,152,395,547
"HLA-A*66:03",15338,147,388,535
"HLA-A*66:04",15338,146,431,577
"HLA-A*66:05",15338,158,402,560
"HLA-A*66:13",15338,157,426,583
"HLA-A*66:15",15338,132,380,512
"HLA-A*68:01",15338,146,383,529
"HLA-A*68:02",15338,154,379,533
"HLA-A*68:03",15338,115,369,484
"HLA-A*68:04",15338,102,364,466
"HLA-A*68:05",15338,124,386,510
"HLA-A*68:06",15338,146,396,542
"HLA-A*68:07",15338,159,393,552
"HLA-A*68:08",15338,149,416,565
"HLA-A*68:10",15338,162,364,526
"HLA-A*68:101",15338,146,383,529
"HLA-A*68:104",15338,155,390,545
"HLA-A*68:12",15338,146,383,529
"HLA-A*68:13",15338,164,370,534
"HLA-A*68:15",15338,146,364,510
"HLA-A*68:16",15338,146,383,529
"HLA-A*68:17",15338,159,389,548
"HLA-A*68:19",15338,146,383,529
"HLA-A*68:20",15338,124,386,510
"HLA-A*68:21",15338,146,383,529
"HLA-A*68:22",15338,146,383,529
"HLA-A*68:23",15338,175,424,599
"HLA-A*68:24",15338,146,383,529
"HLA-A*68:25",15338,146,383,529
"HLA-A*68:26",15338,165,446,611
"HLA-A*68:27",15338,154,379,533
"HLA-A*68:29",15338,126,389,515
"HLA-A*68:30",15338,158,369,527
"HLA-A*68:31",15338,150,388,538
"HLA-A*68:32",15338,146,383,529
"HLA-A*68:35",15338,146,383,529
"HLA-A*68:36",15338,203,479,682
"HLA-A*68:37",15338,146,383,529
"HLA-A*68:38",15338,146,383,529
"HLA-A*68:40",15338,155,394,549
"HLA-A*68:43",15338,146,383,529
"HLA-A*68:45",15338,135,382,517
"HLA-A*68:46",15338,160,470,630
"HLA-A*68:54",15338,143,344,487
"HLA-A*68:55",15338,146,383,529
"HLA-A*68:57",15338,146,383,529
"HLA-A*68:60",15338,154,379,533
"HLA-A*68:67",15338,154,379,533
"HLA-A*68:68",15338,146,383,529
"HLA-A*68:72",15338,152,386,538
"HLA-A*68:85",15338,151,376,527
"HLA-A*68:91",15338,146,383,529
"HLA-A*68:95",15338,146,383,529
"HLA-A*68:99",15338,146,383,529
"HLA-A*69:01",15338,153,392,545
"HLA-A*74:01",15338,136,359,495
"HLA-A*74:03",15338,136,359,495
"HLA-A*74:05",15338,129,363,492
"HLA-A*74:06",15338,135,404,539
"HLA-A*74:07",15338,110,371,481
"HLA-A*74:08",15338,136,359,495
"HLA-A*74:09",15338,136,359,495
"HLA-A*74:10",15338,195,507,702
"HLA-A*74:11",15338,136,359,495
"HLA-A*74:13",15338,153,404,557
"HLA-A*74:16",15338,136,359,495
"HLA-A*80:01",15338,206,515,721
"HLA-B*07:02",15338,93,301,394
"HLA-B*07:03",15338,95,303,398
"HLA-B*07:04",15338,93,300,393
"HLA-B*07:05",15338,91,301,392
"HLA-B*07:07",15338,97,327,424
"HLA-B*07:08",15338,101,311,412
"HLA-B*07:09",15338,111,304,415
"HLA-B*07:10",15338,102,340,442
"HLA-B*07:102",15338,93,301,394
"HLA-B*07:103",15338,93,301,394
"HLA-B*07:104",15338,93,301,394
"HLA-B*07:105",15338,96,317,413
"HLA-B*07:106",15338,92,325,417
"HLA-B*07:109",15338,93,301,394
"HLA-B*07:110",15338,93,301,394
"HLA-B*07:112",15338,91,301,392
"HLA-B*07:113",15338,93,301,394
"HLA-B*07:12",15338,98,329,427
"HLA-B*07:122",15338,93,301,394
"HLA-B*07:13",15338,134,374,508
"HLA-B*07:131",15338,102,312,414
"HLA-B*07:132",15338,93,301,394
"HLA-B*07:136",15338,93,301,394
"HLA-B*07:14",15338,98,329,427
"HLA-B*07:143",15338,90,302,392
"HLA-B*07:15",15338,96,299,395
"HLA-B*07:151",15338,88,337,425
"HLA-B*07:158",15338,93,301,394
"HLA-B*07:16",15338,99,338,437
"HLA-B*07:165",15338,93,301,394
"HLA-B*07:17",15338,111,304,415
"HLA-B*07:18",15338,98,329,427
"HLA-B*07:188",15338,93,301,394
"HLA-B*07:19",15338,99,286,385
"HLA-B*07:193",15338,101,330,431
"HLA-B*07:20",15338,97,327,424
"HLA-B*07:206",15338,92,304,396
"HLA-B*07:208",15338,93,301,394
"HLA-B*07:22",15338,93,301,394
"HLA-B*07:222",15338,92,299,391
"HLA-B*07:23",15338,93,299,392
"HLA-B*07:237",15338,111,304,415
"HLA-B*07:24",15338,91,315,406
"HLA-B*07:26",15338,100,300,400
"HLA-B*07:29",15338,93,283,376
"HLA-B*07:31",15338,99,290,389
"HLA-B*07:33",15338,93,301,394
"HLA-B*07:36",15338,109,343,452
"HLA-B*07:37",15338,98,338,436
"HLA-B*07:38",15338,115,337,452
"HLA-B*07:42",15338,93,301,394
"HLA-B*07:46",15338,93,301,394
"HLA-B*07:47",15338,93,301,394
"HLA-B*07:48",15338,100,315,415
"HLA-B*07:51",15338,93,315,408
"HLA-B*07:53",15338,91,301,392
"HLA-B*07:56",15338,87,300,387
"HLA-B*07:57",15338,90,295,385
"HLA-B*07:62",15338,93,301,394
"HLA-B*07:63",15338,96,299,395
"HLA-B*07:68",15338,93,301,394
"HLA-B*07:71",15338,93,301,394
"HLA-B*07:73",15338,93,301,394
"HLA-B*07:74",15338,93,301,394
"HLA-B*07:77",15338,101,330,431
"HLA-B*07:80",15338,95,312,407
"HLA-B*07:81",15338,112,326,438
"HLA-B*07:85",15338,113,361,474
"HLA-B*07:86",15338,93,301,394
"HLA-B*07:87",15338,93,301,394
"HLA-B*07:88",15338,93,301,394
"HLA-B*07:92",15338,92,309,401
"HLA-B*07:94",15338,88,304,392
"HLA-B*07:95",15338,96,269,365
"HLA-B*07:96",15338,93,301,394
"HLA-B*07:98",15338,93,330,423
"HLA-B*08:01",15338,129,335,464
"HLA-B*08:02",15338,142,382,524
"HLA-B*08:03",15338,131,372,503
"HLA-B*08:04",15338,125,367,492
"HLA-B*08:07",15338,132,331,463
"HLA-B*08:09",15338,113,296,409
"HLA-B*08:104",15338,129,335,464
"HLA-B*08:11",15338,130,339,469
"HLA-B*08:110",15338,120,342,462
"HLA-B*08:12",15338,132,360,492
"HLA-B*08:13",15338,136,351,487
"HLA-B*08:14",15338,139,314,453
"HLA-B*08:15",15338,143,341,484
"HLA-B*08:16",15338,135,369,504
"HLA-B*08:18",15338,129,335,464
"HLA-B*08:20",15338,123,329,452
"HLA-B*08:22",15338,129,335,464
"HLA-B*08:23",15338,134,346,480
"HLA-B*08:24",15338,129,335,464
"HLA-B*08:25",15338,134,361,495
"HLA-B*08:26",15338,110,351,461
"HLA-B*08:28",15338,145,325,470
"HLA-B*08:31",15338,129,335,464
"HLA-B*08:33",15338,129,335,464
"HLA-B*08:34",15338,129,335,464
"HLA-B*08:35",15338,148,323,471
"HLA-B*08:36",15338,129,335,464
"HLA-B*08:37",15338,145,325,470
"HLA-B*08:39",15338,129,335,464
"HLA-B*08:41",15338,129,335,464
"HLA-B*08:50",15338,114,334,448
"HLA-B*08:52",15338,142,362,504
"HLA-B*08:56",15338,140,321,461
"HLA-B*08:59",15338,129,335,464
"HLA-B*08:63",15338,129,335,464
"HLA-B*08:71",15338,129,335,464
"HLA-B*08:75",15338,129,335,464
"HLA-B*08:78",15338,139,378,517
"HLA-B*08:88",15338,129,335,464
"HLA-B*08:97",15338,129,335,464
"HLA-B*13:01",15338,124,383,507
"HLA-B*13:02",15338,123,368,491
"HLA-B*13:03",15338,113,397,510
"HLA-B*13:04",15338,143,408,551
"HLA-B*13:06",15338,127,396,523
"HLA-B*13:08",15338,129,370,499
"HLA-B*13:10",15338,148,401,549
"HLA-B*13:11",15338,124,388,512
"HLA-B*13:12",15338,123,393,516
"HLA-B*13:14",15338,123,368,491
"HLA-B*13:45",15338,123,368,491
"HLA-B*13:47",15338,123,368,491
"HLA-B*13:57",15338,124,383,507
"HLA-B*14:01",15338,124,368,492
"HLA-B*14:02",15338,124,368,492
"HLA-B*14:03",15338,127,363,490
"HLA-B*14:05",15338,136,317,453
"HLA-B*14:06",15338,115,379,494
"HLA-B*14:08",15338,115,379,494
"HLA-B*14:09",15338,124,368,492
"HLA-B*14:10",15338,123,374,497
"HLA-B*14:19",15338,136,355,491
"HLA-B*14:20",15338,124,368,492
"HLA-B*14:23",15338,124,356,480
"HLA-B*14:29",15338,124,368,492
"HLA-B*14:32",15338,124,368,492
"HLA-B*15:01",15338,153,440,593
"HLA-B*15:02",15338,165,511,676
"HLA-B*15:03",15338,162,426,588
"HLA-B*15:04",15338,123,369,492
"HLA-B*15:05",15338,174,447,621
"HLA-B*15:06",15338,180,430,610
"HLA-B*15:07",15338,164,433,597
"HLA-B*15:08",15338,178,433,611
"HLA-B*15:09",15338,129,385,514
"HLA-B*15:10",15338,130,374,504
"HLA-B*15:106",15338,162,442,604
"HLA-B*15:108",15338,160,450,610
"HLA-B*15:11",15338,183,440,623
"HLA-B*15:110",15338,177,425,602
"HLA-B*15:113",15338,153,440,593
"HLA-B*15:117",15338,149,424,573
"HLA-B*15:12",15338,152,461,613
"HLA-B*15:122",15338,153,440,593
"HLA-B*15:123",15338,154,450,604
"HLA-B*15:125",15338,153,440,593
"HLA-B*15:128",15338,153,440,593
"HLA-B*15:13",15338,158,448,606
"HLA-B*15:132",15338,162,426,588
"HLA-B*15:135",15338,157,463,620
"HLA-B*15:14",15338,148,463,611
"HLA-B*15:141",15338,169,440,609
"HLA-B*15:142",15338,163,449,612
"HLA-B*15:147",15338,153,440,593
"HLA-B*15:15",15338,164,493,657
"HLA-B*15:150",15338,115,377,492
"HLA-B*15:153",15338,171,448,619
"HLA-B*15:154",15338,153,442,595
"HLA-B*15:157",15338,135,406,541
"HLA-B*15:158",15338,163,422,585
"HLA-B*15:159",15338,153,432,585
"HLA-B*15:16",15338,148,475,623
"HLA-B*15:160",15338,160,433,593
"HLA-B*15:162",15338,145,482,627
"HLA-B*15:164",15338,153,440,593
"HLA-B*15:167",15338,153,440,593
"HLA-B*15:17",15338,154,457,611
"HLA-B*15:170",15338,165,511,676
"HLA-B*15:172",15338,153,440,593
"HLA-B*15:173",15338,162,426,588
"HLA-B*15:174",15338,153,440,593
"HLA-B*15:175",15338,150,442,592
"HLA-B*15:18",15338,171,448,619
"HLA-B*15:183",15338,146,424,570
"HLA-B*15:20",15338,174,444,618
"HLA-B*15:204",15338,160,440,600
"HLA-B*15:207",15338,164,433,597
"HLA-B*15:208",15338,154,457,611
"HLA-B*15:21",15338,170,464,634
"HLA-B*15:211",15338,153,440,593
"HLA-B*15:23",15338,136,453,589
"HLA-B*15:237",15338,193,440,633
"HLA-B*15:239",15338,157,429,586
"HLA-B*15:24",15338,135,406,541
"HLA-B*15:240",15338,165,439,604
"HLA-B*15:248",15338,116,379,495
"HLA-B*15:25",15338,165,439,604
"HLA-B*15:27",15338,161,437,598
"HLA-B*15:29",15338,158,436,594
"HLA-B*15:290",15338,150,402,552
"HLA-B*15:30",15338,115,377,492
"HLA-B*15:31",15338,184,511,695
"HLA-B*15:319",15338,165,511,676
"HLA-B*15:32",15338,160,439,599
"HLA-B*15:33",15338,153,440,593
"HLA-B*15:335",15338,167,476,643
"HLA-B*15:34",15338,153,440,593
"HLA-B*15:35",15338,169,440,609
"HLA-B*15:37",15338,120,382,502
"HLA-B*15:38",15338,168,470,638
"HLA-B*15:39",15338,162,437,599
"HLA-B*15:40",15338,165,425,590
"HLA-B*15:42",15338,89,303,392
"HLA-B*15:44",15338,171,474,645
"HLA-B*15:45",15338,105,377,482
"HLA-B*15:46",15338,152,420,572
"HLA-B*15:47",15338,132,441,573
"HLA-B*15:48",15338,140,362,502
"HLA-B*15:52",15338,156,417,573
"HLA-B*15:53",15338,140,398,538
"HLA-B*15:54",15338,143,412,555
"HLA-B*15:55",15338,186,484,670
"HLA-B*15:56",15338,163,419,582
"HLA-B*15:57",15338,171,446,617
"HLA-B*15:58",15338,109,376,485
"HLA-B*15:62",15338,163,412,575
"HLA-B*15:63",15338,116,379,495
"HLA-B*15:64",15338,152,470,622
"HLA-B*15:65",15338,171,442,613
"HLA-B*15:67",15338,148,475,623
"HLA-B*15:69",15338,156,398,554
"HLA-B*15:70",15338,159,417,576
"HLA-B*15:71",15338,150,442,592
"HLA-B*15:72",15338,171,448,619
"HLA-B*15:73",15338,115,377,492
"HLA-B*15:75",15338,153,451,604
"HLA-B*15:76",15338,167,427,594
"HLA-B*15:78",15338,153,440,593
"HLA-B*15:80",15338,169,450,619
"HLA-B*15:82",15338,153,440,593
"HLA-B*15:83",15338,100,314,414
"HLA-B*15:87",15338,150,401,551
"HLA-B*15:88",15338,183,514,697
"HLA-B*15:89",15338,161,473,634
"HLA-B*15:96",15338,153,440,593
"HLA-B*15:98",15338,162,426,588
"HLA-B*18:01",15338,115,367,482
"HLA-B*18:02",15338,122,359,481
"HLA-B*18:03",15338,125,366,491
"HLA-B*18:04",15338,168,472,640
"HLA-B*18:05",15338,115,367,482
"HLA-B*18:06",15338,125,409,534
"HLA-B*18:07",15338,174,454,628
"HLA-B*18:08",15338,139,425,564
"HLA-B*18:09",15338,128,393,521
"HLA-B*18:10",15338,129,355,484
"HLA-B*18:11",15338,120,362,482
"HLA-B*18:114",15338,115,367,482
"HLA-B*18:12",15338,117,361,478
"HLA-B*18:13",15338,119,381,500
"HLA-B*18:14",15338,119,367,486
"HLA-B*18:15",15338,125,416,541
"HLA-B*18:18",15338,128,402,530
"HLA-B*18:19",15338,125,409,534
"HLA-B*18:20",15338,115,367,482
"HLA-B*18:22",15338,127,361,488
"HLA-B*18:25",15338,147,441,588
"HLA-B*18:28",15338,115,367,482
"HLA-B*18:30",15338,123,405,528
"HLA-B*18:32",15338,115,367,482
"HLA-B*18:33",15338,136,415,551
"HLA-B*18:34",15338,115,367,482
"HLA-B*18:36",15338,126,421,547
"HLA-B*18:37",15338,121,389,510
"HLA-B*18:40",15338,115,367,482
"HLA-B*18:43",15338,147,441,588
"HLA-B*18:44",15338,140,396,536
"HLA-B*18:49",15338,124,375,499
"HLA-B*18:60",15338,115,367,482
"HLA-B*18:68",15338,115,367,482
"HLA-B*18:69",15338,114,379,493
"HLA-B*18:73",15338,115,367,482
"HLA-B*18:95",15338,113,370,483
"HLA-B*27:01",15338,79,271,350
"HLA-B*27:02",15338,109,289,398
"HLA-B*27:03",15338,81,262,343
"HLA-B*27:04",15338,100,265,365
"HLA-B*27:05",15338,78,241,319
"HLA-B*27:06",15338,109,261,370
"HLA-B*27:07",15338,91,287,378
"HLA-B*27:08",15338,92,246,338
"HLA-B*27:09",15338,94,267,361
"HLA-B*27:10",15338,70,252,322
"HLA-B*27:12",15338,101,262,363
"HLA-B*27:14",15338,82,212,294
"HLA-B*27:15",15338,104,267,371
"HLA-B*27:17",15338,77,238,315
"HLA-B*27:18",15338,122,330,452
"HLA-B*27:19",15338,92,266,358
"HLA-B*27:20",15338,110,276,386
"HLA-B*27:23",15338,144,402,546
"HLA-B*27:24",15338,108,272,380
"HLA-B*27:25",15338,114,288,402
"HLA-B*27:26",15338,95,251,346
"HLA-B*27:27",15338,93,288,381
"HLA-B*27:30",15338,117,301,418
"HLA-B*27:32",15338,79,241,320
"HLA-B*27:34",15338,89,281,370
"HLA-B*27:35",15338,94,274,368
"HLA-B*27:41",15338,88,291,379
"HLA-B*27:42",15338,77,236,313
"HLA-B*27:43",15338,91,287,378
"HLA-B*27:46",15338,100,234,334
"HLA-B*27:47",15338,97,276,373
"HLA-B*27:48",15338,78,241,319
"HLA-B*27:49",15338,78,241,319
"HLA-B*27:51",15338,78,241,319
"HLA-B*27:53",15338,87,293,380
"HLA-B*27:56",15338,78,241,319
"HLA-B*27:60",15338,78,241,319
"HLA-B*27:61",15338,94,264,358
"HLA-B*27:70",15338,92,266,358
"HLA-B*27:73",15338,78,241,319
"HLA-B*27:80",15338,78,241,319
"HLA-B*27:82",15338,78,241,319
"HLA-B*27:83",15338,109,289,398
"HLA-B*27:84",15338,78,241,319
"HLA-B*27:85",15338,78,241,319
"HLA-B*27:90",15338,78,241,319
"HLA-B*35:01",15338,171,444,615
"HLA-B*35:02",15338,131,384,515
"HLA-B*35:03",15338,133,352,485
"HLA-B*35:04",15338,131,384,515
"HLA-B*35:05",15338,164,419,583
"HLA-B*35:06",15338,130,372,502
"HLA-B*35:08",15338,178,452,630
"HLA-B*35:09",15338,131,384,515
"HLA-B*35:10",15338,183,439,622
"HLA-B*35:100",15338,178,452,630
"HLA-B*35:103",15338,171,444,615
"HLA-B*35:104",15338,171,444,615
"HLA-B*35:106",15338,133,352,485
"HLA-B*35:108",15338,171,444,615
"HLA-B*35:109",15338,138,374,512
"HLA-B*35:11",15338,176,439,615
"HLA-B*35:112",15338,171,444,615
"HLA-B*35:115",15338,170,465,635
"HLA-B*35:116",15338,171,444,615
"HLA-B*35:12",15338,131,384,515
"HLA-B*35:121",15338,161,464,625
"HLA-B*35:123",15338,171,444,615
"HLA-B*35:128",15338,133,352,485
"HLA-B*35:13",15338,138,369,507
"HLA-B*35:132",15338,171,444,615
"HLA-B*35:136",15338,140,344,484
"HLA-B*35:139",15338,171,444,615
"HLA-B*35:14",15338,173,434,607
"HLA-B*35:15",15338,166,443,609
"HLA-B*35:157",15338,138,383,521
"HLA-B*35:158",15338,178,452,630
"HLA-B*35:16",15338,166,415,581
"HLA-B*35:163",15338,136,339,475
"HLA-B*35:167",15338,137,330,467
"HLA-B*35:17",15338,169,412,581
"HLA-B*35:174",15338,178,452,630
"HLA-B*35:178",15338,171,444,615
"HLA-B*35:18",15338,147,371,518
"HLA-B*35:183",15338,131,384,515
"HLA-B*35:19",15338,172,442,614
"HLA-B*35:191",15338,171,444,615
"HLA-B*35:193",15338,133,352,485
"HLA-B*35:20",15338,186,489,675
"HLA-B*35:204",15338,133,352,485
"HLA-B*35:21",15338,173,470,643
"HLA-B*35:214",15338,171,444,615
"HLA-B*35:22",15338,136,328,464
"HLA-B*35:225",15338,178,452,630
"HLA-B*35:23",15338,170,454,624
"HLA-B*35:24",15338,176,471,647
"HLA-B*35:247",15338,171,444,615
"HLA-B*35:25",15338,166,433,599
"HLA-B*35:259",15338,173,436,609
"HLA-B*35:26",15338,167,458,625
"HLA-B*35:263",15338,171,444,615
"HLA-B*35:27",15338,184,470,654
"HLA-B*35:278",15338,133,352,485
"HLA-B*35:28",15338,166,465,631
"HLA-B*35:29",15338,156,446,602
"HLA-B*35:30",15338,169,412,581
"HLA-B*35:31",15338,130,336,466
"HLA-B*35:32",15338,172,458,630
"HLA-B*35:321",15338,131,384,515
"HLA-B*35:33",15338,134,345,479
"HLA-B*35:34",15338,133,368,501
"HLA-B*35:36",15338,133,352,485
"HLA-B*35:37",15338,127,326,453
"HLA-B*35:38",15338,128,344,472
"HLA-B*35:41",15338,176,433,609
"HLA-B*35:43",15338,174,431,605
"HLA-B*35:44",15338,134,347,481
"HLA-B*35:45",15338,187,497,684
"HLA-B*35:47",15338,172,442,614
"HLA-B*35:48",15338,168,461,629
"HLA-B*35:49",15338,166,452,618
"HLA-B*35:55",15338,133,352,485
"HLA-B*35:58",15338,161,428,589
"HLA-B*35:59",15338,130,372,502
"HLA-B*35:61",15338,178,452,630
"HLA-B*35:68",15338,172,458,630
"HLA-B*35:72",15338,182,484,666
"HLA-B*35:74",15338,136,377,513
"HLA-B*35:77",15338,171,444,615
"HLA-B*35:80",15338,194,459,653
"HLA-B*35:81",15338,144,383,527
"HLA-B*35:87",15338,123,346,469
"HLA-B*35:90",15338,163,443,606
"HLA-B*35:93",15338,164,458,622
"HLA-B*35:95",15338,129,417,546
"HLA-B*35:96",15338,134,334,468
"HLA-B*37:01",15338,96,372,468
"HLA-B*37:02",15338,117,316,433
"HLA-B*37:04",15338,101,393,494
"HLA-B*37:05",15338,94,350,444
"HLA-B*37:07",15338,90,294,384
"HLA-B*37:09",15338,89,338,427
"HLA-B*37:10",15338,104,353,457
"HLA-B*37:17",15338,100,379,479
"HLA-B*37:18",15338,96,372,468
"HLA-B*37:21",15338,131,367,498
"HLA-B*37:22",15338,97,389,486
"HLA-B*37:27",15338,96,372,468
"HLA-B*37:35",15338,133,356,489
"HLA-B*37:48",15338,103,370,473
"HLA-B*38:01",15338,133,395,528
"HLA-B*38:02",15338,132,383,515
"HLA-B*38:03",15338,108,394,502
"HLA-B*38:06",15338,128,427,555
"HLA-B*38:09",15338,133,395,528
"HLA-B*38:12",15338,133,395,528
"HLA-B*38:13",15338,133,395,528
"HLA-B*38:14",15338,127,384,511
"HLA-B*38:15",15338,132,383,515
"HLA-B*38:17",15338,122,342,464
"HLA-B*38:24",15338,133,395,528
"HLA-B*38:27",15338,133,395,528
"HLA-B*38:31",15338,133,395,528
"HLA-B*38:32",15338,135,361,496
"HLA-B*38:35",15338,132,383,515
"HLA-B*38:37",15338,133,387,520
"HLA-B*39:01",15338,122,372,494
"HLA-B*39:02",15338,108,370,478
"HLA-B*39:03",15338,123,356,479
"HLA-B*39:04",15338,122,372,494
"HLA-B*39:05",15338,126,347,473
"HLA-B*39:06",15338,95,279,374
"HLA-B*39:07",15338,157,424,581
"HLA-B*39:08",15338,92,377,469
"HLA-B*39:09",15338,121,379,500
"HLA-B*39:10",15338,131,332,463
"HLA-B*39:11",15338,128,362,490
"HLA-B*39:12",15338,131,335,466
"HLA-B*39:13",15338,105,363,468
"HLA-B*39:14",15338,129,350,479
"HLA-B*39:15",15338,126,375,501
"HLA-B*39:19",15338,127,420,547
"HLA-B*39:20",15338,132,350,482
"HLA-B*39:22",15338,131,362,493
"HLA-B*39:24",15338,123,356,479
"HLA-B*39:26",15338,122,372,494
"HLA-B*39:29",15338,120,348,468
"HLA-B*39:31",15338,119,350,469
"HLA-B*39:33",15338,115,298,413
"HLA-B*39:34",15338,99,281,380
"HLA-B*39:37",15338,128,349,477
"HLA-B*39:39",15338,110,392,502
"HLA-B*39:43",15338,137,429,566
"HLA-B*39:47",15338,120,377,497
"HLA-B*39:53",15338,122,372,494
"HLA-B*39:57",15338,95,279,374
"HLA-B*39:62",15338,95,279,374
"HLA-B*39:68",15338,122,372,494
"HLA-B*39:75",15338,122,372,494
"HLA-B*39:79",15338,118,369,487
"HLA-B*39:93",15338,122,372,494
"HLA-B*40:01",15338,100,294,394
"HLA-B*40:02",15338,90,296,386
"HLA-B*40:03",15338,101,325,426
"HLA-B*40:04",15338,96,294,390
"HLA-B*40:05",15338,94,319,413
"HLA-B*40:06",15338,71,238,309
"HLA-B*40:07",15338,97,387,484
"HLA-B*40:08",15338,114,352,466
"HLA-B*40:09",15338,90,285,375
"HLA-B*40:10",15338,97,372,469
"HLA-B*40:102",15338,100,294,394
"HLA-B*40:103",15338,71,238,309
"HLA-B*40:108",15338,100,294,394
"HLA-B*40:11",15338,92,298,390
"HLA-B*40:110",15338,111,288,399
"HLA-B*40:111",15338,90,296,386
"HLA-B*40:113",15338,108,302,410
"HLA-B*40:114",15338,100,292,392
"HLA-B*40:115",15338,91,299,390
"HLA-B*40:117",15338,94,350,444
"HLA-B*40:119",15338,93,292,385
"HLA-B*40:12",15338,108,363,471
"HLA-B*40:126",15338,100,294,394
"HLA-B*40:129",15338,98,331,429
"HLA-B*40:13",15338,131,377,508
"HLA-B*40:130",15338,100,294,394
"HLA-B*40:135",15338,100,294,394
"HLA-B*40:14",15338,92,298,390
"HLA-B*40:157",15338,91,337,428
"HLA-B*40:159",15338,75,236,311
"HLA-B*40:16",15338,73,289,362
"HLA-B*40:160",15338,101,304,405
"HLA-B*40:168",15338,102,285,387
"HLA-B*40:177",15338,71,238,309
"HLA-B*40:18",15338,90,285,375
"HLA-B*40:183",15338,94,304,398
"HLA-B*40:19",15338,105,347,452
"HLA-B*40:197",15338,100,294,394
"HLA-B*40:20",15338,108,318,426
"HLA-B*40:200",15338,90,296,386
"HLA-B*40:201",15338,89,338,427
"HLA-B*40:203",15338,90,296,386
"HLA-B*40:21",15338,116,383,499
"HLA-B*40:226",15338,85,282,367
"HLA-B*40:23",15338,78,307,385
"HLA-B*40:26",15338,90,318,408
"HLA-B*40:27",15338,99,301,400
"HLA-B*40:295",15338,71,238,309
"HLA-B*40:30",15338,96,309,405
"HLA-B*40:31",15338,93,301,394
"HLA-B*40:310",15338,100,294,394
"HLA-B*40:32",15338,82,286,368
"HLA-B*40:334",15338,90,296,386
"HLA-B*40:35",15338,90,296,386
"HLA-B*40:40",15338,89,368,457
"HLA-B*40:42",15338,104,285,389
"HLA-B*40:43",15338,109,306,415
"HLA-B*40:44",15338,70,240,310
"HLA-B*40:47",15338,93,335,428
"HLA-B*40:48",15338,93,309,402
"HLA-B*40:49",15338,95,351,446
"HLA-B*40:50",15338,90,314,404
"HLA-B*40:52",15338,105,358,463
"HLA-B*40:53",15338,71,238,309
"HLA-B*40:61",15338,94,363,457
"HLA-B*40:63",15338,107,293,400
"HLA-B*40:64",15338,96,294,390
"HLA-B*40:72",15338,99,297,396
"HLA-B*40:74",15338,100,294,394
"HLA-B*40:78",15338,90,296,386
"HLA-B*40:79",15338,102,292,394
"HLA-B*40:84",15338,100,294,394
"HLA-B*40:87",15338,100,294,394
"HLA-B*40:90",15338,88,296,384
"HLA-B*40:94",15338,90,296,386
"HLA-B*40:95",15338,69,226,295
"HLA-B*40:99",15338,96,294,390
"HLA-B*41:01",15338,77,238,315
"HLA-B*41:02",15338,88,298,386
"HLA-B*41:03",15338,91,295,386
"HLA-B*41:05",15338,76,244,320
"HLA-B*41:06",15338,77,238,315
"HLA-B*41:07",15338,77,238,315
"HLA-B*41:09",15338,77,238,315
"HLA-B*41:10",15338,88,298,386
"HLA-B*41:11",15338,88,298,386
"HLA-B*41:14",15338,81,232,313
"HLA-B*41:16",15338,77,238,315
"HLA-B*41:18",15338,83,299,382
"HLA-B*41:19",15338,84,287,371
"HLA-B*42:01",15338,99,330,429
"HLA-B*42:02",15338,100,326,426
"HLA-B*42:05",15338,99,330,429
"HLA-B*42:07",15338,109,329,438
"HLA-B*42:10",15338,99,330,429
"HLA-B*42:18",15338,106,319,425
"HLA-B*44:02",15338,122,317,439
"HLA-B*44:03",15338,134,310,444
"HLA-B*44:04",15338,131,332,463
"HLA-B*44:05",15338,103,327,430
"HLA-B*44:06",15338,139,452,591
"HLA-B*44:07",15338,134,310,444
"HLA-B*44:08",15338,125,388,513
"HLA-B*44:09",15338,127,301,428
"HLA-B*44:10",15338,108,358,466
"HLA-B*44:104",15338,122,317,439
"HLA-B*44:107",15338,113,336,449
"HLA-B*44:111",15338,134,310,444
"HLA-B*44:115",15338,134,310,444
"HLA-B*44:116",15338,122,317,439
"HLA-B*44:120",15338,134,310,444
"HLA-B*44:122",15338,134,310,444
"HLA-B*44:13",15338,134,310,444
"HLA-B*44:146",15338,148,326,474
"HLA-B*44:15",15338,98,265,363
"HLA-B*44:166",15338,97,359,456
"HLA-B*44:17",15338,126,314,440
"HLA-B*44:18",15338,109,286,395
"HLA-B*44:20",15338,113,302,415
"HLA-B*44:205",15338,134,310,444
"HLA-B*44:21",15338,123,330,453
"HLA-B*44:22",15338,122,317,439
"HLA-B*44:24",15338,122,317,439
"HLA-B*44:25",15338,107,346,453
"HLA-B*44:28",15338,130,315,445
"HLA-B*44:29",15338,132,315,447
"HLA-B*44:30",15338,134,310,444
"HLA-B*44:31",15338,97,347,444
"HLA-B*44:32",15338,125,301,426
"HLA-B*44:34",15338,128,322,450
"HLA-B*44:36",15338,134,310,444
"HLA-B*44:37",15338,119,384,503
"HLA-B*44:41",15338,122,323,445
"HLA-B*44:43",15338,138,305,443
"HLA-B*44:45",15338,134,310,444
"HLA-B*44:48",15338,122,317,439
"HLA-B*44:50",15338,137,325,462
"HLA-B*44:60",15338,131,402,533
"HLA-B*44:64",15338,123,355,478
"HLA-B*44:67",15338,122,317,439
"HLA-B*44:68",15338,122,317,439
"HLA-B*44:73",15338,124,321,445
"HLA-B*44:74",15338,122,317,439
"HLA-B*44:76",15338,130,355,485
"HLA-B*44:77",15338,108,352,460
"HLA-B*44:80",15338,122,317,439
"HLA-B*44:83",15338,120,376,496
"HLA-B*44:84",15338,122,317,439
"HLA-B*44:86",15338,122,317,439
"HLA-B*44:87",15338,122,317,439
"HLA-B*44:88",15338,122,317,439
"HLA-B*44:91",15338,123,362,485
"HLA-B*44:92",15338,133,313,446
"HLA-B*44:96",15338,132,336,468
"HLA-B*44:98",15338,134,310,444
"HLA-B*44:99",15338,122,317,439
"HLA-B*45:01",15338,67,228,295
"HLA-B*45:02",15338,73,238,311
"HLA-B*46:01",15338,165,444,609
"HLA-B*46:22",15338,165,427,592
"HLA-B*47:01",15338,110,382,492
"HLA-B*47:02",15338,118,393,511
"HLA-B*47:03",15338,118,393,511
"HLA-B*47:04",15338,140,353,493
"HLA-B*47:05",15338,122,331,453
"HLA-B*48:01",15338,111,353,464
"HLA-B*48:02",15338,155,434,589
"HLA-B*48:03",15338,108,363,471
"HLA-B*48:04",15338,111,353,464
"HLA-B*48:05",15338,109,322,431
"HLA-B*48:06",15338,119,373,492
"HLA-B*48:07",15338,112,341,453
"HLA-B*48:12",15338,113,345,458
"HLA-B*48:13",15338,113,345,458
"HLA-B*48:24",15338,111,353,464
"HLA-B*48:26",15338,127,360,487
"HLA-B*48:29",15338,111,353,464
"HLA-B*49:01",15338,100,291,391
"HLA-B*49:04",15338,112,350,462
"HLA-B*49:09",15338,114,289,403
"HLA-B*49:18",15338,109,299,408
"HLA-B*50:01",15338,73,209,282
"HLA-B*50:02",15338,72,207,279
"HLA-B*50:04",15338,73,209,282
"HLA-B*50:08",15338,73,209,282
"HLA-B*50:09",15338,75,238,313
"HLA-B*50:12",15338,90,272,362
"HLA-B*51:01",15338,139,378,517
"HLA-B*51:02",15338,137,373,510
"HLA-B*51:04",15338,133,413,546
"HLA-B*51:05",15338,136,364,500
"HLA-B*51:06",15338,134,398,532
"HLA-B*51:07",15338,153,380,533
"HLA-B*51:08",15338,140,361,501
"HLA-B*51:09",15338,151,350,501
"HLA-B*51:10",15338,140,354,494
"HLA-B*51:100",15338,139,378,517
"HLA-B*51:105",15338,139,378,517
"HLA-B*51:107",15338,139,378,517
"HLA-B*51:109",15338,139,378,517
"HLA-B*51:114",15338,139,378,517
"HLA-B*51:116",15338,147,350,497
"HLA-B*51:117",15338,139,378,517
"HLA-B*51:122",15338,151,350,501
"HLA-B*51:123",15338,139,378,517
"HLA-B*51:127",15338,139,378,517
"HLA-B*51:13",15338,142,371,513
"HLA-B*51:134",15338,139,378,517
"HLA-B*51:14",15338,143,362,505
"HLA-B*51:158",15338,139,378,517
"HLA-B*51:17",15338,139,378,517
"HLA-B*51:177",15338,139,378,517
"HLA-B*51:19",15338,142,377,519
"HLA-B*51:20",15338,142,356,498
"HLA-B*51:21",15338,141,371,512
"HLA-B*51:22",15338,128,417,545
"HLA-B*51:23",15338,132,347,479
"HLA-B*51:24",15338,139,378,517
"HLA-B*51:26",15338,139,378,517
"HLA-B*51:29",15338,129,388,517
"HLA-B*51:31",15338,153,347,500
"HLA-B*51:33",15338,139,378,517
"HLA-B*51:34",15338,140,351,491
"HLA-B*51:36",15338,139,358,497
"HLA-B*51:37",15338,146,407,553
"HLA-B*51:38",15338,139,378,517
"HLA-B*51:39",15338,139,378,517
"HLA-B*51:40",15338,138,361,499
"HLA-B*51:43",15338,139,378,517
"HLA-B*51:46",15338,129,404,533
"HLA-B*51:49",15338,139,378,517
"HLA-B*51:50",15338,127,325,452
"HLA-B*51:55",15338,134,395,529
"HLA-B*51:56",15338,133,413,546
"HLA-B*51:61",15338,143,359,502
"HLA-B*51:64",15338,127,383,510
"HLA-B*51:65",15338,139,378,517
"HLA-B*51:67",15338,139,378,517
"HLA-B*51:68",15338,151,355,506
"HLA-B*51:69",15338,139,378,517
"HLA-B*51:70",15338,139,378,517
"HLA-B*51:71",15338,139,378,517
"HLA-B*51:73",15338,151,350,501
"HLA-B*51:74",15338,139,378,517
"HLA-B*51:75",15338,139,378,517
"HLA-B*51:76",15338,139,378,517
"HLA-B*51:79",15338,139,378,517
"HLA-B*51:82",15338,138,378,516
"HLA-B*51:83",15338,139,378,517
"HLA-B*51:87",15338,140,365,505
"HLA-B*52:01",15338,140,411,551
"HLA-B*52:02",15338,137,415,552
"HLA-B*52:03",15338,127,400,527
"HLA-B*52:04",15338,140,411,551
"HLA-B*52:06",15338,136,388,524
"HLA-B*52:10",15338,136,398,534
"HLA-B*52:11",15338,130,418,548
"HLA-B*52:17",15338,140,411,551
"HLA-B*52:21",15338,120,398,518
"HLA-B*52:25",15338,130,415,545
"HLA-B*52:27",15338,133,398,531
"HLA-B*52:37",15338,132,408,540
"HLA-B*53:01",15338,136,413,549
"HLA-B*53:04",15338,137,382,519
"HLA-B*53:05",15338,140,444,584
"HLA-B*53:06",15338,134,470,604
"HLA-B*53:09",15338,156,453,609
"HLA-B*53:10",15338,136,413,549
"HLA-B*53:15",15338,136,413,549
"HLA-B*53:18",15338,136,413,549
"HLA-B*53:20",15338,136,413,549
"HLA-B*53:23",15338,138,421,559
"HLA-B*53:24",15338,136,420,556
"HLA-B*53:28",15338,148,460,608
"HLA-B*53:31",15338,140,366,506
"HLA-B*54:01",15338,106,248,354
"HLA-B*55:01",15338,94,266,360
"HLA-B*55:02",15338,100,251,351
"HLA-B*55:03",15338,100,272,372
"HLA-B*55:04",15338,108,321,429
"HLA-B*55:05",15338,94,266,360
"HLA-B*55:07",15338,106,248,354
"HLA-B*55:09",15338,87,271,358
"HLA-B*55:11",15338,92,284,376
"HLA-B*55:12",15338,107,267,374
"HLA-B*55:14",15338,137,415,552
"HLA-B*55:17",15338,90,284,374
"HLA-B*55:18",15338,80,262,342
"HLA-B*55:20",15338,101,290,391
"HLA-B*55:21",15338,90,260,350
"HLA-B*55:23",15338,100,292,392
"HLA-B*55:25",15338,94,266,360
"HLA-B*55:29",15338,94,266,360
"HLA-B*55:31",15338,91,269,360
"HLA-B*55:33",15338,94,266,360
"HLA-B*55:45",15338,94,266,360
"HLA-B*55:78",15338,97,263,360
"HLA-B*56:01",15338,93,263,356
"HLA-B*56:02",15338,125,320,445
"HLA-B*56:03",15338,145,418,563
"HLA-B*56:04",15338,125,320,445
"HLA-B*56:05",15338,100,287,387
"HLA-B*56:07",15338,116,321,437
"HLA-B*56:10",15338,117,308,425
"HLA-B*56:13",15338,95,276,371
"HLA-B*56:15",15338,99,289,388
"HLA-B*56:16",15338,94,282,376
"HLA-B*56:22",15338,95,294,389
"HLA-B*56:25",15338,93,266,359
"HLA-B*56:27",15338,93,263,356
"HLA-B*56:33",15338,101,281,382
"HLA-B*57:01",15338,122,400,522
"HLA-B*57:02",15338,144,443,587
"HLA-B*57:03",15338,139,418,557
"HLA-B*57:04",15338,129,439,568
"HLA-B*57:05",15338,150,450,600
"HLA-B*57:09",15338,132,418,550
"HLA-B*57:11",15338,139,432,571
"HLA-B*57:14",15338,126,421,547
"HLA-B*57:15",15338,126,417,543
"HLA-B*57:21",15338,122,400,522
"HLA-B*57:22",15338,127,437,564
"HLA-B*57:23",15338,122,400,522
"HLA-B*57:24",15338,127,392,519
"HLA-B*57:26",15338,123,400,523
"HLA-B*57:32",15338,133,435,568
"HLA-B*57:34",15338,122,400,522
"HLA-B*57:40",15338,122,400,522
"HLA-B*57:44",15338,122,400,522
"HLA-B*57:48",15338,122,400,522
"HLA-B*57:58",15338,125,395,520
"HLA-B*57:61",15338,122,400,522
"HLA-B*58:01",15338,129,398,527
"HLA-B*58:02",15338,131,451,582
"HLA-B*58:04",15338,128,430,558
"HLA-B*58:05",15338,136,414,550
"HLA-B*58:06",15338,131,459,590
"HLA-B*58:08",15338,149,403,552
"HLA-B*58:16",15338,132,418,550
"HLA-B*58:18",15338,125,398,523
"HLA-B*58:23",15338,129,398,527
"HLA-B*58:28",15338,134,448,582
"HLA-B*58:37",15338,136,407,543
"HLA-B*58:62",15338,129,398,527
"HLA-B*59:01",15338,135,344,479
"HLA-B*67:01",15338,112,321,433
"HLA-B*67:02",15338,157,399,556
"HLA-B*73:01",15338,80,254,334
"HLA-B*78:01",15338,116,297,413
"HLA-B*78:02",15338,114,299,413
"HLA-B*78:04",15338,121,282,403
"HLA-B*81:01",15338,103,339,442
"HLA-B*81:05",15338,104,367,471
"HLA-B*82:01",15338,108,355,463
"HLA-B*82:02",15338,108,355,463
"HLA-B*83:01",15338,108,423,531
"HLA-C*01:02",15338,126,383,509
"HLA-C*01:03",15338,131,401,532
"HLA-C*01:04",15338,125,434,559
"HLA-C*01:06",15338,133,383,516
"HLA-C*01:07",15338,126,383,509
"HLA-C*01:08",15338,126,383,509
"HLA-C*01:10",15338,123,387,510
"HLA-C*01:103",15338,121,389,510
"HLA-C*01:12",15338,121,399,520
"HLA-C*01:13",15338,126,383,509
"HLA-C*01:14",15338,131,389,520
"HLA-C*01:17",15338,135,378,513
"HLA-C*01:22",15338,130,401,531
"HLA-C*01:27",15338,126,383,509
"HLA-C*01:30",15338,135,369,504
"HLA-C*01:32",15338,126,383,509
"HLA-C*01:33",15338,126,383,509
"HLA-C*01:45",15338,126,383,509
"HLA-C*01:51",15338,126,383,509
"HLA-C*01:52",15338,126,383,509
"HLA-C*01:54",15338,125,431,556
"HLA-C*01:58",15338,126,383,509
"HLA-C*01:59",15338,127,398,525
"HLA-C*01:62",15338,126,383,509
"HLA-C*01:67",15338,126,383,509
"HLA-C*01:70",15338,126,383,509
"HLA-C*01:74",15338,126,383,509
"HLA-C*01:96",15338,126,383,509
"HLA-C*02:02",15338,162,442,604
"HLA-C*02:03",15338,196,455,651
"HLA-C*02:04",15338,164,441,605
"HLA-C*02:05",15338,141,447,588
"HLA-C*02:06",15338,150,411,561
"HLA-C*02:07",15338,177,462,639
"HLA-C*02:08",15338,162,442,604
"HLA-C*02:12",15338,146,441,587
"HLA-C*02:13",15338,170,450,620
"HLA-C*02:14",15338,159,479,638
"HLA-C*02:16",15338,178,468,646
"HLA-C*02:19",15338,132,430,562
"HLA-C*02:21",15338,162,442,604
"HLA-C*02:23",15338,132,430,562
"HLA-C*02:24",15338,162,442,604
"HLA-C*02:26",15338,162,442,604
"HLA-C*02:27",15338,150,415,565
"HLA-C*02:30",15338,162,442,604
"HLA-C*02:31",15338,162,442,604
"HLA-C*02:32",15338,180,484,664
"HLA-C*02:34",15338,162,442,604
"HLA-C*02:35",15338,161,443,604
"HLA-C*02:40",15338,162,442,604
"HLA-C*02:43",15338,163,448,611
"HLA-C*02:44",15338,162,442,604
"HLA-C*02:45",15338,162,442,604
"HLA-C*02:46",15338,162,442,604
"HLA-C*02:48",15338,162,442,604
"HLA-C*02:49",15338,158,445,603
"HLA-C*02:55",15338,158,445,603
"HLA-C*02:56",15338,162,442,604
"HLA-C*02:87",15338,150,415,565
"HLA-C*03:02",15338,155,435,590
"HLA-C*03:03",15338,124,364,488
"HLA-C*03:04",15338,124,364,488
"HLA-C*03:05",15338,116,400,516
"HLA-C*03:06",15338,144,387,531
"HLA-C*03:07",15338,133,407,540
"HLA-C*03:08",15338,134,403,537
"HLA-C*03:09",15338,124,364,488
"HLA-C*03:10",15338,124,386,510
"HLA-C*03:103",15338,128,384,512
"HLA-C*03:109",15338,124,364,488
"HLA-C*03:11",15338,122,386,508
"HLA-C*03:113",15338,121,397,518
"HLA-C*03:115",15338,124,364,488
"HLA-C*03:116",15338,124,364,488
"HLA-C*03:117",15338,137,403,540
"HLA-C*03:120",15338,124,364,488
"HLA-C*03:122",15338,124,364,488
"HLA-C*03:126",15338,124,364,488
"HLA-C*03:127",15338,132,373,505
"HLA-C*03:13",15338,127,369,496
"HLA-C*03:136",15338,124,371,495
"HLA-C*03:139",15338,155,435,590
"HLA-C*03:14",15338,168,439,607
"HLA-C*03:140",15338,129,389,518
"HLA-C*03:143",15338,120,396,516
"HLA-C*03:147",15338,124,364,488
"HLA-C*03:148",15338,124,364,488
"HLA-C*03:151",15338,124,364,488
"HLA-C*03:153",15338,126,387,513
"HLA-C*03:154",15338,124,364,488
"HLA-C*03:159",15338,124,364,488
"HLA-C*03:16",15338,159,445,604
"HLA-C*03:17",15338,126,400,526
"HLA-C*03:18",15338,124,364,488
"HLA-C*03:19",15338,125,391,516
"HLA-C*03:21",15338,125,404,529
"HLA-C*03:251",15338,137,403,540
"HLA-C*03:258",15338,155,435,590
"HLA-C*03:26",15338,126,378,504
"HLA-C*03:28",15338,139,395,534
"HLA-C*03:30",15338,124,364,488
"HLA-C*03:32",15338,124,364,488
"HLA-C*03:35",15338,127,369,496
"HLA-C*03:36",15338,175,440,615
"HLA-C*03:37",15338,122,386,508
"HLA-C*03:38",15338,124,371,495
"HLA-C*03:40",15338,160,433,593
"HLA-C*03:41",15338,124,364,488
"HLA-C*03:42",15338,160,433,593
"HLA-C*03:43",15338,160,433,593
"HLA-C*03:44",15338,124,364,488
"HLA-C*03:45",15338,133,407,540
"HLA-C*03:46",15338,124,364,488
"HLA-C*03:47",15338,124,364,488
"HLA-C*03:49",15338,139,395,534
"HLA-C*03:51",15338,127,397,524
"HLA-C*03:53",15338,124,364,488
"HLA-C*03:54",15338,121,368,489
"HLA-C*03:56",15338,124,364,488
"HLA-C*03:59",15338,124,364,488
"HLA-C*03:60",15338,155,435,590
"HLA-C*03:64",15338,124,364,488
"HLA-C*03:69",15338,124,371,495
"HLA-C*03:70",15338,132,373,505
"HLA-C*03:75",15338,124,364,488
"HLA-C*03:78",15338,127,366,493
"HLA-C*03:81",15338,124,364,488
"HLA-C*03:85",15338,124,364,488
"HLA-C*03:86",15338,110,405,515
"HLA-C*03:87",15338,124,364,488
"HLA-C*03:88",15338,124,364,488
"HLA-C*03:91",15338,124,364,488
"HLA-C*03:94",15338,110,405,515
"HLA-C*04:01",15338,160,446,606
"HLA-C*04:03",15338,166,433,599
"HLA-C*04:04",15338,167,460,627
"HLA-C*04:05",15338,160,446,606
"HLA-C*04:06",15338,151,439,590
"HLA-C*04:07",15338,160,446,606
"HLA-C*04:08",15338,168,448,616
"HLA-C*04:10",15338,163,441,604
"HLA-C*04:104",15338,160,446,606
"HLA-C*04:108",15338,161,455,616
"HLA-C*04:11",15338,177,415,592
"HLA-C*04:113",15338,178,490,668
"HLA-C*04:114",15338,164,443,607
"HLA-C*04:118",15338,160,446,606
"HLA-C*04:12",15338,160,446,606
"HLA-C*04:121",15338,160,446,606
"HLA-C*04:125",15338,160,446,606
"HLA-C*04:13",15338,185,473,658
"HLA-C*04:131",15338,160,446,606
"HLA-C*04:132",15338,152,487,639
"HLA-C*04:139",15338,160,446,606
"HLA-C*04:14",15338,183,446,629
"HLA-C*04:141",15338,160,446,606
"HLA-C*04:15",15338,163,453,616
"HLA-C*04:150",15338,160,446,606
"HLA-C*04:153",15338,163,441,604
"HLA-C*04:155",15338,160,446,606
"HLA-C*04:16",15338,166,433,599
"HLA-C*04:163",15338,160,446,606
"HLA-C*04:17",15338,163,453,616
"HLA-C*04:180",15338,160,446,606
"HLA-C*04:19",15338,160,446,606
"HLA-C*04:204",15338,160,446,606
"HLA-C*04:207",15338,160,446,606
"HLA-C*04:209",15338,160,446,606
"HLA-C*04:218",15338,160,510,670
"HLA-C*04:23",15338,161,455,616
"HLA-C*04:24",15338,160,446,606
"HLA-C*04:26",15338,160,446,606
"HLA-C*04:27",15338,160,446,606
"HLA-C*04:29",15338,176,429,605
"HLA-C*04:32",15338,163,444,607
"HLA-C*04:33",15338,160,446,606
"HLA-C*04:34",15338,174,478,652
"HLA-C*04:36",15338,177,415,592
"HLA-C*04:37",15338,157,431,588
"HLA-C*04:39",15338,160,446,606
"HLA-C*04:40",15338,171,458,629
"HLA-C*04:45",15338,160,446,606
"HLA-C*04:46",15338,160,446,606
"HLA-C*04:47",15338,160,446,606
"HLA-C*04:52",15338,160,446,606
"HLA-C*04:54",15338,181,568,749
"HLA-C*04:55",15338,177,415,592
"HLA-C*04:56",15338,160,446,606
"HLA-C*04:63",15338,160,446,606
"HLA-C*04:65",15338,160,446,606
"HLA-C*04:70",15338,160,446,606
"HLA-C*04:71",15338,159,432,591
"HLA-C*04:75",15338,160,446,606
"HLA-C*04:77",15338,163,444,607
"HLA-C*04:86",15338,157,487,644
"HLA-C*04:87",15338,160,446,606
"HLA-C*04:96",15338,160,446,606
"HLA-C*05:01",15338,157,435,592
"HLA-C*05:04",15338,195,489,684
"HLA-C*05:05",15338,157,435,592
"HLA-C*05:06",15338,157,435,592
"HLA-C*05:08",15338,152,409,561
"HLA-C*05:09",15338,157,435,592
"HLA-C*05:10",15338,163,438,601
"HLA-C*05:104",15338,148,436,584
"HLA-C*05:11",15338,145,444,589
"HLA-C*05:111",15338,152,423,575
"HLA-C*05:13",15338,157,435,592
"HLA-C*05:14",15338,157,435,592
"HLA-C*05:15",15338,158,428,586
"HLA-C*05:16",15338,141,454,595
"HLA-C*05:18",15338,157,435,592
"HLA-C*05:19",15338,157,435,592
"HLA-C*05:22",15338,154,418,572
"HLA-C*05:24",15338,157,435,592
"HLA-C*05:26",15338,157,435,592
"HLA-C*05:27",15338,140,441,581
"HLA-C*05:28",15338,157,435,592
"HLA-C*05:29",15338,157,435,592
"HLA-C*05:32",15338,159,438,597
"HLA-C*05:33",15338,160,432,592
"HLA-C*05:34",15338,157,435,592
"HLA-C*05:35",15338,157,435,592
"HLA-C*05:36",15338,160,449,609
"HLA-C*05:39",15338,160,412,572
"HLA-C*05:43",15338,155,455,610
"HLA-C*05:44",15338,157,435,592
"HLA-C*05:46",15338,163,435,598
"HLA-C*05:47",15338,155,420,575
"HLA-C*05:55",15338,157,435,592
"HLA-C*05:65",15338,157,435,592
"HLA-C*05:67",15338,157,435,592
"HLA-C*05:77",15338,157,435,592
"HLA-C*05:80",15338,157,435,592
"HLA-C*05:97",15338,157,435,592
"HLA-C*05:98",15338,154,432,586
"HLA-C*06:02",15338,139,418,557
"HLA-C*06:03",15338,132,461,593
"HLA-C*06:04",15338,131,425,556
"HLA-C*06:06",15338,160,436,596
"HLA-C*06:07",15338,139,418,557
"HLA-C*06:08",15338,135,426,561
"HLA-C*06:09",15338,145,408,553
"HLA-C*06:10",15338,138,425,563
"HLA-C*06:11",15338,131,441,572
"HLA-C*06:115",15338,139,418,557
"HLA-C*06:12",15338,139,418,557
"HLA-C*06:127",15338,151,424,575
"HLA-C*06:13",15338,139,418,557
"HLA-C*06:138",15338,137,403,540
"HLA-C*06:14",15338,135,432,567
"HLA-C*06:18",15338,139,418,557
"HLA-C*06:23",15338,135,476,611
"HLA-C*06:26",15338,139,418,557
"HLA-C*06:27",15338,139,418,557
"HLA-C*06:28",15338,153,425,578
"HLA-C*06:30",15338,139,418,557
"HLA-C*06:32",15338,139,418,557
"HLA-C*06:34",15338,136,438,574
"HLA-C*06:35",15338,144,479,623
"HLA-C*06:37",15338,139,418,557
"HLA-C*06:38",15338,139,418,557
"HLA-C*06:39",15338,139,418,557
"HLA-C*06:47",15338,135,448,583
"HLA-C*06:50",15338,139,418,557
"HLA-C*06:53",15338,139,418,557
"HLA-C*06:54",15338,139,418,557
"HLA-C*06:58",15338,139,418,557
"HLA-C*06:59",15338,139,418,557
"HLA-C*06:65",15338,139,418,557
"HLA-C*06:66",15338,139,418,557
"HLA-C*06:70",15338,139,418,557
"HLA-C*06:71",15338,135,417,552
"HLA-C*06:86",15338,139,418,557
"HLA-C*06:87",15338,139,418,557
"HLA-C*06:91",15338,139,418,557
"HLA-C*06:96",15338,141,431,572
"HLA-C*07:01",15338,149,429,578
"HLA-C*07:02",15338,180,460,640
"HLA-C*07:04",15338,144,429,573
"HLA-C*07:05",15338,139,441,580
"HLA-C*07:07",15338,153,415,568
"HLA-C*07:09",15338,153,415,568
"HLA-C*07:10",15338,173,472,645
"HLA-C*07:100",15338,180,460,640
"HLA-C*07:101",15338,144,429,573
"HLA-C*07:102",15338,180,460,640
"HLA-C*07:105",15338,180,460,640
"HLA-C*07:106",15338,149,429,578
"HLA-C*07:108",15338,152,466,618
"HLA-C*07:112",15338,149,429,578
"HLA-C*07:114",15338,180,460,640
"HLA-C*07:116",15338,149,429,578
"HLA-C*07:117",15338,180,460,640
"HLA-C*07:118",15338,149,429,578
"HLA-C*07:119",15338,149,429,578
"HLA-C*07:12",15338,153,398,551
"HLA-C*07:120",15338,155,417,572
"HLA-C*07:122",15338,149,429,578
"HLA-C*07:123",15338,180,460,640
"HLA-C*07:124",15338,136,422,558
"HLA-C*07:126",15338,180,460,640
"HLA-C*07:127",15338,180,460,640
"HLA-C*07:128",15338,149,429,578
"HLA-C*07:13",15338,161,419,580
"HLA-C*07:130",15338,180,460,640
"HLA-C*07:137",15338,176,460,636
"HLA-C*07:138",15338,169,465,634
"HLA-C*07:141",15338,145,461,606
"HLA-C*07:143",15338,180,460,640
"HLA-C*07:147",15338,180,460,640
"HLA-C*07:148",15338,149,429,578
"HLA-C*07:149",15338,180,460,640
"HLA-C*07:15",15338,178,452,630
"HLA-C*07:151",15338,156,440,596
"HLA-C*07:154",15338,180,460,640
"HLA-C*07:155",15338,173,440,613
"HLA-C*07:16",15338,149,429,578
"HLA-C*07:165",15338,136,420,556
"HLA-C*07:17",15338,163,488,651
"HLA-C*07:172",15338,180,494,674
"HLA-C*07:173",15338,149,429,578
"HLA-C*07:179",15338,149,429,578
"HLA-C*07:180",15338,149,429,578
"HLA-C*07:181",15338,144,429,573
"HLA-C*07:184",15338,157,407,564
"HLA-C*07:19",15338,164,465,629
"HLA-C*07:192",15338,180,460,640
"HLA-C*07:196",15338,152,434,586
"HLA-C*07:199",15338,159,415,574
"HLA-C*07:205",15338,149,429,578
"HLA-C*07:206",15338,149,429,578
"HLA-C*07:209",15338,171,464,635
"HLA-C*07:21",15338,149,429,578
"HLA-C*07:212",15338,149,453,602
"HLA-C*07:214",15338,149,429,578
"HLA-C*07:218",15338,180,460,640
"HLA-C*07:22",15338,163,419,582
"HLA-C*07:222",15338,149,429,578
"HLA-C*07:223",15338,149,429,578
"HLA-C*07:224",15338,149,429,578
"HLA-C*07:232",15338,180,460,640
"HLA-C*07:234",15338,180,460,640
"HLA-C*07:24",15338,149,429,578
"HLA-C*07:241",15338,162,468,630
"HLA-C*07:242",15338,156,481,637
"HLA-C*07:243",15338,180,460,640
"HLA-C*07:247",15338,151,416,567
"HLA-C*07:25",15338,180,460,640
"HLA-C*07:250",15338,156,459,615
"HLA-C*07:252",15338,180,460,640
"HLA-C*07:256",15338,151,426,577
"HLA-C*07:257",15338,149,429,578
"HLA-C*07:26",15338,153,443,596
"HLA-C*07:261",15338,180,460,640
"HLA-C*07:262",15338,170,494,664
"HLA-C*07:27",15338,165,455,620
"HLA-C*07:279",15338,149,429,578
"HLA-C*07:28",15338,156,413,569
"HLA-C*07:285",15338,180,460,640
"HLA-C*07:287",15338,177,463,640
"HLA-C*07:29",15338,165,401,566
"HLA-C*07:293",15338,149,429,578
"HLA-C*07:298",15338,149,429,578
"HLA-C*07:301",15338,149,429,578
"HLA-C*07:303",15338,149,429,578
"HLA-C*07:31",15338,152,431,583
"HLA-C*07:312",15338,180,460,640
"HLA-C*07:314",15338,159,440,599
"HLA-C*07:326",15338,180,460,640
"HLA-C*07:335",15338,189,465,654
"HLA-C*07:339",15338,180,460,640
"HLA-C*07:340",15338,180,460,640
"HLA-C*07:35",15338,149,429,578
"HLA-C*07:36",15338,149,429,578
"HLA-C*07:360",15338,180,460,640
"HLA-C*07:368",15338,180,460,640
"HLA-C*07:369",15338,149,429,578
"HLA-C*07:37",15338,190,473,663
"HLA-C*07:38",15338,180,460,640
"HLA-C*07:39",15338,174,479,653
"HLA-C*07:391",15338,166,459,625
"HLA-C*07:40",15338,146,450,596
"HLA-C*07:409",15338,180,460,640
"HLA-C*07:43",15338,168,449,617
"HLA-C*07:44",15338,149,429,578
"HLA-C*07:450",15338,149,429,578
"HLA-C*07:46",15338,166,440,606
"HLA-C*07:48",15338,180,460,640
"HLA-C*07:49",15338,174,470,644
"HLA-C*07:51",15338,180,460,640
"HLA-C*07:54",15338,180,460,640
"HLA-C*07:56",15338,180,460,640
"HLA-C*07:57",15338,149,429,578
"HLA-C*07:60",15338,149,429,578
"HLA-C*07:63",15338,144,429,573
"HLA-C*07:68",15338,177,473,650
"HLA-C*07:70",15338,149,429,578
"HLA-C*07:72",15338,180,460,640
"HLA-C*07:73",15338,160,473,633
"HLA-C*07:75",15338,179,461,640
"HLA-C*07:76",15338,166,478,644
"HLA-C*07:79",15338,180,460,640
"HLA-C*07:80",15338,180,460,640
"HLA-C*07:83",15338,149,429,578
"HLA-C*07:85",15338,149,429,578
"HLA-C*07:88",15338,180,460,640
"HLA-C*07:89",15338,149,429,578
"HLA-C*07:90",15338,180,460,640
"HLA-C*07:91",15338,155,423,578
"HLA-C*07:92",15338,164,457,621
"HLA-C*07:93",15338,149,429,578
"HLA-C*07:95",15338,159,436,595
"HLA-C*07:96",15338,164,457,621
"HLA-C*07:97",15338,180,460,640
"HLA-C*08:01",15338,156,410,566
"HLA-C*08:02",15338,152,388,540
"HLA-C*08:03",15338,156,410,566
"HLA-C*08:04",15338,148,403,551
"HLA-C*08:05",15338,150,397,547
"HLA-C*08:06",15338,154,407,561
"HLA-C*08:07",15338,136,406,542
"HLA-C*08:08",15338,145,414,559
"HLA-C*08:10",15338,157,460,617
"HLA-C*08:103",15338,148,391,539
"HLA-C*08:11",15338,172,458,630
"HLA-C*08:12",15338,135,422,557
"HLA-C*08:13",15338,148,403,551
"HLA-C*08:15",15338,152,388,540
"HLA-C*08:23",15338,152,388,540
"HLA-C*08:25",15338,150,397,547
"HLA-C*08:28",15338,152,388,540
"HLA-C*08:30",15338,153,387,540
"HLA-C*08:32",15338,152,388,540
"HLA-C*08:33",15338,152,388,540
"HLA-C*08:35",15338,152,388,540
"HLA-C*08:43",15338,153,401,554
"HLA-C*08:50",15338,156,410,566
"HLA-C*08:51",15338,151,405,556
"HLA-C*08:53",15338,152,388,540
"HLA-C*08:54",15338,148,403,551
"HLA-C*08:76",15338,152,388,540
"HLA-C*08:92",15338,152,388,540
"HLA-C*12:02",15338,151,432,583
"HLA-C*12:03",15338,132,478,610
"HLA-C*12:04",15338,142,456,598
"HLA-C*12:05",15338,139,458,597
"HLA-C*12:06",15338,132,478,610
"HLA-C*12:07",15338,125,482,607
"HLA-C*12:08",15338,150,453,603
"HLA-C*12:09",15338,154,465,619
"HLA-C*12:101",15338,132,478,610
"HLA-C*12:11",15338,132,445,577
"HLA-C*12:12",15338,128,460,588
"HLA-C*12:13",15338,132,478,610
"HLA-C*12:136",15338,151,432,583
"HLA-C*12:139",15338,132,478,610
"HLA-C*12:14",15338,165,438,603
"HLA-C*12:149",15338,132,478,610
"HLA-C*12:16",15338,151,460,611
"HLA-C*12:162",15338,151,432,583
"HLA-C*12:18",15338,162,448,610
"HLA-C*12:19",15338,138,438,576
"HLA-C*12:20",15338,138,442,580
"HLA-C*12:21",15338,163,448,611
"HLA-C*12:24",15338,138,447,585
"HLA-C*12:27",15338,151,432,583
"HLA-C*12:28",15338,132,478,610
"HLA-C*12:30",15338,151,432,583
"HLA-C*12:33",15338,139,458,597
"HLA-C*12:34",15338,132,478,610
"HLA-C*12:38",15338,132,478,610
"HLA-C*12:40",15338,151,432,583
"HLA-C*12:41",15338,164,453,617
"HLA-C*12:43",15338,132,478,610
"HLA-C*12:45",15338,132,478,610
"HLA-C*12:47",15338,132,478,610
"HLA-C*12:48",15338,132,478,610
"HLA-C*12:54",15338,134,485,619
"HLA-C*12:59",15338,132,478,610
"HLA-C*12:60",15338,142,456,598
"HLA-C*12:61",15338,132,478,610
"HLA-C*12:62",15338,132,478,610
"HLA-C*12:64",15338,151,432,583
"HLA-C*12:67",15338,151,432,583
"HLA-C*12:72",15338,154,434,588
"HLA-C*12:78",15338,132,478,610
"HLA-C*12:86",15338,151,432,583
"HLA-C*12:90",15338,143,428,571
"HLA-C*12:98",15338,130,464,594
"HLA-C*12:99",15338,132,478,610
"HLA-C*14:02",15338,197,492,689
"HLA-C*14:03",15338,197,492,689
"HLA-C*14:04",15338,197,501,698
"HLA-C*14:05",15338,186,500,686
"HLA-C*14:06",15338,178,496,674
"HLA-C*14:10",15338,197,492,689
"HLA-C*14:12",15338,193,508,701
"HLA-C*14:18",15338,188,496,684
"HLA-C*14:24",15338,197,492,689
"HLA-C*14:25",15338,196,496,692
"HLA-C*14:29",15338,211,472,683
"HLA-C*14:32",15338,197,492,689
"HLA-C*14:41",15338,189,489,678
"HLA-C*14:50",15338,197,492,689
"HLA-C*14:66",15338,197,492,689
"HLA-C*14:67",15338,197,492,689
"HLA-C*15:02",15338,149,434,583
"HLA-C*15:03",15338,150,442,592
"HLA-C*15:04",15338,167,508,675
"HLA-C*15:05",15338,140,440,580
"HLA-C*15:06",15338,139,422,561
"HLA-C*15:07",15338,137,428,565
"HLA-C*15:08",15338,148,470,618
"HLA-C*15:09",15338,167,508,675
"HLA-C*15:10",15338,149,434,583
"HLA-C*15:102",15338,124,397,521
"HLA-C*15:11",15338,146,442,588
"HLA-C*15:124",15338,149,434,583
"HLA-C*15:15",15338,144,439,583
"HLA-C*15:16",15338,152,435,587
"HLA-C*15:17",15338,146,442,588
"HLA-C*15:22",15338,137,432,569
"HLA-C*15:23",15338,155,418,573
"HLA-C*15:24",15338,143,441,584
"HLA-C*15:25",15338,152,409,561
"HLA-C*15:26",15338,149,434,583
"HLA-C*15:27",15338,174,476,650
"HLA-C*15:30",15338,167,508,675
"HLA-C*15:38",15338,149,434,583
"HLA-C*15:40",15338,139,422,561
"HLA-C*15:42",15338,145,450,595
"HLA-C*15:44",15338,149,434,583
"HLA-C*15:52",15338,149,434,583
"HLA-C*15:57",15338,164,456,620
"HLA-C*15:58",15338,136,428,564
"HLA-C*15:68",15338,149,434,583
"HLA-C*15:72",15338,157,427,584
"HLA-C*15:85",15338,138,451,589
"HLA-C*16:01",15338,155,450,605
"HLA-C*16:02",15338,154,487,641
"HLA-C*16:04",15338,142,460,602
"HLA-C*16:07",15338,170,467,637
"HLA-C*16:08",15338,155,450,605
"HLA-C*16:09",15338,154,487,641
"HLA-C*16:12",15338,153,475,628
"HLA-C*16:13",15338,155,450,605
"HLA-C*16:14",15338,155,450,605
"HLA-C*16:15",15338,147,457,604
"HLA-C*16:18",15338,134,429,563
"HLA-C*16:19",15338,154,487,641
"HLA-C*16:21",15338,170,461,631
"HLA-C*16:22",15338,155,450,605
"HLA-C*16:24",15338,155,450,605
"HLA-C*16:25",15338,151,485,636
"HLA-C*16:26",15338,155,450,605
"HLA-C*16:33",15338,143,458,601
"HLA-C*16:37",15338,152,452,604
"HLA-C*16:38",15338,147,460,607
"HLA-C*16:46",15338,154,487,641
"HLA-C*16:50",15338,135,456,591
"HLA-C*16:52",15338,155,450,605
"HLA-C*16:74",15338,154,487,641
"HLA-C*16:88",15338,152,498,650
"HLA-C*17:01",15338,146,402,548
"HLA-C*17:04",15338,146,402,548
"HLA-C*17:07",15338,151,399,550
"HLA-C*17:23",15338,151,391,542
"HLA-C*18:01",15338,164,435,599
"HLA-C*18:03",15338,164,434,598
"HLA-C*18:04",15338,159,473,632
"HLA-C*18:06",15338,164,435,599
