"Alleles","AllBinders","StrongBinders","WeakBinders","WeakandStrongBinders"
"HLA-A*01:01",15338,310,701,1011
"HLA-A*01:02",15338,326,722,1048
"HLA-A*01:03",15338,322,701,1023
"HLA-A*01:06",15338,281,709,990
"HLA-A*01:09",15338,310,701,1011
"HLA-A*01:100",15338,316,687,1003
"HLA-A*01:104",15338,335,684,1019
"HLA-A*01:113",15338,316,687,1003
"HLA-A*01:12",15338,281,698,979
"HLA-A*01:126",15338,317,702,1019
"HLA-A*01:14",15338,295,704,999
"HLA-A*01:156",15338,310,701,1011
"HLA-A*01:17",15338,317,699,1016
"HLA-A*01:190",15338,326,722,1048
"HLA-A*01:23",15338,315,704,1019
"HLA-A*01:24",15338,316,687,1003
"HLA-A*01:25",15338,324,700,1024
"HLA-A*01:26",15338,299,725,1024
"HLA-A*01:29",15338,316,687,1003
"HLA-A*01:30",15338,294,705,999
"HLA-A*01:38",15338,316,687,1003
"HLA-A*01:39",15338,316,687,1003
"HLA-A*01:40",15338,316,687,1003
"HLA-A*01:42",15338,316,687,1003
"HLA-A*01:43",15338,312,711,1023
"HLA-A*01:44",15338,316,687,1003
"HLA-A*01:46",15338,316,687,1003
"HLA-A*01:48",15338,316,687,1003
"HLA-A*01:51",15338,325,719,1044
"HLA-A*01:61",15338,316,687,1003
"HLA-A*01:67",15338,316,687,1003
"HLA-A*01:68",15338,316,687,1003
"HLA-A*01:69",15338,310,701,1011
"HLA-A*01:72",15338,314,748,1062
"HLA-A*01:74",15338,316,687,1003
"HLA-A*01:82",15338,310,701,1011
"HLA-A*01:86",15338,316,687,1003
"HLA-A*01:92",15338,316,687,1003
"HLA-A*01:98",15338,309,716,1025
"HLA-A*02:01",15338,176,574,750
"HLA-A*02:02",15338,179,573,752
"HLA-A*02:03",15338,176,563,739
"HLA-A*02:04",15338,177,574,751
"HLA-A*02:05",15338,192,587,779
"HLA-A*02:06
",15338,196,567,763
"HLA-A*02:07",15338,199,590,789
"HLA-A*02:08",15338,205,606,811
"HLA-A*02:10",15338,191,585,776
"HLA-A*02:101",15338,190,570,760
"HLA-A*02:102",15338,175,581,756
"HLA-A*02:105",15338,182,580,762
"HLA-A*02:107",15338,178,565,743
"HLA-A*02:109",15338,178,565,743
"HLA-A*02:11",15338,183,571,754
"HLA-A*02:110",15338,178,579,757
"HLA-A*02:114",15338,181,607,788
"HLA-A*02:118",15338,178,565,743
"HLA-A*02:119",15338,178,565,743
"HLA-A*02:12",15338,181,597,778
"HLA-A*02:120",15338,178,565,743
"HLA-A*02:121",15338,176,574,750
"HLA-A*02:122",15338,193,590,783
"HLA-A*02:123",15338,176,574,750
"HLA-A*02:128",15338,192,585,777
"HLA-A*02:13",15338,186,609,795
"HLA-A*02:133",15338,176,574,750
"HLA-A*02:135",15338,200,619,819
"HLA-A*02:136",15338,186,629,815
"HLA-A*02:137",15338,196,567,763
"HLA-A*02:138",15338,178,565,743
"HLA-A*02:139",15338,186,556,742
"HLA-A*02:14",15338,192,568,760
"HLA-A*02:141",15338,185,565,750
"HLA-A*02:147",15338,186,584,770
"HLA-A*02:149",15338,178,565,743
"HLA-A*02:151",15338,186,584,770
"HLA-A*02:154",15338,200,598,798
"HLA-A*02:156",15338,171,579,750
"HLA-A*02:157",15338,176,574,750
"HLA-A*02:158",15338,180,560,740
"HLA-A*02:16",15338,185,576,761
"HLA-A*02:160",15338,178,565,743
"HLA-A*02:161",15338,174,571,745
"HLA-A*02:162",15338,178,565,743
"HLA-A*02:163
",15338,178,565,743
"HLA-A*02:164",15338,178,565,743
"HLA-A*02:165",15338,178,565,743
"HLA-A*02:166",15338,178,565,743
"HLA-A*02:17",15338,25,313,338
"HLA-A*02:172",15338,25,313,338
"HLA-A*02:173",15338,178,565,743
"HLA-A*02:174",15338,178,565,743
"HLA-A*02:177",15338,176,574,750
"HLA-A*02:18",15338,199,590,789
"HLA-A*02:180",15338,192,582,774
"HLA-A*02:182",15338,178,565,743
"HLA-A*02:183",15338,176,574,750
"HLA-A*02:186",15338,175,581,756
"HLA-A*02:188",15338,198,604,802
"HLA-A*02:189",15338,176,574,750
"HLA-A*02:19",15338,188,630,818
"HLA-A*02:190",15338,176,574,750
"HLA-A*02:194",15338,178,565,743
"HLA-A*02:195",15338,197,590,787
"HLA-A*02:197",15338,176,574,750
"HLA-A*02:198",15338,178,565,743
"HLA-A*02:199",15338,178,565,743
"HLA-A*02:20",15338,184,572,756
"HLA-A*02:203",15338,178,565,743
"HLA-A*02:205",15338,178,565,743
"HLA-A*02:206",15338,178,565,743
"HLA-A*02:209",15338,179,573,752
"HLA-A*02:21",15338,196,567,763
"HLA-A*02:210",15338,178,565,743
"HLA-A*02:211",15338,176,574,750
"HLA-A*02:212",15338,178,565,743
"HLA-A*02:217",15338,185,590,775
"HLA-A*02:218",15338,178,565,743
"HLA-A*02:22",15338,176,575,751
"HLA-A*02:221",15338,176,574,750
"HLA-A*02:235",15338,178,565,743
"HLA-A*02:236",15338,178,565,743
"HLA-A*02:237",15338,178,565,743
"HLA-A*02:24",15338,176,574,750
"HLA-A*02:245",15338,181,570,751
"HLA-A*02:246",15338,181,607,788
"HLA-A*02:26",15338,183,584,767
"HLA-A*02:263",15338,178,560,738
"HLA-A*02:27",15338,181,606,787
"HLA-A*02:273",15338,178,565,743
"HLA-A*02:277",15338,178,565,743
"HLA-A*02:278",15338,192,582,774
"HLA-A*02:28",15338,196,567,763
"HLA-A*02:283",15338,178,565,743
"HLA-A*02:289",15338,185,567,752
"HLA-A*02:29",15338,173,573,746
"HLA-A*02:299",15338,178,565,743
"HLA-A*02:30",15338,176,574,750
"HLA-A*02:306",15338,178,565,743
"HLA-A*02:31",15338,178,565,743
"HLA-A*02:312",15338,178,565,743
"HLA-A*02:325",15338,176,574,750
"HLA-A*02:326
",15338,178,565,743
"HLA-A*02:33",15338,197,569,766
"HLA-A*02:332",15338,185,565,750
"HLA-A*02:338",15338,167,568,735
"HLA-A*02:34",15338,187,561,748
"HLA-A*02:342",15338,176,574,750
"HLA-A*02:343",15338,178,565,743
"HLA-A*02:346",15338,178,565,743
"HLA-A*02:35",15338,183,585,768
"HLA-A*02:359",15338,0,15338,15338
"HLA-A*02:36",15338,181,579,760
"HLA-A*02:367",15338,178,565,743
"HLA-A*02:37",15338,194,614,808
"HLA-A*02:38",15338,197,593,790
"HLA-A*02:380",15338,176,574,750
"HLA-A*02:382",15338,203,574,777
"HLA-A*02:39",15338,189,557,746
"HLA-A*02:392",15338,178,565,743
"HLA-A*02:393",15338,183,584,767
"HLA-A*02:40",15338,178,565,743
"HLA-A*02:42",15338,183,554,737
"HLA-A*02:423",15338,176,585,761
"HLA-A*02:433",15338,0,15338,15338
"HLA-A*02:434",15338,178,565,743
"HLA-A*02:436",15338,176,574,750
"HLA-A*02:44",15338,210,600,810
"HLA-A*02:45",15338,189,590,779
"HLA-A*02:46",15338,185,591,776
"HLA-A*02:47",15338,175,573,748
"HLA-A*02:48",15338,184,578,762
"HLA-A*02:484",15338,0,15338,15338
"HLA-A*02:49",15338,189,604,793
"HLA-A*02:498",15338,176,569,745
"HLA-A*02:51",15338,196,567,763
"HLA-A*02:52",15338,185,615,800
"HLA-A*02:56",15338,201,621,822
"HLA-A*02:562",15338,176,574,750
"HLA-A*02:57",15338,179,595,774
"HLA-A*02:58",15338,179,558,737
"HLA-A*02:580",15338,186,588,774
"HLA-A*02:59",15338,176,574,750
"HLA-A*02:60",15338,181,562,743
"HLA-A*02:623",15338,196,567,763
"HLA-A*02:63",15338,175,581,756
"HLA-A*02:64
",15338,186,583,769
"HLA-A*02:67",15338,176,574,750
"HLA-A*02:74",15338,176,574,750
"HLA-A*02:76",15338,171,603,774
"HLA-A*02:77",15338,176,574,750
"HLA-A*02:81",15338,208,598,806
"HLA-A*02:84",15338,190,580,770
"HLA-A*02:85",15338,176,574,750
"HLA-A*02:86",15338,176,574,750
"HLA-A*02:87",15338,213,590,803
"HLA-A*02:90",15338,177,575,752
"HLA-A*02:93",15338,176,574,750
"HLA-A*02:95",15338,176,574,750
"HLA-A*02:96",15338,177,567,744
"HLA-A*03:01",15338,203,579,782
"HLA-A*03:02",15338,203,574,777
"HLA-A*03:04",15338,203,579,782
"HLA-A*03:05",15338,203,579,782
"HLA-A*03:06",15338,203,579,782
"HLA-A*03:07",15338,191,552,743
"HLA-A*03:08",15338,195,537,732
"HLA-A*03:09",15338,214,554,768
"HLA-A*03:10",15338,203,574,777
"HLA-A*03:102",15338,209,575,784
"HLA-A*03:103",15338,201,558,759
"HLA-A*03:107",15338,243,644,887
"HLA-A*03:108",15338,194,542,736
"HLA-A*03:111",15338,209,575,784
"HLA-A*03:12",15338,214,568,782
"HLA-A*03:120",15338,211,566,777
"HLA-A*03:123",15338,203,579,782
"HLA-A*03:13",15338,209,575,784
"HLA-A*03:14",15338,209,575,784
"HLA-A*03:144",15338,209,575,784
"HLA-A*03:149",15338,209,575,784
"HLA-A*03:15",15338,215,578,793
"HLA-A*03:154",15338,209,575,784
"HLA-A*03:157",15338,196,577,773
"HLA-A*03:16",15338,209,575,784
"HLA-A*03:167",15338,233,617,850
"HLA-A*03:17",15338,203,579,782
"HLA-A*03:18",15338,325,674,999
"HLA-A*03:202",15338,209,575,784
"HLA-A*03:216",15338,209,575,784
"HLA-A*03:22",15338,203,579,782
"HLA-A*03:228",15338,209,575,784
"HLA-A*03:23",15338,203,565,768
"HLA-A*03:25",15338,203,579,782
"HLA-A*03:27",15338,209,575,784
"HLA-A*03:28",15338,209,575,784
"HLA-A*03:29",15338,199,569,768
"HLA-A*03:33",15338,209,575,784
"HLA-A*03:38",15338,209,575,784
"HLA-A*03:46
",15338,209,575,784
"HLA-A*03:47",15338,203,579,782
"HLA-A*03:48",15338,203,579,782
"HLA-A*03:49",15338,209,575,784
"HLA-A*03:50",15338,204,549,753
"HLA-A*03:51",15338,203,579,782
"HLA-A*03:53",15338,203,579,782
"HLA-A*03:56",15338,203,579,782
"HLA-A*03:57",15338,204,677,881
"HLA-A*03:62",15338,198,575,773
"HLA-A*03:63",15338,209,575,784
"HLA-A*03:65",15338,218,601,819
"HLA-A*03:74",15338,209,575,784
"HLA-A*03:81",15338,209,575,784
"HLA-A*03:86",15338,209,575,784
"HLA-A*03:87",15338,209,575,784
"HLA-A*03:89",15338,199,535,734
"HLA-A*03:93",15338,209,575,784
"HLA-A*03:94",15338,209,575,784
"HLA-A*11:01",15338,227,624,851
"HLA-A*11:02",15338,227,624,851
"HLA-A*11:03",15338,243,614,857
"HLA-A*11:04",15338,216,578,794
"HLA-A*11:05",15338,227,624,851
"HLA-A*11:06",15338,234,638,872
"HLA-A*11:08",15338,244,615,859
"HLA-A*11:09",15338,227,624,851
"HLA-A*11:10",15338,236,640,876
"HLA-A*11:117",15338,232,623,855
"HLA-A*11:12",15338,227,624,851
"HLA-A*11:15",15338,232,623,855
"HLA-A*11:159",15338,229,625,854
"HLA-A*11:160",15338,227,624,851
"HLA-A*11:161",15338,229,629,858
"HLA-A*11:18
",15338,222,613,835
"HLA-A*11:183",15338,187,586,773
"HLA-A*11:187",15338,232,623,855
"HLA-A*11:19",15338,219,593,812
"HLA-A*11:20",15338,243,614,857
"HLA-A*11:211",15338,250,645,895
"HLA-A*11:221",15338,218,618,836
"HLA-A*11:25",15338,219,572,791
"HLA-A*11:29",15338,227,624,851
"HLA-A*11:30",15338,232,623,855
"HLA-A*11:32",15338,232,623,855
"HLA-A*11:37",15338,232,623,855
"HLA-A*11:39",15338,256,644,900
"HLA-A*11:41",15338,227,624,851
"HLA-A*11:44",15338,233,629,862
"HLA-A*11:45",15338,260,677,937
"HLA-A*11:47",15338,228,614,842
"HLA-A*11:58",15338,232,623,855
"HLA-A*11:64",15338,237,625,862
"HLA-A*11:67",15338,232,623,855
"HLA-A*11:70",15338,240,621,861
"HLA-A*11:74",15338,227,624,851
"HLA-A*11:81",15338,232,623,855
"HLA-A*11:89",15338,232,623,855
"HLA-A*11:91",15338,232,623,855
"HLA-A*11:92",15338,232,623,855
"HLA-A*23:01",15338,201,594,795
"HLA-A*23:02",15338,213,603,816
"HLA-A*23:03",15338,208,593,801
"HLA-A*23:04",15338,205,588,793
"HLA-A*23:05",15338,205,599,804
"HLA-A*23:06",15338,201,594,795
"HLA-A*23:12",15338,211,590,801
"HLA-A*23:13",15338,212,596,808
"HLA-A*23:14",15338,208,593,801
"HLA-A*23:15",15338,201,594,795
"HLA-A*23:23",15338,208,593,801
"HLA-A*23:30",15338,201,584,785
"HLA-A*23:39",15338,208,593,801
"HLA-A*23:47",15338,208,593,801
"HLA-A*23:48",15338,208,593,801
"HLA-A*23:53
",15338,223,591,814
"HLA-A*23:56",15338,201,594,795
"HLA-A*24:02",15338,215,592,807
"HLA-A*24:03",15338,204,597,801
"HLA-A*24:04",15338,211,606,817
"HLA-A*24:05",15338,215,592,807
"HLA-A*24:06",15338,213,603,816
"HLA-A*24:07",15338,209,603,812
"HLA-A*24:08",15338,215,620,835
"HLA-A*24:10",15338,210,605,815
"HLA-A*24:103",15338,219,590,809
"HLA-A*24:104",15338,220,607,827
"HLA-A*24:105",15338,219,590,809
"HLA-A*24:106",15338,215,576,791
"HLA-A*24:107",15338,212,594,806
"HLA-A*24:108",15338,214,605,819
"HLA-A*24:110",15338,219,590,809
"HLA-A*24:118",15338,219,590,809
"HLA-A*24:120",15338,216,596,812
"HLA-A*24:121",15338,214,598,812
"HLA-A*24:122",15338,215,592,807
"HLA-A*24:123",15338,219,590,809
"HLA-A*24:13",15338,208,593,801
"HLA-A*24:130",15338,215,592,807
"HLA-A*24:138",15338,209,574,783
"HLA-A*24:14",15338,218,596,814
"HLA-A*24:140",15338,218,594,812
"HLA-A*24:145",15338,210,589,799
"HLA-A*24:146",15338,211,591,802
"HLA-A*24:15",15338,218,599,817
"HLA-A*24:159",15338,215,592,807
"HLA-A*24:164",15338,208,600,808
"HLA-A*24:165",15338,219,590,809
"HLA-A*24:168",15338,219,590,809
"HLA-A*24:169",15338,219,590,809
"HLA-A*24:17",15338,221,603,824
"HLA-A*24:173",15338,219,590,809
"HLA-A*24:175",15338,219,590,809
"HLA-A*24:176",15338,219,590,809
"HLA-A*24:18",15338,203,581,784
"HLA-A*24:180",15338,219,590,809
"HLA-A*24:192",15338,219,590,809
"HLA-A*24:193",15338,219,590,809
"HLA-A*24:194",15338,215,592,807
"HLA-A*24:196",15338,219,590,809
"HLA-A*24:20",15338,215,592,807
"HLA-A*24:203",15338,219,590,809
"HLA-A*24:205",15338,219,590,809
"HLA-A*24:206",15338,219,590,809
"HLA-A*24:207",15338,205,581,786
"HLA-A*24:21",15338,219,590,809
"HLA-A*24:22",15338,216,583,799
"HLA-A*24:220",15338,218,584,802
"HLA-A*24:226",15338,219,590,809
"HLA-A*24:228",15338,208,593,801
"HLA-A*24:23",15338,204,597,801
"HLA-A*24:234",15338,215,592,807
"HLA-A*24:24",15338,228,591,819
"HLA-A*24:25",15338,219,588,807
"HLA-A*24:26",15338,215,592,807
"HLA-A*24:28",15338,204,584,788
"HLA-A*24:29",15338,215,592,807
"HLA-A*24:30",15338,216,614,830
"HLA-A*24:31",15338,215,591,806
"HLA-A*24:32",15338,211,613,824
"HLA-A*24:35",15338,215,592,807
"HLA-A*24:37",15338,215,592,807
"HLA-A*24:38",15338,219,590,809
"HLA-A*24:39",15338,215,592,807
"HLA-A*24:42",15338,220,621,841
"HLA-A*24:43",15338,215,592,807
"HLA-A*24:46",15338,216,603,819
"HLA-A*24:47",15338,215,592,807
"HLA-A*24:50",15338,224,616,840
"HLA-A*24:52",15338,215,606,821
"HLA-A*24:53",15338,215,590,805
"HLA-A*24:56",15338,210,621,831
"HLA-A*24:57",15338,212,590,802
"HLA-A*24:58",15338,215,592,807
"HLA-A*24:64",15338,212,601,813
"HLA-A*24:68",15338,215,592,807
"HLA-A*24:71",15338,215,592,807
"HLA-A*24:72",15338,215,592,807
"HLA-A*24:81
",15338,215,592,807
"HLA-A*24:87",15338,209,595,804
"HLA-A*24:95",15338,215,592,807
"HLA-A*24:97",15338,219,590,809
"HLA-A*25:01",15338,263,650,913
"HLA-A*25:02",15338,255,665,920
"HLA-A*25:03",15338,258,646,904
"HLA-A*25:04
",15338,284,655,939
"HLA-A*25:08",15338,264,659,923
"HLA-A*25:11",15338,272,675,947
"HLA-A*25:13",15338,264,659,923
"HLA-A*25:14",15338,264,659,923
"HLA-A*25:16",15338,264,659,923
"HLA-A*25:24",15338,264,659,923
"HLA-A*26:01",15338,276,640,916
"HLA-A*26:02",15338,279,647,926
"HLA-A*26:03",15338,221,617,838
"HLA-A*26:05",15338,282,625,907
"HLA-A*26:06",15338,221,617,838
"HLA-A*26:07",15338,274,613,887
"HLA-A*26:08",15338,301,661,962
"HLA-A*26:09",15338,282,622,904
"HLA-A*26:10",15338,276,640,916
"HLA-A*26:104",15338,276,640,916
"HLA-A*26:12",15338,292,645,937
"HLA-A*26:13",15338,273,632,905
"HLA-A*26:14",15338,276,640,916
"HLA-A*26:15",15338,276,640,916
"HLA-A*26:16",15338,283,653,936
"HLA-A*26:17",15338,276,640,916
"HLA-A*26:18",15338,292,645,937
"HLA-A*26:20",15338,273,652,925
"HLA-A*26:27",15338,276,640,916
"HLA-A*26:30",15338,229,614,843
"HLA-A*26:31",15338,293,641,934
"HLA-A*26:37",15338,276,640,916
"HLA-A*26:38",15338,279,648,927
"HLA-A*26:39",15338,276,640,916
"HLA-A*26:42",15338,270,654,924
"HLA-A*26:45",15338,279,648,927
"HLA-A*26:47",15338,276,640,916
"HLA-A*26:49",15338,301,677,978
"HLA-A*26:52",15338,276,640,916
"HLA-A*26:59",15338,279,648,927
"HLA-A*26:62",15338,288,645,933
"HLA-A*26:63",15338,276,640,916
"HLA-A*26:65",15338,279,648,927
"HLA-A*26:75",15338,279,648,927
"HLA-A*26:76",15338,279,648,927
"HLA-A*29:01",15338,245,673,918
"HLA-A*29:02",15338,247,663,910
"HLA-A*29:03",15338,246,680,926
"HLA-A*29:04
",15338,223,677,900
"HLA-A*29:07",15338,251,666,917
"HLA-A*29:09",15338,247,663,910
"HLA-A*29:10",15338,247,663,910
"HLA-A*29:11",15338,247,663,910
"HLA-A*29:12",15338,245,673,918
"HLA-A*29:13",15338,202,674,876
"HLA-A*29:14",15338,224,664,888
"HLA-A*29:16",15338,250,666,916
"HLA-A*29:21",15338,245,669,914
"HLA-A*29:23",15338,247,663,910
"HLA-A*29:32",15338,245,674,919
"HLA-A*29:34",15338,249,665,914
"HLA-A*29:40",15338,247,663,910
"HLA-A*29:44",15338,245,669,914
"HLA-A*29:48",15338,152,528,680
"HLA-A*29:64",15338,250,666,916
"HLA-A*29:88",15338,245,669,914
"HLA-A*30:01",15338,166,551,717
"HLA-A*30:02",15338,239,636,875
"HLA-A*30:03",15338,239,636,875
"HLA-A*30:04",15338,230,614,844
"HLA-A*30:07",15338,240,667,907
"HLA-A*30:08",15338,190,602,792
"HLA-A*30:09",15338,238,613,851
"HLA-A*30:10",15338,246,635,881
"HLA-A*30:11",15338,166,551,717
"HLA-A*30:15",15338,167,556,723
"HLA-A*30:16",15338,163,571,734
"HLA-A*30:18",15338,166,551,717
"HLA-A*30:25",15338,250,645,895
"HLA-A*30:28",15338,238,643,881
"HLA-A*30:29",15338,240,638,878
"HLA-A*30:30",15338,167,556,723
"HLA-A*30:31",15338,157,556,713
"HLA-A*30:36",15338,167,556,723
"HLA-A*30:40",15338,167,556,723
"HLA-A*30:47",15338,241,643,884
"HLA-A*30:51",15338,239,643,882
"HLA-A*30:54",15338,167,556,723
"HLA-A*30:56",15338,167,556,723
"HLA-A*30:58",15338,167,556,723
"HLA-A*31:01",15338,122,444,566
"HLA-A*31:02",15338,134,453,587
"HLA-A*31:04",15338,135,483,618
"HLA-A*31:05
",15338,131,477,608
"HLA-A*31:06",15338,126,467,593
"HLA-A*31:07",15338,176,650,826
"HLA-A*31:08",15338,181,624,805
"HLA-A*31:09",15338,128,470,598
"HLA-A*31:11",15338,122,444,566
"HLA-A*31:12",15338,128,468,596
"HLA-A*31:13",15338,122,444,566
"HLA-A*31:15",15338,136,474,610
"HLA-A*31:16",15338,122,444,566
"HLA-A*31:18",15338,122,473,595
"HLA-A*31:19",15338,121,452,573
"HLA-A*31:20",15338,122,444,566
"HLA-A*31:25",15338,133,491,624
"HLA-A*31:26",15338,121,452,573
"HLA-A*31:27",15338,121,452,573
"HLA-A*31:28",15338,125,466,591
"HLA-A*31:30",15338,123,499,622
"HLA-A*31:36",15338,122,444,566
"HLA-A*31:38",15338,121,452,573
"HLA-A*31:39",15338,121,452,573
"HLA-A*31:40",15338,122,444,566
"HLA-A*31:68",15338,121,452,573
"HLA-A*31:88",15338,126,443,569
"HLA-A*32:01",15338,177,589,766
"HLA-A*32:02",15338,199,591,790
"HLA-A*32:03",15338,180,616,796
"HLA-A*32:04",15338,197,589,786
"HLA-A*32:05",15338,185,575,760
"HLA-A*32:06",15338,177,589,766
"HLA-A*32:07",15338,177,609,786
"HLA-A*32:08",15338,186,601,787
"HLA-A*32:12",15338,181,590,771
"HLA-A*32:16",15338,181,590,771
"HLA-A*32:17",15338,180,600,780
"HLA-A*32:18",15338,181,590,771
"HLA-A*32:21",15338,181,590,771
"HLA-A*32:22",15338,199,591,790
"HLA-A*32:26",15338,190,592,782
"HLA-A*32:28",15338,181,590,771
"HLA-A*32:31",15338,185,575,760
"HLA-A*32:44",15338,177,589,766
"HLA-A*32:47",15338,181,590,771
"HLA-A*32:55",15338,177,589,766
"HLA-A*32:60",15338,178,597,775
"HLA-A*32:62
",15338,177,589,766
"HLA-A*33:01",15338,122,429,551
"HLA-A*33:03",15338,131,435,566
"HLA-A*33:04",15338,122,429,551
"HLA-A*33:05",15338,122,429,551
"HLA-A*33:08",15338,138,468,606
"HLA-A*33:09",15338,128,467,595
"HLA-A*33:10",15338,141,495,636
"HLA-A*33:11",15338,130,469,599
"HLA-A*33:12",15338,126,439,565
"HLA-A*33:13",15338,257,622,879
"HLA-A*33:16",15338,122,429,551
"HLA-A*33:26",15338,126,439,565
"HLA-A*33:27",15338,130,432,562
"HLA-A*33:33",15338,126,439,565
"HLA-A*33:34",15338,130,432,562
"HLA-A*33:48",15338,257,622,879
"HLA-A*33:55",15338,126,439,565
"HLA-A*33:60",15338,131,456,587
"HLA-A*33:64",15338,130,432,562
"HLA-A*33:65",15338,131,435,566
"HLA-A*34:01",15338,178,547,725
"HLA-A*34:02",15338,225,579,804
"HLA-A*34:04",15338,228,597,825
"HLA-A*34:05",15338,178,547,725
"HLA-A*34:06",15338,191,588,779
"HLA-A*34:07",15338,232,604,836
"HLA-A*34:08",15338,224,564,788
"HLA-A*36:01",15338,296,751,1047
"HLA-A*36:02",15338,292,741,1033
"HLA-A*36:03",15338,300,770,1070
"HLA-A*36:04",15338,308,758,1066
"HLA-A*43:01",15338,280,661,941
"HLA-A*66:01",15338,194,543,737
"HLA-A*66:02",15338,189,561,750
"HLA-A*66:03",15338,199,549,748
"HLA-A*66:04",15338,196,570,766
"HLA-A*66:05",15338,206,564,770
"HLA-A*66:13",15338,194,543,737
"HLA-A*66:15",15338,193,614,807
"HLA-A*68:01",15338,177,535,712
"HLA-A*68:02",15338,222,663,885
"HLA-A*68:03",15338,157,546,703
"HLA-A*68:04",15338,160,562,722
"HLA-A*68:05",15338,182,630,812
"HLA-A*68:06
",15338,197,602,799
"HLA-A*68:07",15338,206,598,804
"HLA-A*68:08",15338,196,554,750
"HLA-A*68:10",15338,165,538,703
"HLA-A*68:101",15338,177,535,712
"HLA-A*68:104",15338,217,626,843
"HLA-A*68:12",15338,177,535,712
"HLA-A*68:13",15338,156,549,705
"HLA-A*68:15",15338,222,656,878
"HLA-A*68:16",15338,177,535,712
"HLA-A*68:17",15338,213,577,790
"HLA-A*68:19",15338,177,535,712
"HLA-A*68:20",15338,182,630,812
"HLA-A*68:21",15338,177,554,731
"HLA-A*68:22",15338,177,535,712
"HLA-A*68:23",15338,186,577,763
"HLA-A*68:24",15338,177,535,712
"HLA-A*68:25",15338,177,535,712
"HLA-A*68:26",15338,239,636,875
"HLA-A*68:27",15338,222,663,885
"HLA-A*68:29",15338,141,512,653
"HLA-A*68:30",15338,185,564,749
"HLA-A*68:31",15338,218,656,874
"HLA-A*68:32",15338,177,554,731
"HLA-A*68:35",15338,177,535,712
"HLA-A*68:36",15338,272,644,916
"HLA-A*68:37",15338,177,535,712
"HLA-A*68:38",15338,173,544,717
"HLA-A*68:40",15338,232,646,878
"HLA-A*68:43",15338,177,535,712
"HLA-A*68:45",15338,154,513,667
"HLA-A*68:46",15338,223,584,807
"HLA-A*68:54",15338,223,657,880
"HLA-A*68:55",15338,177,535,712
"HLA-A*68:57",15338,177,554,731
"HLA-A*68:60",15338,226,648,874
"HLA-A*68:67",15338,222,663,885
"HLA-A*68:68",15338,177,554,731
"HLA-A*68:72",15338,189,563,752
"HLA-A*68:85",15338,181,530,711
"HLA-A*68:91",15338,177,554,731
"HLA-A*68:95",15338,177,554,731
"HLA-A*68:99",15338,177,535,712
"HLA-A*69:01",15338,214,629,843
"HLA-A*74:01",15338,147,496,643
"HLA-A*74:03
",15338,147,496,643
"HLA-A*74:05",15338,149,508,657
"HLA-A*74:06",15338,170,563,733
"HLA-A*74:07",15338,144,503,647
"HLA-A*74:08",15338,153,496,649
"HLA-A*74:09",15338,147,496,643
"HLA-A*74:10",15338,231,584,815
"HLA-A*74:11",15338,147,496,643
"HLA-A*74:13",15338,178,531,709
"HLA-A*74:16",15338,153,496,649
"HLA-A*80:01",15338,253,689,942
"HLA-B*07:02",15338,136,466,602
"HLA-B*07:03",15338,141,481,622
"HLA-B*07:04",15338,133,452,585
"HLA-B*07:05",15338,144,476,620
"HLA-B*07:07",15338,152,475,627
"HLA-B*07:08",15338,140,497,637
"HLA-B*07:09",15338,142,525,667
"HLA-B*07:10",15338,130,496,626
"HLA-B*07:102",15338,142,453,595
"HLA-B*07:103",15338,142,453,595
"HLA-B*07:104",15338,136,466,602
"HLA-B*07:105",15338,148,488,636
"HLA-B*07:106",15338,144,473,617
"HLA-B*07:109",15338,142,453,595
"HLA-B*07:110",15338,142,453,595
"HLA-B*07:112",15338,144,476,620
"HLA-B*07:113",15338,136,466,602
"HLA-B*07:12",15338,151,478,629
"HLA-B*07:122",15338,142,453,595
"HLA-B*07:13",15338,217,603,820
"HLA-B*07:131",15338,141,465,606
"HLA-B*07:132",15338,141,469,610
"HLA-B*07:136",15338,142,453,595
"HLA-B*07:14",15338,151,478,629
"HLA-B*07:143",15338,145,476,621
"HLA-B*07:15",15338,149,489,638
"HLA-B*07:151",15338,143,484,627
"HLA-B*07:158",15338,136,466,602
"HLA-B*07:16",15338,160,505,665
"HLA-B*07:165",15338,142,453,595
"HLA-B*07:17",15338,142,525,667
"HLA-B*07:18",15338,151,478,629
"HLA-B*07:188",15338,136,466,602
"HLA-B*07:19",15338,141,444,585
"HLA-B*07:193",15338,166,469,635
"HLA-B*07:20",15338,153,481,634
"HLA-B*07:206",15338,144,473,617
"HLA-B*07:208",15338,142,453,595
"HLA-B*07:22",15338,136,466,602
"HLA-B*07:222",15338,150,471,621
"HLA-B*07:23",15338,143,451,594
"HLA-B*07:237",15338,142,525,667
"HLA-B*07:24",15338,142,464,606
"HLA-B*07:26",15338,136,466,602
"HLA-B*07:29",15338,138,501,639
"HLA-B*07:31",15338,140,468,608
"HLA-B*07:33",15338,136,466,602
"HLA-B*07:36",15338,150,466,616
"HLA-B*07:37",15338,152,487,639
"HLA-B*07:38",15338,171,516,687
"HLA-B*07:42",15338,136,466,602
"HLA-B*07:46",15338,136,466,602
"HLA-B*07:47",15338,136,466,602
"HLA-B*07:48",15338,133,496,629
"HLA-B*07:51",15338,142,483,625
"HLA-B*07:53",15338,144,476,620
"HLA-B*07:56",15338,134,480,614
"HLA-B*07:57
",15338,139,460,599
"HLA-B*07:62",15338,142,453,595
"HLA-B*07:63",15338,139,470,609
"HLA-B*07:68",15338,136,466,602
"HLA-B*07:71",15338,142,453,595
"HLA-B*07:73",15338,142,453,595
"HLA-B*07:74",15338,142,453,595
"HLA-B*07:77",15338,160,468,628
"HLA-B*07:80",15338,140,461,601
"HLA-B*07:81",15338,149,462,611
"HLA-B*07:85",15338,136,492,628
"HLA-B*07:86",15338,136,466,602
"HLA-B*07:87",15338,142,453,595
"HLA-B*07:88",15338,142,453,595
"HLA-B*07:92",15338,148,482,630
"HLA-B*07:94",15338,151,476,627
"HLA-B*07:95",15338,145,445,590
"HLA-B*07:96",15338,142,453,595
"HLA-B*07:98",15338,142,477,619
"HLA-B*08:01",15338,117,492,609
"HLA-B*08:02",15338,154,527,681
"HLA-B*08:03",15338,147,532,679
"HLA-B*08:04
",15338,121,445,566
"HLA-B*08:07",15338,116,479,595
"HLA-B*08:09",15338,131,434,565
"HLA-B*08:104",15338,116,491,607
"HLA-B*08:11",15338,117,485,602
"HLA-B*08:110",15338,126,451,577
"HLA-B*08:12",15338,130,492,622
"HLA-B*08:13",15338,119,508,627
"HLA-B*08:14",15338,133,504,637
"HLA-B*08:15",15338,128,489,617
"HLA-B*08:16",15338,139,479,618
"HLA-B*08:18",15338,117,492,609
"HLA-B*08:20",15338,133,530,663
"HLA-B*08:22",15338,116,491,607
"HLA-B*08:23",15338,130,485,615
"HLA-B*08:24",15338,116,491,607
"HLA-B*08:25",15338,128,517,645
"HLA-B*08:26",15338,156,477,633
"HLA-B*08:28",15338,131,498,629
"HLA-B*08:31",15338,116,491,607
"HLA-B*08:33",15338,117,492,609
"HLA-B*08:34",15338,117,492,609
"HLA-B*08:35",15338,137,516,653
"HLA-B*08:36",15338,117,492,609
"HLA-B*08:37",15338,134,487,621
"HLA-B*08:39",15338,120,491,611
"HLA-B*08:41",15338,116,491,607
"HLA-B*08:50",15338,149,493,642
"HLA-B*08:52",15338,154,519,673
"HLA-B*08:56",15338,119,487,606
"HLA-B*08:59",15338,116,491,607
"HLA-B*08:63",15338,116,491,607
"HLA-B*08:71",15338,116,491,607
"HLA-B*08:75",15338,116,491,607
"HLA-B*08:78",15338,163,528,691
"HLA-B*08:88",15338,116,491,607
"HLA-B*08:97",15338,116,491,607
"HLA-B*13:01",15338,178,544,722
"HLA-B*13:02",15338,168,565,733
"HLA-B*13:03",15338,160,542,702
"HLA-B*13:04",15338,147,483,630
"HLA-B*13:06",15338,157,567,724
"HLA-B*13:08",15338,171,560,731
"HLA-B*13:10",15338,166,525,691
"HLA-B*13:11",15338,176,541,717
"HLA-B*13:12
",15338,176,543,719
"HLA-B*13:14",15338,168,559,727
"HLA-B*13:45",15338,168,559,727
"HLA-B*13:47",15338,168,559,727
"HLA-B*13:57",15338,180,547,727
"HLA-B*14:01",15338,140,426,566
"HLA-B*14:02",15338,140,426,566
"HLA-B*14:03",15338,149,466,615
"HLA-B*14:05",15338,148,419,567
"HLA-B*14:06",15338,147,454,601
"HLA-B*14:08",15338,150,448,598
"HLA-B*14:09",15338,141,422,563
"HLA-B*14:10",15338,150,448,598
"HLA-B*14:19",15338,138,451,589
"HLA-B*14:20",15338,141,422,563
"HLA-B*14:23",15338,145,418,563
"HLA-B*14:29",15338,141,422,563
"HLA-B*14:32",15338,141,422,563
"HLA-B*15:01",15338,201,551,752
"HLA-B*15:02",15338,222,619,841
"HLA-B*15:03",15338,162,552,714
"HLA-B*15:04",15338,169,530,699
"HLA-B*15:05",15338,192,562,754
"HLA-B*15:06",15338,199,554,753
"HLA-B*15:07",15338,201,544,745
"HLA-B*15:08",15338,235,667,902
"HLA-B*15:09",15338,160,484,644
"HLA-B*15:10",15338,144,488,632
"HLA-B*15:106",15338,173,565,738
"HLA-B*15:108",15338,178,541,719
"HLA-B*15:11",15338,228,672,900
"HLA-B*15:110",15338,194,597,791
"HLA-B*15:113
",15338,198,564,762
"HLA-B*15:117",15338,186,590,776
"HLA-B*15:12",15338,203,583,786
"HLA-B*15:122",15338,198,564,762
"HLA-B*15:123",15338,161,555,716
"HLA-B*15:125",15338,198,564,762
"HLA-B*15:128",15338,201,551,752
"HLA-B*15:13",15338,216,593,809
"HLA-B*15:132",15338,162,552,714
"HLA-B*15:135",15338,192,584,776
"HLA-B*15:14",15338,204,569,773
"HLA-B*15:141",15338,200,528,728
"HLA-B*15:142",15338,169,569,738
"HLA-B*15:147",15338,201,551,752
"HLA-B*15:15",15338,227,611,838
"HLA-B*15:150",15338,192,539,731
"HLA-B*15:153",15338,166,554,720
"HLA-B*15:154",15338,199,562,761
"HLA-B*15:157",15338,186,552,738
"HLA-B*15:158",15338,160,556,716
"HLA-B*15:159",15338,201,561,762
"HLA-B*15:16",15338,214,664,878
"HLA-B*15:160",15338,196,570,766
"HLA-B*15:162",15338,213,654,867
"HLA-B*15:164",15338,198,564,762
"HLA-B*15:167",15338,198,564,762
"HLA-B*15:17",15338,215,654,869
"HLA-B*15:170",15338,0,15338,15338
"HLA-B*15:172",15338,198,564,762
"HLA-B*15:173",15338,162,552,714
"HLA-B*15:174",15338,198,564,762
"HLA-B*15:175",15338,180,561,741
"HLA-B*15:18",15338,166,554,720
"HLA-B*15:183",15338,191,557,748
"HLA-B*15:20",15338,194,580,774
"HLA-B*15:204",15338,176,569,745
"HLA-B*15:207",15338,200,550,750
"HLA-B*15:208",15338,213,660,873
"HLA-B*15:21",15338,219,640,859
"HLA-B*15:211",15338,198,564,762
"HLA-B*15:23",15338,149,533,682
"HLA-B*15:237",15338,199,603,802
"HLA-B*15:239",15338,187,577,764
"HLA-B*15:24",15338,184,551,735
"HLA-B*15:240",15338,197,544,741
"HLA-B*15:248",15338,173,522,695
"HLA-B*15:25",15338,197,544,741
"HLA-B*15:27",15338,202,562,764
"HLA-B*15:29",15338,178,644,822
"HLA-B*15:290",15338,142,564,706
"HLA-B*15:30",15338,192,539,731
"HLA-B*15:31",15338,218,615,833
"HLA-B*15:319",15338,0,15338,15338
"HLA-B*15:32
",15338,197,590,787
"HLA-B*15:33",15338,201,551,752
"HLA-B*15:335",15338,162,557,719
"HLA-B*15:34",15338,201,551,752
"HLA-B*15:35",15338,200,528,728
"HLA-B*15:37",15338,145,478,623
"HLA-B*15:38",15338,204,552,756
"HLA-B*15:39",15338,196,544,740
"HLA-B*15:40",15338,182,569,751
"HLA-B*15:42",15338,154,503,657
"HLA-B*15:44",15338,202,613,815
"HLA-B*15:45",15338,165,525,690
"HLA-B*15:46",15338,176,556,732
"HLA-B*15:47",15338,163,571,734
"HLA-B*15:48",15338,182,575,757
"HLA-B*15:52",15338,156,517,673
"HLA-B*15:53",15338,170,539,709
"HLA-B*15:54",15338,167,554,721
"HLA-B*15:55",15338,215,594,809
"HLA-B*15:56",15338,211,636,847
"HLA-B*15:57",15338,192,564,756
"HLA-B*15:58",15338,188,559,747
"HLA-B*15:62",15338,166,555,721
"HLA-B*15:63",15338,178,522,700
"HLA-B*15:64",15338,187,558,745
"HLA-B*15:65",15338,198,602,800
"HLA-B*15:67",15338,215,681,896
"HLA-B*15:69",15338,169,545,714
"HLA-B*15:70",15338,184,549,733
"HLA-B*15:71",15338,183,569,752
"HLA-B*15:72",15338,166,554,720
"HLA-B*15:73",15338,186,553,739
"HLA-B*15:75",15338,203,563,766
"HLA-B*15:76",15338,212,627,839
"HLA-B*15:78",15338,201,551,752
"HLA-B*15:80",15338,172,575,747
"HLA-B*15:82",15338,201,551,752
"HLA-B*15:83",15338,138,505,643
"HLA-B*15:87",15338,180,570,750
"HLA-B*15:88",15338,218,623,841
"HLA-B*15:89",15338,214,604,818
"HLA-B*15:96",15338,198,564,762
"HLA-B*15:98",15338,165,543,708
"HLA-B*18:01",15338,134,502,636
"HLA-B*18:02",15338,121,503,624
"HLA-B*18:03",15338,126,518,644
"HLA-B*18:04",15338,173,605,778
"HLA-B*18:05",15338,134,502,636
"HLA-B*18:06",15338,126,470,596
"HLA-B*18:07",15338,185,604,789
"HLA-B*18:08
",15338,137,545,682
"HLA-B*18:09",15338,134,515,649
"HLA-B*18:10",15338,133,545,678
"HLA-B*18:11",15338,138,521,659
"HLA-B*18:114",15338,133,504,637
"HLA-B*18:12",15338,120,483,603
"HLA-B*18:13",15338,148,544,692
"HLA-B*18:14",15338,116,521,637
"HLA-B*18:15",15338,127,493,620
"HLA-B*18:18",15338,140,530,670
"HLA-B*18:19",15338,142,502,644
"HLA-B*18:20",15338,134,502,636
"HLA-B*18:22",15338,118,531,649
"HLA-B*18:25",15338,152,585,737
"HLA-B*18:28",15338,134,502,636
"HLA-B*18:30",15338,154,528,682
"HLA-B*18:32",15338,134,502,636
"HLA-B*18:33",15338,137,519,656
"HLA-B*18:34",15338,133,504,637
"HLA-B*18:36",15338,139,541,680
"HLA-B*18:37",15338,132,488,620
"HLA-B*18:40",15338,134,502,636
"HLA-B*18:43",15338,150,579,729
"HLA-B*18:44",15338,131,519,650
"HLA-B*18:49",15338,139,502,641
"HLA-B*18:60",15338,133,504,637
"HLA-B*18:68",15338,134,502,636
"HLA-B*18:69",15338,133,516,649
"HLA-B*18:73",15338,134,502,636
"HLA-B*18:95",15338,136,510,646
"HLA-B*27:01",15338,122,334,456
"HLA-B*27:02",15338,124,333,457
"HLA-B*27:03",15338,115,423,538
"HLA-B*27:04",15338,118,384,502
"HLA-B*27:05",15338,107,437,544
"HLA-B*27:06",15338,153,369,522
"HLA-B*27:07",15338,148,371,519
"HLA-B*27:08",15338,121,333,454
"HLA-B*27:09",15338,141,390,531
"HLA-B*27:10",15338,118,394,512
"HLA-B*27:12",15338,133,346,479
"HLA-B*27:14",15338,115,333,448
"HLA-B*27:15",15338,125,344,469
"HLA-B*27:17",15338,108,425,533
"HLA-B*27:18",15338,122,454,576
"HLA-B*27:19
",15338,116,445,561
"HLA-B*27:20",15338,147,366,513
"HLA-B*27:23",15338,163,593,756
"HLA-B*27:24",15338,144,373,517
"HLA-B*27:25",15338,125,415,540
"HLA-B*27:26",15338,116,355,471
"HLA-B*27:27",15338,154,353,507
"HLA-B*27:30",15338,130,363,493
"HLA-B*27:32",15338,108,438,546
"HLA-B*27:34",15338,150,372,522
"HLA-B*27:35",15338,149,368,517
"HLA-B*27:41",15338,131,380,511
"HLA-B*27:42",15338,111,363,474
"HLA-B*27:43",15338,151,363,514
"HLA-B*27:46",15338,151,382,533
"HLA-B*27:47",15338,136,413,549
"HLA-B*27:48",15338,111,416,527
"HLA-B*27:49",15338,111,416,527
"HLA-B*27:51",15338,107,437,544
"HLA-B*27:53",15338,122,342,464
"HLA-B*27:56",15338,111,416,527
"HLA-B*27:60",15338,111,416,527
"HLA-B*27:61",15338,118,384,502
"HLA-B*27:70",15338,116,436,552
"HLA-B*27:73",15338,111,416,527
"HLA-B*27:80",15338,111,416,527
"HLA-B*27:82",15338,111,416,527
"HLA-B*27:83",15338,128,324,452
"HLA-B*27:84",15338,111,416,527
"HLA-B*27:85",15338,111,416,527
"HLA-B*27:90",15338,111,416,527
"HLA-B*35:01",15338,223,637,860
"HLA-B*35:02",15338,193,546,739
"HLA-B*35:03",15338,184,512,696
"HLA-B*35:04",15338,193,546,739
"HLA-B*35:05",15338,205,618,823
"HLA-B*35:06",15338,195,541,736
"HLA-B*35:08",15338,228,671,899
"HLA-B*35:09",15338,193,546,739
"HLA-B*35:10",15338,218,637,855
"HLA-B*35:100",15338,228,669,897
"HLA-B*35:103
",15338,220,647,867
"HLA-B*35:104",15338,220,647,867
"HLA-B*35:106",15338,191,522,713
"HLA-B*35:108",15338,223,637,860
"HLA-B*35:109",15338,179,525,704
"HLA-B*35:11",15338,220,621,841
"HLA-B*35:112",15338,220,647,867
"HLA-B*35:115",15338,222,638,860
"HLA-B*35:116",15338,223,637,860
"HLA-B*35:12",15338,193,546,739
"HLA-B*35:121",15338,213,628,841
"HLA-B*35:123",15338,223,637,860
"HLA-B*35:128",15338,191,522,713
"HLA-B*35:13",15338,192,545,737
"HLA-B*35:132",15338,223,637,860
"HLA-B*35:136",15338,167,529,696
"HLA-B*35:139",15338,220,647,867
"HLA-B*35:14",15338,221,663,884
"HLA-B*35:15",15338,217,643,860
"HLA-B*35:157",15338,194,544,738
"HLA-B*35:158",15338,228,669,897
"HLA-B*35:16
",15338,214,593,807
"HLA-B*35:163",15338,192,549,741
"HLA-B*35:167",15338,177,530,707
"HLA-B*35:17",15338,213,622,835
"HLA-B*35:174",15338,228,669,897
"HLA-B*35:178",15338,223,637,860
"HLA-B*35:18",15338,198,593,791
"HLA-B*35:183",15338,194,542,736
"HLA-B*35:19",15338,215,641,856
"HLA-B*35:191",15338,220,647,867
"HLA-B*35:193",15338,191,522,713
"HLA-B*35:20",15338,199,642,841
"HLA-B*35:204",15338,191,522,713
"HLA-B*35:21",15338,221,608,829
"HLA-B*35:214",15338,220,647,867
"HLA-B*35:22",15338,173,521,694
"HLA-B*35:225",15338,228,669,897
"HLA-B*35:23",15338,222,639,861
"HLA-B*35:24",15338,225,620,845
"HLA-B*35:247",15338,220,647,867
"HLA-B*35:25",15338,203,640,843
"HLA-B*35:259",15338,224,640,864
"HLA-B*35:26",15338,183,583,766
"HLA-B*35:263",15338,223,637,860
"HLA-B*35:27",15338,219,638,857
"HLA-B*35:278",15338,191,522,713
"HLA-B*35:28",15338,189,569,758
"HLA-B*35:29",15338,191,620,811
"HLA-B*35:30",15338,213,622,835
"HLA-B*35:31",15338,171,546,717
"HLA-B*35:32",15338,219,647,866
"HLA-B*35:321",15338,194,542,736
"HLA-B*35:33",15338,185,544,729
"HLA-B*35:34",15338,184,519,703
"HLA-B*35:36",15338,184,512,696
"HLA-B*35:37",15338,164,494,658
"HLA-B*35:38",15338,190,515,705
"HLA-B*35:41",15338,219,639,858
"HLA-B*35:43",15338,222,659,881
"HLA-B*35:44",15338,191,574,765
"HLA-B*35:45",15338,235,698,933
"HLA-B*35:47",15338,215,641,856
"HLA-B*35:48",15338,220,651,871
"HLA-B*35:49",15338,211,631,842
"HLA-B*35:55",15338,184,512,696
"HLA-B*35:58",15338,203,591,794
"HLA-B*35:59",15338,195,538,733
"HLA-B*35:61",15338,228,669,897
"HLA-B*35:68",15338,219,647,866
"HLA-B*35:72",15338,198,617,815
"HLA-B*35:74",15338,187,524,711
"HLA-B*35:77",15338,223,637,860
"HLA-B*35:80",15338,226,679,905
"HLA-B*35:81",15338,189,539,728
"HLA-B*35:87",15338,175,520,695
"HLA-B*35:90",15338,224,642,866
"HLA-B*35:93",15338,226,626,852
"HLA-B*35:95",15338,161,621,782
"HLA-B*35:96",15338,167,518,685
"HLA-B*37:01",15338,139,592,731
"HLA-B*37:02",15338,153,542,695
"HLA-B*37:04",15338,133,577,710
"HLA-B*37:05",15338,136,542,678
"HLA-B*37:07",15338,131,525,656
"HLA-B*37:09",15338,124,514,638
"HLA-B*37:10",15338,145,561,706
"HLA-B*37:17",15338,144,587,731
"HLA-B*37:18",15338,139,584,723
"HLA-B*37:21",15338,168,580,748
"HLA-B*37:22",15338,139,601,740
"HLA-B*37:27",15338,139,584,723
"HLA-B*37:35",15338,127,569,696
"HLA-B*37:48",15338,139,606,745
"HLA-B*38:01
",15338,155,520,675
"HLA-B*38:02",15338,156,527,683
"HLA-B*38:03",15338,139,499,638
"HLA-B*38:06",15338,189,614,803
"HLA-B*38:09",15338,155,520,675
"HLA-B*38:12",15338,155,520,675
"HLA-B*38:13",15338,157,509,666
"HLA-B*38:14",15338,148,504,652
"HLA-B*38:15",15338,156,533,689
"HLA-B*38:17",15338,156,525,681
"HLA-B*38:24",15338,155,520,675
"HLA-B*38:27",15338,161,519,680
"HLA-B*38:31",15338,157,509,666
"HLA-B*38:32",15338,152,520,672
"HLA-B*38:35",15338,156,527,683
"HLA-B*38:37",15338,160,519,679
"HLA-B*39:01",15338,144,458,602
"HLA-B*39:02",15338,136,481,617
"HLA-B*39:03",15338,147,447,594
"HLA-B*39:04",15338,144,458,602
"HLA-B*39:05",15338,153,496,649
"HLA-B*39:06",15338,123,426,549
"HLA-B*39:07",15338,164,515,679
"HLA-B*39:08",15338,149,529,678
"HLA-B*39:09",15338,153,479,632
"HLA-B*39:10",15338,169,514,683
"HLA-B*39:11",15338,175,508,683
"HLA-B*39:12",15338,142,447,589
"HLA-B*39:13",15338,127,514,641
"HLA-B*39:14",15338,146,448,594
"HLA-B*39:15",15338,145,443,588
"HLA-B*39:19",15338,154,498,652
"HLA-B*39:20",15338,181,565,746
"HLA-B*39:22",15338,151,443,594
"HLA-B*39:24",15338,147,447,594
"HLA-B*39:26",15338,146,463,609
"HLA-B*39:29",15338,138,439,577
"HLA-B*39:31",15338,150,460,610
"HLA-B*39:33",15338,160,465,625
"HLA-B*39:34",15338,131,430,561
"HLA-B*39:37",15338,138,476,614
"HLA-B*39:39",15338,130,529,659
"HLA-B*39:43",15338,135,498,633
"HLA-B*39:47",15338,153,472,625
"HLA-B*39:53",15338,146,463,609
"HLA-B*39:57
",15338,127,427,554
"HLA-B*39:62",15338,123,426,549
"HLA-B*39:68",15338,146,463,609
"HLA-B*39:75",15338,146,463,609
"HLA-B*39:79",15338,150,432,582
"HLA-B*39:93",15338,146,463,609
"HLA-B*40:01",15338,132,460,592
"HLA-B*40:02",15338,126,469,595
"HLA-B*40:03",15338,124,459,583
"HLA-B*40:04",15338,134,458,592
"HLA-B*40:05",15338,116,472,588
"HLA-B*40:06",15338,111,370,481
"HLA-B*40:07",15338,154,553,707
"HLA-B*40:08",15338,139,573,712
"HLA-B*40:09",15338,117,461,578
"HLA-B*40:10",15338,144,557,701
"HLA-B*40:102",15338,135,444,579
"HLA-B*40:103",15338,115,374,489
"HLA-B*40:108",15338,135,444,579
"HLA-B*40:11",15338,137,458,595
"HLA-B*40:110",15338,143,505,648
"HLA-B*40:111",15338,126,469,595
"HLA-B*40:113",15338,137,449,586
"HLA-B*40:114",15338,138,457,595
"HLA-B*40:115",15338,132,491,623
"HLA-B*40:117",15338,130,510,640
"HLA-B*40:119",15338,118,488,606
"HLA-B*40:12",15338,137,527,664
"HLA-B*40:126",15338,135,444,579
"HLA-B*40:129",15338,130,535,665
"HLA-B*40:13",15338,154,524,678
"HLA-B*40:130",15338,135,444,579
"HLA-B*40:135",15338,135,444,579
"HLA-B*40:14",15338,142,447,589
"HLA-B*40:157",15338,120,509,629
"HLA-B*40:159",15338,103,369,472
"HLA-B*40:16",15338,133,494,627
"HLA-B*40:160",15338,134,453,587
"HLA-B*40:168",15338,135,448,583
"HLA-B*40:177",15338,115,374,489
"HLA-B*40:18",15338,122,462,584
"HLA-B*40:183",15338,127,469,596
"HLA-B*40:19",15338,117,536,653
"HLA-B*40:197",15338,135,444,579
"HLA-B*40:20",15338,125,466,591
"HLA-B*40:200",15338,132,466,598
"HLA-B*40:201",15338,127,494,621
"HLA-B*40:203",15338,132,466,598
"HLA-B*40:21",15338,175,566,741
"HLA-B*40:226",15338,118,468,586
"HLA-B*40:23",15338,144,500,644
"HLA-B*40:26",15338,131,460,591
"HLA-B*40:27",15338,125,503,628
"HLA-B*40:295",15338,115,374,489
"HLA-B*40:30",15338,118,516,634
"HLA-B*40:31",15338,118,487,605
"HLA-B*40:310",15338,132,460,592
"HLA-B*40:32",15338,135,480,615
"HLA-B*40:334",15338,126,469,595
"HLA-B*40:35",15338,132,466,598
"HLA-B*40:40",15338,114,527,641
"HLA-B*40:42",15338,129,451,580
"HLA-B*40:43",15338,122,526,648
"HLA-B*40:44",15338,117,376,493
"HLA-B*40:47",15338,135,482,617
"HLA-B*40:48",15338,122,495,617
"HLA-B*40:49",15338,129,547,676
"HLA-B*40:50",15338,114,475,589
"HLA-B*40:52",15338,122,476,598
"HLA-B*40:53",15338,111,370,481
"HLA-B*40:61",15338,152,563,715
"HLA-B*40:63",15338,128,487,615
"HLA-B*40:64",15338,134,458,592
"HLA-B*40:72
",15338,134,453,587
"HLA-B*40:74",15338,132,460,592
"HLA-B*40:78",15338,132,466,598
"HLA-B*40:79",15338,131,460,591
"HLA-B*40:84",15338,135,444,579
"HLA-B*40:87",15338,135,444,579
"HLA-B*40:90",15338,127,471,598
"HLA-B*40:94",15338,126,469,595
"HLA-B*40:95",15338,124,370,494
"HLA-B*40:99",15338,134,458,592
"HLA-B*41:01",15338,136,369,505
"HLA-B*41:02",15338,130,451,581
"HLA-B*41:03",15338,142,439,581
"HLA-B*41:05",15338,142,378,520
"HLA-B*41:06",15338,136,369,505
"HLA-B*41:07",15338,136,369,505
"HLA-B*41:09",15338,137,373,510
"HLA-B*41:10
",15338,135,455,590
"HLA-B*41:11",15338,135,455,590
"HLA-B*41:14",15338,136,387,523
"HLA-B*41:16",15338,136,369,505
"HLA-B*41:18",15338,129,458,587
"HLA-B*41:19",15338,128,469,597
"HLA-B*42:01",15338,141,455,596
"HLA-B*42:02",15338,145,470,615
"HLA-B*42:05",15338,137,465,602
"HLA-B*42:07",15338,153,476,629
"HLA-B*42:10",15338,137,465,602
"HLA-B*42:18",15338,152,463,615
"HLA-B*44:02",15338,155,417,572
"HLA-B*44:03",15338,156,428,584
"HLA-B*44:04",15338,166,489,655
"HLA-B*44:05",15338,163,440,603
"HLA-B*44:06",15338,199,625,824
"HLA-B*44:07",15338,156,428,584
"HLA-B*44:08",15338,144,567,711
"HLA-B*44:09",15338,144,444,588
"HLA-B*44:10",15338,145,536,681
"HLA-B*44:104",15338,152,447,599
"HLA-B*44:107",15338,149,499,648
"HLA-B*44:111",15338,0,15338,15338
"HLA-B*44:115",15338,156,428,584
"HLA-B*44:116",15338,152,447,599
"HLA-B*44:120",15338,0,15338,15338
"HLA-B*44:122",15338,0,15338,15338
"HLA-B*44:13",15338,156,428,584
"HLA-B*44:146",15338,134,511,645
"HLA-B*44:15",15338,139,377,516
"HLA-B*44:166",15338,124,542,666
"HLA-B*44:17",15338,154,444,598
"HLA-B*44:18",15338,152,397,549
"HLA-B*44:20",15338,143,357,500
"HLA-B*44:205",15338,0,15338,15338
"HLA-B*44:21",15338,151,458,609
"HLA-B*44:22",15338,152,447,599
"HLA-B*44:24",15338,155,417,572
"HLA-B*44:25",15338,148,503,651
"HLA-B*44:28",15338,153,517,670
"HLA-B*44:29",15338,147,456,603
"HLA-B*44:30",15338,156,428,584
"HLA-B*44:31",15338,141,557,698
"HLA-B*44:32",15338,146,447,593
"HLA-B*44:34",15338,142,514,656
"HLA-B*44:36",15338,0,15338,15338
"HLA-B*44:37",15338,130,499,629
"HLA-B*44:41",15338,157,411,568
"HLA-B*44:43",15338,142,512,654
"HLA-B*44:45",15338,0,15338,15338
"HLA-B*44:48",15338,152,447,599
"HLA-B*44:50",15338,145,502,647
"HLA-B*44:60",15338,161,583,744
"HLA-B*44:64",15338,130,518,648
"HLA-B*44:67
",15338,152,447,599
"HLA-B*44:68",15338,152,447,599
"HLA-B*44:73",15338,142,461,603
"HLA-B*44:74",15338,152,447,599
"HLA-B*44:76",15338,141,525,666
"HLA-B*44:77",15338,154,485,639
"HLA-B*44:80",15338,152,447,599
"HLA-B*44:83",15338,138,561,699
"HLA-B*44:84",15338,152,447,599
"HLA-B*44:86",15338,152,447,599
"HLA-B*44:87",15338,152,447,599
"HLA-B*44:88",15338,152,447,599
"HLA-B*44:91",15338,136,484,620
"HLA-B*44:92",15338,138,480,618
"HLA-B*44:96",15338,136,518,654
"HLA-B*44:98",15338,0,15338,15338
"HLA-B*44:99",15338,152,447,599
"HLA-B*45:01",15338,111,357,468
"HLA-B*45:02",15338,124,370,494
"HLA-B*46:01",15338,220,598,818
"HLA-B*46:22",15338,214,599,813
"HLA-B*47:01",15338,156,576,732
"HLA-B*47:02",15338,135,534,669
"HLA-B*47:03",15338,135,534,669
"HLA-B*47:04",15338,131,496,627
"HLA-B*47:05",15338,141,547,688
"HLA-B*48:01",15338,145,529,674
"HLA-B*48:02",15338,162,562,724
"HLA-B*48:03",15338,137,527,664
"HLA-B*48:04",15338,145,529,674
"HLA-B*48:05",15338,149,503,652
"HLA-B*48:06",15338,169,535,704
"HLA-B*48:07",15338,145,508,653
"HLA-B*48:12",15338,144,476,620
"HLA-B*48:13",15338,144,476,620
"HLA-B*48:24
",15338,135,526,661
"HLA-B*48:26",15338,150,525,675
"HLA-B*48:29",15338,135,526,661
"HLA-B*49:01",15338,140,424,564
"HLA-B*49:04",15338,123,422,545
"HLA-B*49:09",15338,140,435,575
"HLA-B*49:18",15338,153,439,592
"HLA-B*50:01",15338,108,368,476
"HLA-B*50:02",15338,120,356,476
"HLA-B*50:04",15338,108,368,476
"HLA-B*50:08",15338,115,371,486
"HLA-B*50:09",15338,134,376,510
"HLA-B*50:12",15338,118,431,549
"HLA-B*51:01",15338,167,548,715
"HLA-B*51:02",15338,168,559,727
"HLA-B*51:04",15338,172,593,765
"HLA-B*51:05",15338,178,593,771
"HLA-B*51:06",15338,170,588,758
"HLA-B*51:07",15338,166,526,692
"HLA-B*51:08",15338,170,556,726
"HLA-B*51:09",15338,162,580,742
"HLA-B*51:10",15338,175,577,752
"HLA-B*51:100",15338,165,550,715
"HLA-B*51:105",15338,167,548,715
"HLA-B*51:107",15338,165,550,715
"HLA-B*51:109",15338,165,550,715
"HLA-B*51:114",15338,165,550,715
"HLA-B*51:116",15338,153,548,701
"HLA-B*51:117",15338,165,550,715
"HLA-B*51:122",15338,159,588,747
"HLA-B*51:123",15338,165,550,715
"HLA-B*51:127",15338,165,550,715
"HLA-B*51:13",15338,166,555,721
"HLA-B*51:134",15338,165,550,715
"HLA-B*51:14",15338,162,550,712
"HLA-B*51:158",15338,165,550,715
"HLA-B*51:17",15338,167,548,715
"HLA-B*51:177",15338,165,550,715
"HLA-B*51:19",15338,160,595,755
"HLA-B*51:20",15338,158,539,697
"HLA-B*51:21",15338,166,571,737
"HLA-B*51:22",15338,167,528,695
"HLA-B*51:23",15338,168,586,754
"HLA-B*51:24",15338,165,550,715
"HLA-B*51:26",15338,165,550,715
"HLA-B*51:29",15338,168,589,757
"HLA-B*51:31",15338,167,581,748
"HLA-B*51:33",15338,165,550,715
"HLA-B*51:34",15338,175,545,720
"HLA-B*51:36",15338,168,580,748
"HLA-B*51:37",15338,168,503,671
"HLA-B*51:38",15338,165,550,715
"HLA-B*51:39",15338,167,548,715
"HLA-B*51:40",15338,164,584,748
"HLA-B*51:43",15338,167,548,715
"HLA-B*51:46",15338,159,563,722
"HLA-B*51:49",15338,167,548,715
"HLA-B*51:50",15338,170,537,707
"HLA-B*51:55
",15338,167,579,746
"HLA-B*51:56",15338,167,592,759
"HLA-B*51:61",15338,158,616,774
"HLA-B*51:64",15338,155,560,715
"HLA-B*51:65",15338,167,548,715
"HLA-B*51:67",15338,165,550,715
"HLA-B*51:68",15338,154,525,679
"HLA-B*51:69",15338,165,550,715
"HLA-B*51:70",15338,165,550,715
"HLA-B*51:71",15338,165,550,715
"HLA-B*51:73",15338,159,588,747
"HLA-B*51:74",15338,165,550,715
"HLA-B*51:75",15338,167,548,715
"HLA-B*51:76",15338,167,555,722
"HLA-B*51:79",15338,167,548,715
"HLA-B*51:82",15338,164,607,771
"HLA-B*51:83",15338,167,548,715
"HLA-B*51:87",15338,164,553,717
"HLA-B*52:01",15338,170,483,653
"HLA-B*52:02",15338,180,482,662
"HLA-B*52:03",15338,164,516,680
"HLA-B*52:04",15338,170,483,653
"HLA-B*52:06",15338,186,530,716
"HLA-B*52:10",15338,150,513,663
"HLA-B*52:11",15338,178,487,665
"HLA-B*52:17",15338,169,509,678
"HLA-B*52:21",15338,155,515,670
"HLA-B*52:25",15338,157,510,667
"HLA-B*52:27",15338,147,519,666
"HLA-B*52:37",15338,150,517,667
"HLA-B*53:01",15338,205,607,812
"HLA-B*53:04",15338,190,581,771
"HLA-B*53:05
",15338,201,628,829
"HLA-B*53:06",15338,190,625,815
"HLA-B*53:09",15338,183,632,815
"HLA-B*53:10",15338,205,607,812
"HLA-B*53:15",15338,209,592,801
"HLA-B*53:18",15338,209,592,801
"HLA-B*53:20",15338,209,592,801
"HLA-B*53:23",15338,189,592,781
"HLA-B*53:24",15338,211,623,834
"HLA-B*53:28",15338,156,555,711
"HLA-B*53:31",15338,182,607,789
"HLA-B*54:01",15338,147,431,578
"HLA-B*55:01",15338,140,373,513
"HLA-B*55:02",15338,146,367,513
"HLA-B*55:03",15338,149,398,547
"HLA-B*55:04",15338,139,470,609
"HLA-B*55:05",15338,140,373,513
"HLA-B*55:07",15338,147,431,578
"HLA-B*55:09",15338,156,392,548
"HLA-B*55:11",15338,141,385,526
"HLA-B*55:12",15338,139,373,512
"HLA-B*55:14",15338,157,507,664
"HLA-B*55:17",15338,151,381,532
"HLA-B*55:18",15338,111,450,561
"HLA-B*55:20",15338,152,389,541
"HLA-B*55:21",15338,140,417,557
"HLA-B*55:23",15338,145,372,517
"HLA-B*55:25",15338,139,368,507
"HLA-B*55:29",15338,139,368,507
"HLA-B*55:31",15338,157,378,535
"HLA-B*55:33",15338,139,368,507
"HLA-B*55:45",15338,139,368,507
"HLA-B*55:78",15338,146,376,522
"HLA-B*56:01",15338,143,378,521
"HLA-B*56:02",15338,161,471,632
"HLA-B*56:03",15338,174,577,751
"HLA-B*56:04",15338,161,471,632
"HLA-B*56:05",15338,145,405,550
"HLA-B*56:07",15338,145,434,579
"HLA-B*56:10",15338,161,473,634
"HLA-B*56:13",15338,140,377,517
"HLA-B*56:15",15338,139,390,529
"HLA-B*56:16",15338,145,385,530
"HLA-B*56:22",15338,145,381,526
"HLA-B*56:25",15338,145,374,519
"HLA-B*56:27
",15338,143,378,521
"HLA-B*56:33",15338,143,448,591
"HLA-B*57:01",15338,194,645,839
"HLA-B*57:02",15338,240,628,868
"HLA-B*57:03",15338,221,622,843
"HLA-B*57:04",15338,212,657,869
"HLA-B*57:05",15338,248,658,906
"HLA-B*57:09",15338,224,652,876
"HLA-B*57:11",15338,188,632,820
"HLA-B*57:14",15338,199,640,839
"HLA-B*57:15",15338,199,647,846
"HLA-B*57:21",15338,198,643,841
"HLA-B*57:22",15338,206,626,832
"HLA-B*57:23",15338,198,643,841
"HLA-B*57:24",15338,207,646,853
"HLA-B*57:26",15338,206,633,839
"HLA-B*57:32",15338,217,656,873
"HLA-B*57:34",15338,198,643,841
"HLA-B*57:40",15338,198,643,841
"HLA-B*57:44",15338,198,643,841
"HLA-B*57:48",15338,194,645,839
"HLA-B*57:58",15338,204,637,841
"HLA-B*57:61",15338,198,643,841
"HLA-B*58:01",15338,198,678,876
"HLA-B*58:02",15338,190,624,814
"HLA-B*58:04",15338,195,655,850
"HLA-B*58:05",15338,207,660,867
"HLA-B*58:06",15338,188,638,826
"HLA-B*58:08",15338,214,589,803
"HLA-B*58:16",15338,200,681,881
"HLA-B*58:18",15338,189,680,869
"HLA-B*58:23",15338,198,673,871
"HLA-B*58:28",15338,230,654,884
"HLA-B*58:37",15338,205,668,873
"HLA-B*58:62",15338,198,673,871
"HLA-B*59:01",15338,170,555,725
"HLA-B*67:01",15338,162,490,652
"HLA-B*67:02",15338,210,596,806
"HLA-B*73:01",15338,130,358,488
"HLA-B*78:01",15338,153,493,646
"HLA-B*78:02",15338,157,514,671
"HLA-B*78:04",15338,175,463,638
"HLA-B*81:01",15338,151,500,651
"HLA-B*81:05",15338,148,520,668
"HLA-B*82:01",15338,178,480,658
"HLA-B*82:02
",15338,178,480,658
"HLA-B*83:01",15338,178,583,761
"HLA-C*01:02",15338,182,584,766
"HLA-C*01:03",15338,186,639,825
"HLA-C*01:04",15338,189,584,773
"HLA-C*01:06",15338,189,584,773
"HLA-C*01:07",15338,186,583,769
"HLA-C*01:08",15338,182,584,766
"HLA-C*01:10",15338,189,595,784
"HLA-C*01:103",15338,190,567,757
"HLA-C*01:12",15338,197,594,791
"HLA-C*01:13",15338,182,584,766
"HLA-C*01:14",15338,192,606,798
"HLA-C*01:17",15338,187,585,772
"HLA-C*01:22",15338,182,521,703
"HLA-C*01:27",15338,182,584,766
"HLA-C*01:30",15338,178,581,759
"HLA-C*01:32",15338,186,583,769
"HLA-C*01:33",15338,186,583,769
"HLA-C*01:45",15338,182,584,766
"HLA-C*01:51",15338,187,590,777
"HLA-C*01:52",15338,186,583,769
"HLA-C*01:54",15338,191,578,769
"HLA-C*01:58",15338,186,583,769
"HLA-C*01:59",15338,184,587,771
"HLA-C*01:62",15338,186,583,769
"HLA-C*01:67",15338,182,584,766
"HLA-C*01:70",15338,182,584,766
"HLA-C*01:74",15338,186,583,769
"HLA-C*01:96",15338,186,583,769
"HLA-C*02:02",15338,215,652,867
"HLA-C*02:03",15338,205,656,861
"HLA-C*02:04",15338,226,632,858
"HLA-C*02:05",15338,186,614,800
"HLA-C*02:06",15338,205,618,823
"HLA-C*02:07",15338,242,634,876
"HLA-C*02:08",15338,215,652,867
"HLA-C*02:12",15338,219,614,833
"HLA-C*02:13",15338,218,661,879
"HLA-C*02:14",15338,186,629,815
"HLA-C*02:16",15338,196,608,804
"HLA-C*02:19",15338,209,625,834
"HLA-C*02:21",15338,215,652,867
"HLA-C*02:23",15338,208,616,824
"HLA-C*02:24",15338,220,638,858
"HLA-C*02:26
",15338,220,638,858
"HLA-C*02:27",15338,218,627,845
"HLA-C*02:30",15338,220,638,858
"HLA-C*02:31",15338,220,638,858
"HLA-C*02:32",15338,235,686,921
"HLA-C*02:34",15338,220,638,858
"HLA-C*02:35",15338,216,652,868
"HLA-C*02:40",15338,220,638,858
"HLA-C*02:43",15338,222,635,857
"HLA-C*02:44",15338,215,652,867
"HLA-C*02:45",15338,220,638,858
"HLA-C*02:46",15338,215,652,867
"HLA-C*02:48",15338,220,638,858
"HLA-C*02:49",15338,218,637,855
"HLA-C*02:55",15338,210,645,855
"HLA-C*02:56",15338,220,638,858
"HLA-C*02:87",15338,218,627,845
"HLA-C*03:02",15338,198,607,805
"HLA-C*03:03",15338,194,648,842
"HLA-C*03:04",15338,200,575,775
"HLA-C*03:05",15338,190,556,746
"HLA-C*03:06",15338,199,585,784
"HLA-C*03:07",15338,201,599,800
"HLA-C*03:08",15338,206,587,793
"HLA-C*03:09",15338,200,575,775
"HLA-C*03:10",15338,199,583,782
"HLA-C*03:103",15338,195,638,833
"HLA-C*03:109",15338,204,577,781
"HLA-C*03:11",15338,221,640,861
"HLA-C*03:113",15338,204,579,783
"HLA-C*03:115",15338,204,577,781
"HLA-C*03:116",15338,193,657,850
"HLA-C*03:117",15338,227,650,877
"HLA-C*03:120",15338,193,657,850
"HLA-C*03:122",15338,193,657,850
"HLA-C*03:126",15338,194,648,842
"HLA-C*03:127",15338,198,609,807
"HLA-C*03:13",15338,198,655,853
"HLA-C*03:136",15338,204,579,783
"HLA-C*03:139",15338,196,615,811
"HLA-C*03:14",15338,198,609,807
"HLA-C*03:140",15338,205,582,787
"HLA-C*03:143",15338,185,563,748
"HLA-C*03:147",15338,204,577,781
"HLA-C*03:148",15338,204,577,781
"HLA-C*03:151",15338,194,648,842
"HLA-C*03:153",15338,200,582,782
"HLA-C*03:154",15338,204,577,781
"HLA-C*03:159",15338,204,577,781
"HLA-C*03:16",15338,200,589,789
"HLA-C*03:17",15338,183,536,719
"HLA-C*03:18",15338,194,648,842
"HLA-C*03:19",15338,199,596,795
"HLA-C*03:21",15338,207,616,823
"HLA-C*03:251",15338,222,676,898
"HLA-C*03:258
",15338,198,607,805
"HLA-C*03:26",15338,202,573,775
"HLA-C*03:28",15338,226,626,852
"HLA-C*03:30",15338,194,648,842
"HLA-C*03:32",15338,200,575,775
"HLA-C*03:35",15338,202,587,789
"HLA-C*03:36",15338,211,635,846
"HLA-C*03:37",15338,202,588,790
"HLA-C*03:38",15338,202,562,764
"HLA-C*03:40",15338,204,604,808
"HLA-C*03:41",15338,204,577,781
"HLA-C*03:42",15338,204,604,808
"HLA-C*03:43
",15338,209,632,841
"HLA-C*03:44",15338,200,575,775
"HLA-C*03:45",15338,205,605,810
"HLA-C*03:46",15338,200,575,775
"HLA-C*03:47",15338,200,575,775
"HLA-C*03:49",15338,223,680,903
"HLA-C*03:51",15338,205,583,788
"HLA-C*03:53",15338,194,648,842
"HLA-C*03:54",15338,203,584,787
"HLA-C*03:56",15338,194,648,842
"HLA-C*03:59",15338,193,657,850
"HLA-C*03:60",15338,196,615,811
"HLA-C*03:64",15338,200,575,775
"HLA-C*03:69",15338,190,639,829
"HLA-C*03:70",15338,197,565,762
"HLA-C*03:75",15338,194,648,842
"HLA-C*03:78",15338,198,611,809
"HLA-C*03:81",15338,194,648,842
"HLA-C*03:85",15338,194,648,842
"HLA-C*03:86",15338,194,583,777
"HLA-C*03:87",15338,200,575,775
"HLA-C*03:88",15338,193,657,850
"HLA-C*03:91",15338,204,577,781
"HLA-C*03:94",15338,188,592,780
"HLA-C*04:01",15338,228,699,927
"HLA-C*04:03",15338,248,680,928
"HLA-C*04:04",15338,214,607,821
"HLA-C*04:05",15338,228,699,927
"HLA-C*04:06",15338,214,623,837
"HLA-C*04:07",15338,228,699,927
"HLA-C*04:08",15338,236,695,931
"HLA-C*04:10",15338,234,686,920
"HLA-C*04:104
",15338,237,688,925
"HLA-C*04:108",15338,229,675,904
"HLA-C*04:11",15338,229,660,889
"HLA-C*04:113",15338,230,667,897
"HLA-C*04:114",15338,235,676,911
"HLA-C*04:118",15338,237,688,925
"HLA-C*04:12",15338,237,688,925
"HLA-C*04:121",15338,237,688,925
"HLA-C*04:125",15338,237,688,925
"HLA-C*04:13",15338,206,620,826
"HLA-C*04:131",15338,228,699,927
"HLA-C*04:132",15338,234,694,928
"HLA-C*04:139",15338,228,699,927
"HLA-C*04:14",15338,235,673,908
"HLA-C*04:141",15338,237,688,925
"HLA-C*04:15",15338,236,683,919
"HLA-C*04:150",15338,237,688,925
"HLA-C*04:153",15338,234,686,920
"HLA-C*04:155",15338,228,699,927
"HLA-C*04:16",15338,246,685,931
"HLA-C*04:163",15338,237,688,925
"HLA-C*04:17",15338,236,683,919
"HLA-C*04:180",15338,228,699,927
"HLA-C*04:19",15338,228,699,927
"HLA-C*04:204",15338,237,688,925
"HLA-C*04:207",15338,237,688,925
"HLA-C*04:209",15338,237,688,925
"HLA-C*04:218",15338,243,687,930
"HLA-C*04:23",15338,229,675,904
"HLA-C*04:24",15338,237,688,925
"HLA-C*04:26",15338,228,699,927
"HLA-C*04:27",15338,227,725,952
"HLA-C*04:29",15338,230,660,890
"HLA-C*04:32",15338,230,692,922
"HLA-C*04:33",15338,228,699,927
"HLA-C*04:34",15338,202,630,832
"HLA-C*04:36",15338,229,660,889
"HLA-C*04:37",15338,210,612,822
"HLA-C*04:39",15338,237,688,925
"HLA-C*04:40",15338,236,688,924
"HLA-C*04:45",15338,237,688,925
"HLA-C*04:46",15338,237,688,925
"HLA-C*04:47",15338,237,688,925
"HLA-C*04:52",15338,236,715,951
"HLA-C*04:54",15338,225,686,911
"HLA-C*04:55",15338,222,695,917
"HLA-C*04:56",15338,228,699,927
"HLA-C*04:63",15338,228,699,927
"HLA-C*04:65",15338,228,699,927
"HLA-C*04:70",15338,228,699,927
"HLA-C*04:71",15338,240,674,914
"HLA-C*04:75",15338,237,688,925
"HLA-C*04:77",15338,230,692,922
"HLA-C*04:86",15338,236,709,945
"HLA-C*04:87",15338,237,688,925
"HLA-C*04:96",15338,237,688,925
"HLA-C*05:01",15338,251,684,935
"HLA-C*05:04",15338,242,676,918
"HLA-C*05:05",15338,251,684,935
"HLA-C*05:06",15338,251,690,941
"HLA-C*05:08",15338,218,643,861
"HLA-C*05:09",15338,251,684,935
"HLA-C*05:10",15338,247,674,921
"HLA-C*05:104",15338,249,678,927
"HLA-C*05:11",15338,221,629,850
"HLA-C*05:111",15338,239,685,924
"HLA-C*05:13",15338,251,684,935
"HLA-C*05:14",15338,251,684,935
"HLA-C*05:15",15338,256,684,940
"HLA-C*05:16",15338,225,627,852
"HLA-C*05:18",15338,251,690,941
"HLA-C*05:19",15338,251,684,935
"HLA-C*05:22",15338,231,676,907
"HLA-C*05:24",15338,251,690,941
"HLA-C*05:26",15338,251,684,935
"HLA-C*05:27",15338,212,635,847
"HLA-C*05:28",15338,251,690,941
"HLA-C*05:29",15338,251,684,935
"HLA-C*05:32",15338,249,694,943
"HLA-C*05:33",15338,252,703,955
"HLA-C*05:34",15338,251,690,941
"HLA-C*05:35",15338,251,684,935
"HLA-C*05:36",15338,251,683,934
"HLA-C*05:39
",15338,240,673,913
"HLA-C*05:43",15338,226,687,913
"HLA-C*05:44",15338,251,690,941
"HLA-C*05:46",15338,245,671,916
"HLA-C*05:47",15338,243,694,937
"HLA-C*05:55",15338,236,715,951
"HLA-C*05:65",15338,251,690,941
"HLA-C*05:67",15338,251,690,941
"HLA-C*05:77",15338,251,690,941
"HLA-C*05:80",15338,251,690,941
"HLA-C*05:97",15338,251,690,941
"HLA-C*05:98",15338,249,699,948
"HLA-C*06:02",15338,155,561,716
"HLA-C*06:03",15338,183,614,797
"HLA-C*06:04",15338,151,571,722
"HLA-C*06:06",15338,179,614,793
"HLA-C*06:07",15338,155,561,716
"HLA-C*06:08",15338,161,564,725
"HLA-C*06:09",15338,171,571,742
"HLA-C*06:10",15338,159,565,724
"HLA-C*06:11",15338,141,547,688
"HLA-C*06:115",15338,0,15338,15338
"HLA-C*06:12",15338,155,561,716
"HLA-C*06:127",15338,168,637,805
"HLA-C*06:13",15338,155,561,716
"HLA-C*06:138",15338,155,578,733
"HLA-C*06:14",15338,160,563,723
"HLA-C*06:18",15338,0,15338,15338
"HLA-C*06:23",15338,164,573,737
"HLA-C*06:26",15338,0,15338,15338
"HLA-C*06:27",15338,155,561,716
"HLA-C*06:28",15338,159,575,734
"HLA-C*06:30",15338,155,561,716
"HLA-C*06:32",15338,0,15338,15338
"HLA-C*06:34",15338,158,525,683
"HLA-C*06:35",15338,175,591,766
"HLA-C*06:37",15338,0,15338,15338
"HLA-C*06:38",15338,155,561,716
"HLA-C*06:39",15338,155,561,716
"HLA-C*06:47",15338,152,546,698
"HLA-C*06:50",15338,0,15338,15338
"HLA-C*06:53",15338,156,609,765
"HLA-C*06:54",15338,0,15338,15338
"HLA-C*06:58",15338,155,561,716
"HLA-C*06:59",15338,155,561,716
"HLA-C*06:65",15338,0,15338,15338
"HLA-C*06:66
",15338,0,15338,15338
"HLA-C*06:70",15338,0,15338,15338
"HLA-C*06:71",15338,157,547,704
"HLA-C*06:86",15338,0,15338,15338
"HLA-C*06:87",15338,155,561,716
"HLA-C*06:91",15338,0,15338,15338
"HLA-C*06:96",15338,161,643,804
"HLA-C*07:01",15338,144,477,621
"HLA-C*07:02",15338,164,549,713
"HLA-C*07:04",15338,189,513,702
"HLA-C*07:05",15338,163,495,658
"HLA-C*07:07",15338,148,498,646
"HLA-C*07:09",15338,152,485,637
"HLA-C*07:10",15338,165,552,717
"HLA-C*07:100",15338,164,549,713
"HLA-C*07:101",15338,192,509,701
"HLA-C*07:102",15338,167,551,718
"HLA-C*07:105",15338,167,551,718
"HLA-C*07:106",15338,144,477,621
"HLA-C*07:108",15338,150,478,628
"HLA-C*07:112",15338,144,477,621
"HLA-C*07:114",15338,167,551,718
"HLA-C*07:116",15338,148,476,624
"HLA-C*07:117",15338,167,551,718
"HLA-C*07:118",15338,144,477,621
"HLA-C*07:119",15338,144,477,621
"HLA-C*07:12",15338,188,528,716
"HLA-C*07:120",15338,149,477,626
"HLA-C*07:122",15338,148,476,624
"HLA-C*07:123",15338,167,551,718
"HLA-C*07:124",15338,160,504,664
"HLA-C*07:126",15338,167,551,718
"HLA-C*07:127",15338,167,551,718
"HLA-C*07:128",15338,148,476,624
"HLA-C*07:13",15338,188,509,697
"HLA-C*07:130",15338,167,551,718
"HLA-C*07:137",15338,172,538,710
"HLA-C*07:138",15338,163,548,711
"HLA-C*07:141
",15338,156,485,641
"HLA-C*07:143",15338,167,551,718
"HLA-C*07:147",15338,164,549,713
"HLA-C*07:148",15338,148,476,624
"HLA-C*07:149",15338,164,549,713
"HLA-C*07:15",15338,178,558,736
"HLA-C*07:151",15338,146,524,670
"HLA-C*07:154",15338,164,549,713
"HLA-C*07:155",15338,173,558,731
"HLA-C*07:16",15338,144,477,621
"HLA-C*07:165",15338,145,488,633
"HLA-C*07:17",15338,168,562,730
"HLA-C*07:172",15338,172,578,750
"HLA-C*07:173",15338,148,476,624
"HLA-C*07:179",15338,148,476,624
"HLA-C*07:180",15338,148,476,624
"HLA-C*07:181",15338,192,509,701
"HLA-C*07:184",15338,178,502,680
"HLA-C*07:19",15338,154,497,651
"HLA-C*07:192",15338,167,551,718
"HLA-C*07:196",15338,144,486,630
"HLA-C*07:199",15338,186,520,706
"HLA-C*07:205",15338,144,477,621
"HLA-C*07:206",15338,148,476,624
"HLA-C*07:209",15338,178,539,717
"HLA-C*07:21",15338,144,477,621
"HLA-C*07:212",15338,156,490,646
"HLA-C*07:214",15338,148,476,624
"HLA-C*07:218",15338,167,551,718
"HLA-C*07:22",15338,149,530,679
"HLA-C*07:222",15338,148,476,624
"HLA-C*07:223",15338,148,476,624
"HLA-C*07:224",15338,148,476,624
"HLA-C*07:232",15338,167,551,718
"HLA-C*07:234",15338,167,551,718
"HLA-C*07:24",15338,144,477,621
"HLA-C*07:241",15338,173,552,725
"HLA-C*07:242",15338,174,578,752
"HLA-C*07:243",15338,167,551,718
"HLA-C*07:247",15338,146,477,623
"HLA-C*07:25",15338,164,549,713
"HLA-C*07:250",15338,163,513,676
"HLA-C*07:252",15338,167,551,718
"HLA-C*07:256",15338,150,479,629
"HLA-C*07:257",15338,148,476,624
"HLA-C*07:26",15338,197,610,807
"HLA-C*07:261",15338,167,551,718
"HLA-C*07:262",15338,171,556,727
"HLA-C*07:27",15338,159,512,671
"HLA-C*07:279",15338,148,476,624
"HLA-C*07:28",15338,166,501,667
"HLA-C*07:285",15338,167,551,718
"HLA-C*07:287",15338,167,551,718
"HLA-C*07:29",15338,185,494,679
"HLA-C*07:293",15338,148,476,624
"HLA-C*07:298",15338,148,476,624
"HLA-C*07:301",15338,144,477,621
"HLA-C*07:303
",15338,153,482,635
"HLA-C*07:31",15338,158,503,661
"HLA-C*07:312",15338,167,551,718
"HLA-C*07:314",15338,202,609,811
"HLA-C*07:326",15338,164,549,713
"HLA-C*07:335",15338,172,542,714
"HLA-C*07:339",15338,167,551,718
"HLA-C*07:340",15338,164,549,713
"HLA-C*07:35",15338,144,477,621
"HLA-C*07:36",15338,144,477,621
"HLA-C*07:360",15338,164,549,713
"HLA-C*07:368",15338,167,551,718
"HLA-C*07:369",15338,148,476,624
"HLA-C*07:37",15338,195,591,786
"HLA-C*07:38",15338,164,549,713
"HLA-C*07:39",15338,169,557,726
"HLA-C*07:391",15338,169,547,716
"HLA-C*07:40",15338,144,478,622
"HLA-C*07:409",15338,164,549,713
"HLA-C*07:43",15338,157,504,661
"HLA-C*07:44",15338,148,476,624
"HLA-C*07:450",15338,144,477,621
"HLA-C*07:46",15338,159,535,694
"HLA-C*07:48",15338,167,551,718
"HLA-C*07:49",15338,164,546,710
"HLA-C*07:51",15338,164,549,713
"HLA-C*07:54",15338,167,551,718
"HLA-C*07:56
",15338,168,541,709
"HLA-C*07:57",15338,144,477,621
"HLA-C*07:60",15338,142,490,632
"HLA-C*07:63",15338,189,513,702
"HLA-C*07:68",15338,181,568,749
"HLA-C*07:70",15338,144,477,621
"HLA-C*07:72",15338,164,549,713
"HLA-C*07:73",15338,156,493,649
"HLA-C*07:75",15338,165,547,712
"HLA-C*07:76",15338,164,574,738
"HLA-C*07:79",15338,168,541,709
"HLA-C*07:80",15338,164,549,713
"HLA-C*07:83",15338,148,476,624
"HLA-C*07:85",15338,148,476,624
"HLA-C*07:88",15338,167,551,718
"HLA-C*07:89",15338,144,477,621
"HLA-C*07:90",15338,167,551,718
"HLA-C*07:91",15338,146,485,631
"HLA-C*07:92",15338,194,629,823
"HLA-C*07:93",15338,144,477,621
"HLA-C*07:95",15338,156,485,641
"HLA-C*07:96",15338,194,629,823
"HLA-C*07:97",15338,167,551,718
"HLA-C*08:01",15338,208,591,799
"HLA-C*08:02",15338,248,658,906
"HLA-C*08:03",15338,208,591,799
"HLA-C*08:04",15338,223,607,830
"HLA-C*08:05",15338,244,666,910
"HLA-C*08:06",15338,201,600,801
"HLA-C*08:07",15338,238,682,920
"HLA-C*08:08",15338,195,562,757
"HLA-C*08:10",15338,201,637,838
"HLA-C*08:103",15338,244,676,920
"HLA-C*08:11",15338,205,589,794
"HLA-C*08:12",15338,219,594,813
"HLA-C*08:13",15338,223,607,830
"HLA-C*08:15",15338,248,658,906
"HLA-C*08:23",15338,250,669,919
"HLA-C*08:25",15338,244,666,910
"HLA-C*08:28",15338,248,658,906
"HLA-C*08:30",15338,251,661,912
"HLA-C*08:32",15338,248,658,906
"HLA-C*08:33",15338,248,658,906
"HLA-C*08:35",15338,250,669,919
"HLA-C*08:43",15338,243,672,915
"HLA-C*08:50",15338,211,599,810
"HLA-C*08:51",15338,241,674,915
"HLA-C*08:53",15338,248,658,906
"HLA-C*08:54",15338,221,611,832
"HLA-C*08:76",15338,248,658,906
"HLA-C*08:92",15338,248,658,906
"HLA-C*12:02",15338,217,594,811
"HLA-C*12:03",15338,192,575,767
"HLA-C*12:04",15338,191,592,783
"HLA-C*12:05",15338,184,612,796
"HLA-C*12:06
",15338,193,574,767
"HLA-C*12:07",15338,196,567,763
"HLA-C*12:08",15338,215,606,821
"HLA-C*12:09",15338,207,597,804
"HLA-C*12:101",15338,193,574,767
"HLA-C*12:11",15338,194,564,758
"HLA-C*12:12",15338,192,594,786
"HLA-C*12:13",15338,192,575,767
"HLA-C*12:136",15338,225,592,817
"HLA-C*12:14",15338,203,589,792
"HLA-C*12:149",15338,192,575,767
"HLA-C*12:16",15338,171,589,760
"HLA-C*12:162",15338,217,594,811
"HLA-C*12:18",15338,211,586,797
"HLA-C*12:19",15338,183,561,744
"HLA-C*12:20",15338,182,555,737
"HLA-C*12:21",15338,222,635,857
"HLA-C*12:24",15338,200,588,788
"HLA-C*12:27",15338,225,592,817
"HLA-C*12:28",15338,193,574,767
"HLA-C*12:30",15338,225,592,817
"HLA-C*12:33",15338,188,613,801
"HLA-C*12:34",15338,193,574,767
"HLA-C*12:38",15338,193,574,767
"HLA-C*12:40",15338,225,592,817
"HLA-C*12:41",15338,223,619,842
"HLA-C*12:43",15338,193,574,767
"HLA-C*12:45",15338,192,575,767
"HLA-C*12:47",15338,193,574,767
"HLA-C*12:48",15338,193,574,767
"HLA-C*12:54",15338,194,593,787
"HLA-C*12:59",15338,192,575,767
"HLA-C*12:60",15338,189,602,791
"HLA-C*12:61",15338,193,574,767
"HLA-C*12:62",15338,193,574,767
"HLA-C*12:64",15338,217,594,811
"HLA-C*12:67",15338,225,592,817
"HLA-C*12:72",15338,224,586,810
"HLA-C*12:78",15338,193,574,767
"HLA-C*12:86",15338,225,592,817
"HLA-C*12:90",15338,189,603,792
"HLA-C*12:98",15338,190,583,773
"HLA-C*12:99",15338,192,575,767
"HLA-C*14:02",15338,197,627,824
"HLA-C*14:03",15338,197,627,824
"HLA-C*14:04
",15338,206,634,840
"HLA-C*14:05",15338,201,620,821
"HLA-C*14:06",15338,187,572,759
"HLA-C*14:10",15338,197,639,836
"HLA-C*14:12",15338,203,643,846
"HLA-C*14:18",15338,198,608,806
"HLA-C*14:24",15338,204,616,820
"HLA-C*14:25",15338,202,615,817
"HLA-C*14:29",15338,204,605,809
"HLA-C*14:32",15338,197,627,824
"HLA-C*14:41",15338,207,608,815
"HLA-C*14:50",15338,204,616,820
"HLA-C*14:66",15338,204,616,820
"HLA-C*14:67",15338,204,616,820
"HLA-C*15:02",15338,191,633,824
"HLA-C*15:03",15338,188,627,815
"HLA-C*15:04",15338,199,659,858
"HLA-C*15:05",15338,0,15338,15338
"HLA-C*15:06",15338,199,623,822
"HLA-C*15:07",15338,189,604,793
"HLA-C*15:08",15338,230,684,914
"HLA-C*15:09",15338,199,659,858
"HLA-C*15:10",15338,195,635,830
"HLA-C*15:102",15338,203,626,829
"HLA-C*15:11",15338,190,642,832
"HLA-C*15:124
",15338,195,635,830
"HLA-C*15:15",15338,185,632,817
"HLA-C*15:16",15338,180,649,829
"HLA-C*15:17",15338,190,642,832
"HLA-C*15:22",15338,205,622,827
"HLA-C*15:23",15338,177,557,734
"HLA-C*15:24",15338,210,640,850
"HLA-C*15:25",15338,234,653,887
"HLA-C*15:26",15338,191,633,824
"HLA-C*15:27",15338,233,651,884
"HLA-C*15:30",15338,194,667,861
"HLA-C*15:38",15338,195,635,830
"HLA-C*15:40",15338,200,626,826
"HLA-C*15:42",15338,189,613,802
"HLA-C*15:44",15338,191,633,824
"HLA-C*15:52",15338,191,633,824
"HLA-C*15:57",15338,206,639,845
"HLA-C*15:58",15338,172,563,735
"HLA-C*15:68",15338,195,635,830
"HLA-C*15:72",15338,199,622,821
"HLA-C*15:85",15338,190,618,808
"HLA-C*16:01",15338,184,607,791
"HLA-C*16:02",15338,188,625,813
"HLA-C*16:04",15338,194,596,790
"HLA-C*16:07",15338,230,644,874
"HLA-C*16:08",15338,184,607,791
"HLA-C*16:09",15338,188,625,813
"HLA-C*16:12",15338,207,612,819
"HLA-C*16:13",15338,189,614,803
"HLA-C*16:14",15338,189,614,803
"HLA-C*16:15",15338,191,592,783
"HLA-C*16:18",15338,183,611,794
"HLA-C*16:19",15338,187,621,808
"HLA-C*16:21",15338,178,580,758
"HLA-C*16:22",15338,189,614,803
"HLA-C*16:24",15338,189,614,803
"HLA-C*16:25",15338,183,614,797
"HLA-C*16:26",15338,189,614,803
"HLA-C*16:33",15338,190,600,790
"HLA-C*16:37",15338,186,603,789
"HLA-C*16:38",15338,192,604,796
"HLA-C*16:46",15338,187,621,808
"HLA-C*16:50",15338,190,603,793
"HLA-C*16:52",15338,189,614,803
"HLA-C*16:74",15338,188,625,813
"HLA-C*16:88",15338,215,595,810
"HLA-C*17:01",15338,201,608,809
"HLA-C*17:04",15338,201,608,809
"HLA-C*17:07",15338,202,611,813
"HLA-C*17:23",15338,204,633,837
"HLA-C*18:01",15338,229,664,893
"HLA-C*18:03",15338,183,601,784
"HLA-C*18:04",15338,224,679,903
"HLA-C*18:06
",15338,229,653,882
