"Alleles","AllBinders","StrongBinders","WeakBinders","WeakandStrongBinders"
"HLA-DPA1*01:03-DPB1*01:01",3370,29,132,161
"HLA-DPA1*01:03-DPB1*02:01",3370,37,167,204
"HLA-DPA1*01:03-DPB1*02:02",3370,44,192,236
"HLA-DPA1*01:03-DPB1*03:01",3370,26,84,110
"HLA-DPA1*01:03-DPB1*04:01",3370,41,179,220
"HLA-DPA1*01:03-DPB1*04:02",3370,28,147,175
"HLA-DPA1*01:03-DPB1*05:01",3370,22,81,103
"HLA-DPA1*01:03-DPB1*06:01",3370,20,118,138
"HLA-DPA1*01:03-DPB1*08:01",3370,11,99,110
"HLA-DPA1*01:03-DPB1*09:01",3370,13,118,131
"HLA-DPA1*01:03-DPB1*10:001",3370,49,170,219
"HLA-DPA1*01:03-DPB1*10:01",3370,11,86,97
"HLA-DPA1*01:03-DPB1*10:201",3370,16,107,123
"HLA-DPA1*01:03-DPB1*10:301",3370,35,173,208
"HLA-DPA1*01:03-DPB1*10:801",3370,22,124,146
"HLA-DPA1*01:03-DPB1*10:901",3370,35,185,220
"HLA-DPA1*01:03-DPB1*11:001",3370,28,193,221
"HLA-DPA1*01:03-DPB1*11:01",3370,11,129,140
"HLA-DPA1*01:03-DPB1*11:201",3370,41,179,220
"HLA-DPA1*01:03-DPB1*11:301",3370,35,185,220
"HLA-DPA1*01:03-DPB1*11:501",3370,37,167,204
"HLA-DPA1*01:03-DPB1*11:601",3370,28,147,175
"HLA-DPA1*01:03-DPB1*12:101",3370,41,179,220
"HLA-DPA1*01:03-DPB1*12:201",3370,18,89,107
"HLA-DPA1*01:03-DPB1*12:301",3370,37,167,204
"HLA-DPA1*01:03-DPB1*12:501",3370,15,145,160
"HLA-DPA1*01:03-DPB1*12:701",3370,10,116,126
"HLA-DPA1*01:03-DPB1*12:801",3370,41,179,220
"HLA-DPA1*01:03-DPB1*12:901",3370,24,141,165
"HLA-DPA1*01:03-DPB1*13:001",3370,30,93,123
"HLA-DPA1*01:03-DPB1*13:01",3370,28,193,221
"HLA-DPA1*01:03-DPB1*13:201",3370,22,82,104
"HLA-DPA1*01:03-DPB1*13:401",3370,41,179,220
"HLA-DPA1*01:03-DPB1*14:01",3370,25,95,120
"HLA-DPA1*01:03-DPB1*15:01",3370,8,43,51
"HLA-DPA1*01:03-DPB1*16:01",3370,17,119,136
"HLA-DPA1*01:03-DPB1*17:01",3370,19,113,132
"HLA-DPA1*01:03-DPB1*18:01",3370,10,58,68
"HLA-DPA1*01:03-DPB1*19:01",3370,22,121,143
"HLA-DPA1*01:03-DPB1*20:01",3370,30,93,123
"HLA-DPA1*01:03-DPB1*21:01",3370,32,172,204
"HLA-DPA1*01:03-DPB1*22:01",3370,29,140,169
"HLA-DPA1*01:03-DPB1*23:01",3370,41,179,220
"HLA-DPA1*01:03-DPB1*24:01",3370,49,170,219
"HLA-DPA1*01:03-DPB1*25:01",3370,26,84,110
"HLA-DPA1*01:03-DPB1*26:01",3370,15,145,160
"HLA-DPA1*01:03-DPB1*27:01",3370,35,167,202
"HLA-DPA1*01:03-DPB1*28:01",3370,5,51,56
"HLA-DPA1*01:03-DPB1*29:01",3370,15,88,103
"HLA-DPA1*01:03-DPB1*30:01",3370,32,172,204
"HLA-DPA1*01:03-DPB1*31:01",3370,26,139,165
"HLA-DPA1*01:03-DPB1*33:01",3370,42,185,227
"HLA-DPA1*01:03-DPB1*34:01",3370,7,87,94
"HLA-DPA1*01:03-DPB1*35:01",3370,22,82,104
"HLA-DPA1*01:03-DPB1*36:01",3370,29,128,157
"HLA-DPA1*01:03-DPB1*37:01",3370,11,86,97
"HLA-DPA1*01:03-DPB1*38:01",3370,22,81,103
"HLA-DPA1*01:03-DPB1*39:01",3370,41,179,220
"HLA-DPA1*01:03-DPB1*40:01",3370,15,65,80
"HLA-DPA1*01:03-DPB1*41:01",3370,37,150,187
"HLA-DPA1*01:03-DPB1*45:01",3370,26,84,110
"HLA-DPA1*01:03-DPB1*46:01",3370,37,167,204
"HLA-DPA1*01:03-DPB1*47:01",3370,44,192,236
"HLA-DPA1*01:03-DPB1*48:01",3370,37,167,204
"HLA-DPA1*01:03-DPB1*49:01",3370,28,147,175
"HLA-DPA1*01:03-DPB1*50:01",3370,14,86,100
"HLA-DPA1*01:03-DPB1*51:01",3370,28,147,175
"HLA-DPA1*01:03-DPB1*52:01",3370,20,122,142
"HLA-DPA1*01:03-DPB1*53:01",3370,8,60,68
"HLA-DPA1*01:03-DPB1*54:01",3370,19,134,153
"HLA-DPA1*01:03-DPB1*55:01",3370,55,211,266
"HLA-DPA1*01:03-DPB1*56:01",3370,20,122,142
"HLA-DPA1*01:03-DPB1*59:01",3370,22,124,146
"HLA-DPA1*01:03-DPB1*60:01",3370,23,113,136
"HLA-DPA1*01:03-DPB1*63:01",3370,26,143,169
"HLA-DPA1*01:03-DPB1*65:01",3370,17,105,122
"HLA-DPA1*01:03-DPB1*66:01",3370,54,192,246
"HLA-DPA1*01:03-DPB1*67:01",3370,20,122,142
"HLA-DPA1*01:03-DPB1*68:01",3370,9,54,63
"HLA-DPA1*01:03-DPB1*69:01",3370,19,93,112
"HLA-DPA1*01:03-DPB1*70:01",3370,26,84,110
"HLA-DPA1*01:03-DPB1*71:01",3370,42,185,227
"HLA-DPA1*01:03-DPB1*72:01",3370,29,150,179
"HLA-DPA1*01:03-DPB1*74:01",3370,4,69,73
"HLA-DPA1*01:03-DPB1*75:01",3370,27,110,137
"HLA-DPA1*01:03-DPB1*76:01",3370,26,84,110
"HLA-DPA1*01:03-DPB1*77:01",3370,28,147,175
"HLA-DPA1*01:03-DPB1*78:01",3370,26,84,110
"HLA-DPA1*01:03-DPB1*79:01",3370,22,82,104
"HLA-DPA1*01:03-DPB1*80:01",3370,28,147,175
"HLA-DPA1*01:03-DPB1*81:01",3370,37,167,204
"HLA-DPA1*01:03-DPB1*82:01",3370,28,147,175
"HLA-DPA1*01:03-DPB1*83:01",3370,18,120,138
"HLA-DPA1*01:03-DPB1*85:01",3370,35,167,202
"HLA-DPA1*01:03-DPB1*86:01",3370,35,185,220
"HLA-DPA1*01:03-DPB1*87:01",3370,23,159,182
"HLA-DPA1*01:03-DPB1*88:01",3370,11,86,97
"HLA-DPA1*01:03-DPB1*89:01",3370,48,167,215
"HLA-DPA1*01:03-DPB1*90:01",3370,29,132,161
"HLA-DPA1*01:03-DPB1*91:01",3370,30,93,123
"HLA-DPA1*01:03-DPB1*92:01",3370,26,84,110
"HLA-DPA1*01:03-DPB1*93:01",3370,19,113,132
"HLA-DPA1*01:03-DPB1*95:01",3370,41,159,200
"HLA-DPA1*01:03-DPB1*96:01",3370,41,179,220
"HLA-DPA1*01:03-DPB1*98:01",3370,26,102,128
"HLA-DPA1*01:03-DPB1*99:01",3370,27,158,185
"HLA-DPA1*01:04-DPB1*01:01",3370,29,132,161
"HLA-DPA1*01:04-DPB1*02:01",3370,37,167,204
"HLA-DPA1*01:04-DPB1*02:02",3370,44,192,236
"HLA-DPA1*01:04-DPB1*03:01",3370,26,84,110
"HLA-DPA1*01:04-DPB1*04:01",3370,41,179,220
"HLA-DPA1*01:04-DPB1*04:02",3370,28,147,175
"HLA-DPA1*01:04-DPB1*05:01",3370,22,81,103
"HLA-DPA1*01:04-DPB1*06:01",3370,20,118,138
"HLA-DPA1*01:04-DPB1*08:01",3370,11,99,110
"HLA-DPA1*01:04-DPB1*09:01",3370,13,118,131
"HLA-DPA1*01:04-DPB1*10:001",3370,49,170,219
"HLA-DPA1*01:04-DPB1*10:01",3370,11,86,97
"HLA-DPA1*01:04-DPB1*10:201",3370,16,107,123
"HLA-DPA1*01:04-DPB1*10:301",3370,35,173,208
"HLA-DPA1*01:04-DPB1*10:801",3370,22,124,146
"HLA-DPA1*01:04-DPB1*10:901",3370,35,185,220
"HLA-DPA1*01:04-DPB1*11:001",3370,28,193,221
"HLA-DPA1*01:04-DPB1*11:01",3370,11,129,140
"HLA-DPA1*01:04-DPB1*11:201",3370,41,179,220
"HLA-DPA1*01:04-DPB1*11:301",3370,35,185,220
"HLA-DPA1*01:04-DPB1*11:501",3370,37,167,204
"HLA-DPA1*01:04-DPB1*11:601",3370,28,147,175
"HLA-DPA1*01:04-DPB1*12:101",3370,41,179,220
"HLA-DPA1*01:04-DPB1*12:201",3370,18,89,107
"HLA-DPA1*01:04-DPB1*12:301",3370,37,167,204
"HLA-DPA1*01:04-DPB1*12:501",3370,15,145,160
"HLA-DPA1*01:04-DPB1*12:701",3370,10,116,126
"HLA-DPA1*01:04-DPB1*12:801",3370,41,179,220
"HLA-DPA1*01:04-DPB1*12:901",3370,24,141,165
"HLA-DPA1*01:04-DPB1*13:001",3370,30,93,123
"HLA-DPA1*01:04-DPB1*13:01",3370,28,193,221
"HLA-DPA1*01:04-DPB1*13:201",3370,22,82,104
"HLA-DPA1*01:04-DPB1*13:401",3370,41,179,220
"HLA-DPA1*01:04-DPB1*14:01",3370,25,95,120
"HLA-DPA1*01:04-DPB1*15:01",3370,8,43,51
"HLA-DPA1*01:04-DPB1*16:01",3370,17,119,136
"HLA-DPA1*01:04-DPB1*17:01",3370,19,113,132
"HLA-DPA1*01:04-DPB1*18:01",3370,10,58,68
"HLA-DPA1*01:04-DPB1*19:01",3370,22,121,143
"HLA-DPA1*01:04-DPB1*20:01",3370,30,93,123
"HLA-DPA1*01:04-DPB1*21:01",3370,32,172,204
"HLA-DPA1*01:04-DPB1*22:01",3370,29,140,169
"HLA-DPA1*01:04-DPB1*23:01",3370,41,179,220
"HLA-DPA1*01:04-DPB1*24:01",3370,49,170,219
"HLA-DPA1*01:04-DPB1*25:01",3370,26,84,110
"HLA-DPA1*01:04-DPB1*26:01",3370,15,145,160
"HLA-DPA1*01:04-DPB1*27:01",3370,35,167,202
"HLA-DPA1*01:04-DPB1*28:01",3370,5,51,56
"HLA-DPA1*01:04-DPB1*29:01",3370,15,88,103
"HLA-DPA1*01:04-DPB1*30:01",3370,32,172,204
"HLA-DPA1*01:04-DPB1*31:01",3370,26,139,165
"HLA-DPA1*01:04-DPB1*33:01",3370,42,185,227
"HLA-DPA1*01:04-DPB1*34:01",3370,7,87,94
"HLA-DPA1*01:04-DPB1*35:01",3370,22,82,104
"HLA-DPA1*01:04-DPB1*36:01",3370,29,128,157
"HLA-DPA1*01:04-DPB1*37:01",3370,11,86,97
"HLA-DPA1*01:04-DPB1*38:01",3370,22,81,103
"HLA-DPA1*01:04-DPB1*39:01",3370,41,179,220
"HLA-DPA1*01:04-DPB1*40:01",3370,15,65,80
"HLA-DPA1*01:04-DPB1*41:01",3370,37,150,187
"HLA-DPA1*01:04-DPB1*45:01",3370,26,84,110
"HLA-DPA1*01:04-DPB1*46:01",3370,37,167,204
"HLA-DPA1*01:04-DPB1*47:01",3370,44,192,236
"HLA-DPA1*01:04-DPB1*48:01",3370,37,167,204
"HLA-DPA1*01:04-DPB1*49:01",3370,28,147,175
"HLA-DPA1*01:04-DPB1*50:01",3370,14,86,100
"HLA-DPA1*01:04-DPB1*51:01",3370,28,147,175
"HLA-DPA1*01:04-DPB1*52:01",3370,20,122,142
"HLA-DPA1*01:04-DPB1*53:01",3370,8,60,68
"HLA-DPA1*01:04-DPB1*54:01",3370,19,134,153
"HLA-DPA1*01:04-DPB1*55:01",3370,55,211,266
"HLA-DPA1*01:04-DPB1*56:01",3370,20,122,142
"HLA-DPA1*01:04-DPB1*59:01",3370,22,124,146
"HLA-DPA1*01:04-DPB1*60:01",3370,23,113,136
"HLA-DPA1*01:04-DPB1*63:01",3370,26,143,169
"HLA-DPA1*01:04-DPB1*65:01",3370,17,105,122
"HLA-DPA1*01:04-DPB1*66:01",3370,54,192,246
"HLA-DPA1*01:04-DPB1*67:01",3370,20,122,142
"HLA-DPA1*01:04-DPB1*68:01",3370,9,54,63
"HLA-DPA1*01:04-DPB1*69:01",3370,19,93,112
"HLA-DPA1*01:04-DPB1*70:01",3370,26,84,110
"HLA-DPA1*01:04-DPB1*71:01",3370,42,185,227
"HLA-DPA1*01:04-DPB1*72:01",3370,29,150,179
"HLA-DPA1*01:04-DPB1*74:01",3370,4,69,73
"HLA-DPA1*01:04-DPB1*75:01",3370,27,110,137
"HLA-DPA1*01:04-DPB1*76:01",3370,26,84,110
"HLA-DPA1*01:04-DPB1*77:01",3370,28,147,175
"HLA-DPA1*01:04-DPB1*78:01",3370,26,84,110
"HLA-DPA1*01:04-DPB1*79:01",3370,22,82,104
"HLA-DPA1*01:04-DPB1*80:01",3370,28,147,175
"HLA-DPA1*01:04-DPB1*81:01",3370,37,167,204
"HLA-DPA1*01:04-DPB1*82:01",3370,28,147,175
"HLA-DPA1*01:04-DPB1*83:01",3370,18,120,138
"HLA-DPA1*01:04-DPB1*85:01",3370,35,167,202
"HLA-DPA1*01:04-DPB1*86:01",3370,35,185,220
"HLA-DPA1*01:04-DPB1*87:01",3370,23,159,182
"HLA-DPA1*01:04-DPB1*88:01",3370,11,86,97
"HLA-DPA1*01:04-DPB1*89:01",3370,48,167,215
"HLA-DPA1*01:04-DPB1*90:01",3370,29,132,161
"HLA-DPA1*01:04-DPB1*91:01",3370,30,93,123
"HLA-DPA1*01:04-DPB1*92:01",3370,26,84,110
"HLA-DPA1*01:04-DPB1*93:01",3370,19,113,132
"HLA-DPA1*01:04-DPB1*95:01",3370,41,159,200
"HLA-DPA1*01:04-DPB1*96:01",3370,41,179,220
"HLA-DPA1*01:04-DPB1*98:01",3370,26,102,128
"HLA-DPA1*01:04-DPB1*99:01",3370,27,158,185
"HLA-DPA1*02:01-DPB1*01:01",3370,36,155,191
"HLA-DPA1*02:01-DPB1*02:01",3370,48,197,245
"HLA-DPA1*02:01-DPB1*02:02",3370,61,241,302
"HLA-DPA1*02:01-DPB1*03:01",3370,19,97,116
"HLA-DPA1*02:01-DPB1*04:01",3370,55,215,270
"HLA-DPA1*02:01-DPB1*04:02",3370,35,211,246
"HLA-DPA1*02:01-DPB1*05:01",3370,27,126,153
"HLA-DPA1*02:01-DPB1*06:01",3370,23,185,208
"HLA-DPA1*02:01-DPB1*08:01",3370,15,121,136
"HLA-DPA1*02:01-DPB1*09:01",3370,14,125,139
"HLA-DPA1*02:01-DPB1*10:001",3370,47,245,292
"HLA-DPA1*02:01-DPB1*10:01",3370,4,111,115
"HLA-DPA1*02:01-DPB1*10:201",3370,25,174,199
"HLA-DPA1*02:01-DPB1*10:301",3370,39,219,258
"HLA-DPA1*02:01-DPB1*10:801",3370,34,201,235
"HLA-DPA1*02:01-DPB1*10:901",3370,47,220,267
"HLA-DPA1*02:01-DPB1*11:001",3370,54,203,257
"HLA-DPA1*02:01-DPB1*11:01",3370,28,157,185
"HLA-DPA1*02:01-DPB1*11:201",3370,55,215,270
"HLA-DPA1*02:01-DPB1*11:301",3370,47,220,267
"HLA-DPA1*02:01-DPB1*11:501",3370,48,197,245
"HLA-DPA1*02:01-DPB1*11:601",3370,35,211,246
"HLA-DPA1*02:01-DPB1*12:101",3370,55,215,270
"HLA-DPA1*02:01-DPB1*12:201",3370,22,91,113
"HLA-DPA1*02:01-DPB1*12:301",3370,48,197,245
"HLA-DPA1*02:01-DPB1*12:501",3370,27,157,184
"HLA-DPA1*02:01-DPB1*12:701",3370,22,138,160
"HLA-DPA1*02:01-DPB1*12:801",3370,55,215,270
"HLA-DPA1*02:01-DPB1*12:901",3370,34,181,215
"HLA-DPA1*02:01-DPB1*13:001",3370,19,126,145
"HLA-DPA1*02:01-DPB1*13:01",3370,54,203,257
"HLA-DPA1*02:01-DPB1*13:201",3370,8,90,98
"HLA-DPA1*02:01-DPB1*13:401",3370,55,215,270
"HLA-DPA1*02:01-DPB1*14:01",3370,25,101,126
"HLA-DPA1*02:01-DPB1*15:01",3370,6,43,49
"HLA-DPA1*02:01-DPB1*16:01",3370,22,153,175
"HLA-DPA1*02:01-DPB1*17:01",3370,23,176,199
"HLA-DPA1*02:01-DPB1*18:01",3370,11,79,90
"HLA-DPA1*02:01-DPB1*19:01",3370,25,125,150
"HLA-DPA1*02:01-DPB1*20:01",3370,19,126,145
"HLA-DPA1*02:01-DPB1*21:01",3370,42,205,247
"HLA-DPA1*02:01-DPB1*22:01",3370,32,169,201
"HLA-DPA1*02:01-DPB1*23:01",3370,55,215,270
"HLA-DPA1*02:01-DPB1*24:01",3370,47,245,292
"HLA-DPA1*02:01-DPB1*25:01",3370,19,97,116
"HLA-DPA1*02:01-DPB1*26:01",3370,27,157,184
"HLA-DPA1*02:01-DPB1*27:01",3370,48,204,252
"HLA-DPA1*02:01-DPB1*28:01",3370,7,91,98
"HLA-DPA1*02:01-DPB1*29:01",3370,11,126,137
"HLA-DPA1*02:01-DPB1*30:01",3370,42,205,247
"HLA-DPA1*02:01-DPB1*31:01",3370,43,200,243
"HLA-DPA1*02:01-DPB1*33:01",3370,64,219,283
"HLA-DPA1*02:01-DPB1*34:01",3370,5,108,113
"HLA-DPA1*02:01-DPB1*35:01",3370,8,90,98
"HLA-DPA1*02:01-DPB1*36:01",3370,25,148,173
"HLA-DPA1*02:01-DPB1*37:01",3370,4,111,115
"HLA-DPA1*02:01-DPB1*38:01",3370,27,126,153
"HLA-DPA1*02:01-DPB1*39:01",3370,55,215,270
"HLA-DPA1*02:01-DPB1*40:01",3370,7,81,88
"HLA-DPA1*02:01-DPB1*41:01",3370,61,221,282
"HLA-DPA1*02:01-DPB1*45:01",3370,19,97,116
"HLA-DPA1*02:01-DPB1*46:01",3370,48,197,245
"HLA-DPA1*02:01-DPB1*47:01",3370,61,241,302
"HLA-DPA1*02:01-DPB1*48:01",3370,48,197,245
"HLA-DPA1*02:01-DPB1*49:01",3370,35,211,246
"HLA-DPA1*02:01-DPB1*50:01",3370,21,121,142
"HLA-DPA1*02:01-DPB1*51:01",3370,35,211,246
"HLA-DPA1*02:01-DPB1*52:01",3370,22,159,181
"HLA-DPA1*02:01-DPB1*53:01",3370,11,83,94
"HLA-DPA1*02:01-DPB1*54:01",3370,20,157,177
"HLA-DPA1*02:01-DPB1*55:01",3370,83,230,313
"HLA-DPA1*02:01-DPB1*56:01",3370,22,159,181
"HLA-DPA1*02:01-DPB1*59:01",3370,34,201,235
"HLA-DPA1*02:01-DPB1*60:01",3370,30,171,201
"HLA-DPA1*02:01-DPB1*63:01",3370,33,186,219
"HLA-DPA1*02:01-DPB1*65:01",3370,27,130,157
"HLA-DPA1*02:01-DPB1*66:01",3370,60,230,290
"HLA-DPA1*02:01-DPB1*67:01",3370,22,159,181
"HLA-DPA1*02:01-DPB1*68:01",3370,10,67,77
"HLA-DPA1*02:01-DPB1*69:01",3370,9,97,106
"HLA-DPA1*02:01-DPB1*70:01",3370,19,97,116
"HLA-DPA1*02:01-DPB1*71:01",3370,64,219,283
"HLA-DPA1*02:01-DPB1*72:01",3370,47,222,269
"HLA-DPA1*02:01-DPB1*74:01",3370,7,96,103
"HLA-DPA1*02:01-DPB1*75:01",3370,25,150,175
"HLA-DPA1*02:01-DPB1*76:01",3370,19,97,116
"HLA-DPA1*02:01-DPB1*77:01",3370,35,211,246
"HLA-DPA1*02:01-DPB1*78:01",3370,19,97,116
"HLA-DPA1*02:01-DPB1*79:01",3370,8,90,98
"HLA-DPA1*02:01-DPB1*80:01",3370,35,211,246
"HLA-DPA1*02:01-DPB1*81:01",3370,48,197,245
"HLA-DPA1*02:01-DPB1*82:01",3370,35,211,246
"HLA-DPA1*02:01-DPB1*83:01",3370,44,192,236
"HLA-DPA1*02:01-DPB1*85:01",3370,48,204,252
"HLA-DPA1*02:01-DPB1*86:01",3370,47,220,267
"HLA-DPA1*02:01-DPB1*87:01",3370,43,212,255
"HLA-DPA1*02:01-DPB1*88:01",3370,4,111,115
"HLA-DPA1*02:01-DPB1*89:01",3370,47,200,247
"HLA-DPA1*02:01-DPB1*90:01",3370,36,155,191
"HLA-DPA1*02:01-DPB1*91:01",3370,19,126,145
"HLA-DPA1*02:01-DPB1*92:01",3370,19,97,116
"HLA-DPA1*02:01-DPB1*93:01",3370,23,176,199
"HLA-DPA1*02:01-DPB1*95:01",3370,57,227,284
"HLA-DPA1*02:01-DPB1*96:01",3370,55,215,270
"HLA-DPA1*02:01-DPB1*98:01",3370,11,116,127
"HLA-DPA1*02:01-DPB1*99:01",3370,39,259,298
"HLA-DPA1*02:02-DPB1*01:01",3370,41,164,205
"HLA-DPA1*02:02-DPB1*02:01",3370,78,261,339
"HLA-DPA1*02:02-DPB1*02:02",3370,86,293,379
"HLA-DPA1*02:02-DPB1*03:01",3370,31,129,160
"HLA-DPA1*02:02-DPB1*04:01",3370,81,266,347
"HLA-DPA1*02:02-DPB1*04:02",3370,56,269,325
"HLA-DPA1*02:02-DPB1*05:01",3370,29,159,188
"HLA-DPA1*02:02-DPB1*06:01",3370,75,265,340
"HLA-DPA1*02:02-DPB1*08:01",3370,29,132,161
"HLA-DPA1*02:02-DPB1*09:01",3370,29,164,193
"HLA-DPA1*02:02-DPB1*10:001",3370,63,291,354
"HLA-DPA1*02:02-DPB1*10:01",3370,17,152,169
"HLA-DPA1*02:02-DPB1*10:201",3370,55,240,295
"HLA-DPA1*02:02-DPB1*10:301",3370,59,251,310
"HLA-DPA1*02:02-DPB1*10:801",3370,73,278,351
"HLA-DPA1*02:02-DPB1*10:901",3370,106,284,390
"HLA-DPA1*02:02-DPB1*11:001",3370,78,251,329
"HLA-DPA1*02:02-DPB1*11:01",3370,39,229,268
"HLA-DPA1*02:02-DPB1*11:201",3370,81,266,347
"HLA-DPA1*02:02-DPB1*11:301",3370,106,284,390
"HLA-DPA1*02:02-DPB1*11:501",3370,78,261,339
"HLA-DPA1*02:02-DPB1*11:601",3370,56,269,325
"HLA-DPA1*02:02-DPB1*12:101",3370,81,266,347
"HLA-DPA1*02:02-DPB1*12:201",3370,27,102,129
"HLA-DPA1*02:02-DPB1*12:301",3370,78,261,339
"HLA-DPA1*02:02-DPB1*12:501",3370,42,216,258
"HLA-DPA1*02:02-DPB1*12:701",3370,34,162,196
"HLA-DPA1*02:02-DPB1*12:801",3370,81,266,347
"HLA-DPA1*02:02-DPB1*12:901",3370,64,251,315
"HLA-DPA1*02:02-DPB1*13:001",3370,44,192,236
"HLA-DPA1*02:02-DPB1*13:01",3370,78,251,329
"HLA-DPA1*02:02-DPB1*13:201",3370,20,109,129
"HLA-DPA1*02:02-DPB1*13:401",3370,81,266,347
"HLA-DPA1*02:02-DPB1*14:01",3370,32,128,160
"HLA-DPA1*02:02-DPB1*15:01",3370,5,50,55
"HLA-DPA1*02:02-DPB1*16:01",3370,44,197,241
"HLA-DPA1*02:02-DPB1*17:01",3370,66,243,309
"HLA-DPA1*02:02-DPB1*18:01",3370,17,151,168
"HLA-DPA1*02:02-DPB1*19:01",3370,30,146,176
"HLA-DPA1*02:02-DPB1*20:01",3370,44,192,236
"HLA-DPA1*02:02-DPB1*21:01",3370,83,301,384
"HLA-DPA1*02:02-DPB1*22:01",3370,38,209,247
"HLA-DPA1*02:02-DPB1*23:01",3370,81,266,347
"HLA-DPA1*02:02-DPB1*24:01",3370,63,291,354
"HLA-DPA1*02:02-DPB1*25:01",3370,31,129,160
"HLA-DPA1*02:02-DPB1*26:01",3370,42,216,258
"HLA-DPA1*02:02-DPB1*27:01",3370,89,301,390
"HLA-DPA1*02:02-DPB1*28:01",3370,18,151,169
"HLA-DPA1*02:02-DPB1*29:01",3370,32,197,229
"HLA-DPA1*02:02-DPB1*30:01",3370,83,301,384
"HLA-DPA1*02:02-DPB1*31:01",3370,85,270,355
"HLA-DPA1*02:02-DPB1*33:01",3370,88,254,342
"HLA-DPA1*02:02-DPB1*34:01",3370,16,158,174
"HLA-DPA1*02:02-DPB1*35:01",3370,20,109,129
"HLA-DPA1*02:02-DPB1*36:01",3370,52,224,276
"HLA-DPA1*02:02-DPB1*37:01",3370,17,152,169
"HLA-DPA1*02:02-DPB1*38:01",3370,29,159,188
"HLA-DPA1*02:02-DPB1*39:01",3370,81,266,347
"HLA-DPA1*02:02-DPB1*40:01",3370,12,123,135
"HLA-DPA1*02:02-DPB1*41:01",3370,109,356,465
"HLA-DPA1*02:02-DPB1*45:01",3370,31,129,160
"HLA-DPA1*02:02-DPB1*46:01",3370,78,261,339
"HLA-DPA1*02:02-DPB1*47:01",3370,86,293,379
"HLA-DPA1*02:02-DPB1*48:01",3370,78,261,339
"HLA-DPA1*02:02-DPB1*49:01",3370,56,269,325
"HLA-DPA1*02:02-DPB1*50:01",3370,24,167,191
"HLA-DPA1*02:02-DPB1*51:01",3370,56,269,325
"HLA-DPA1*02:02-DPB1*52:01",3370,50,248,298
"HLA-DPA1*02:02-DPB1*53:01",3370,19,141,160
"HLA-DPA1*02:02-DPB1*54:01",3370,42,225,267
"HLA-DPA1*02:02-DPB1*55:01",3370,132,349,481
"HLA-DPA1*02:02-DPB1*56:01",3370,50,248,298
"HLA-DPA1*02:02-DPB1*59:01",3370,73,278,351
"HLA-DPA1*02:02-DPB1*60:01",3370,56,237,293
"HLA-DPA1*02:02-DPB1*63:01",3370,42,228,270
"HLA-DPA1*02:02-DPB1*65:01",3370,28,128,156
"HLA-DPA1*02:02-DPB1*66:01",3370,90,296,386
"HLA-DPA1*02:02-DPB1*67:01",3370,50,248,298
"HLA-DPA1*02:02-DPB1*68:01",3370,21,67,88
"HLA-DPA1*02:02-DPB1*69:01",3370,15,136,151
"HLA-DPA1*02:02-DPB1*70:01",3370,31,129,160
"HLA-DPA1*02:02-DPB1*71:01",3370,88,254,342
"HLA-DPA1*02:02-DPB1*72:01",3370,79,285,364
"HLA-DPA1*02:02-DPB1*74:01",3370,12,131,143
"HLA-DPA1*02:02-DPB1*75:01",3370,36,187,223
"HLA-DPA1*02:02-DPB1*76:01",3370,31,129,160
"HLA-DPA1*02:02-DPB1*77:01",3370,56,269,325
"HLA-DPA1*02:02-DPB1*78:01",3370,31,129,160
"HLA-DPA1*02:02-DPB1*79:01",3370,20,109,129
"HLA-DPA1*02:02-DPB1*80:01",3370,56,269,325
"HLA-DPA1*02:02-DPB1*81:01",3370,78,261,339
"HLA-DPA1*02:02-DPB1*82:01",3370,56,269,325
"HLA-DPA1*02:02-DPB1*83:01",3370,97,300,397
"HLA-DPA1*02:02-DPB1*85:01",3370,89,301,390
"HLA-DPA1*02:02-DPB1*86:01",3370,106,284,390
"HLA-DPA1*02:02-DPB1*87:01",3370,99,333,432
"HLA-DPA1*02:02-DPB1*88:01",3370,17,152,169
"HLA-DPA1*02:02-DPB1*89:01",3370,60,225,285
"HLA-DPA1*02:02-DPB1*90:01",3370,41,164,205
"HLA-DPA1*02:02-DPB1*91:01",3370,44,192,236
"HLA-DPA1*02:02-DPB1*92:01",3370,31,129,160
"HLA-DPA1*02:02-DPB1*93:01",3370,66,243,309
"HLA-DPA1*02:02-DPB1*95:01",3370,89,286,375
"HLA-DPA1*02:02-DPB1*96:01",3370,81,266,347
"HLA-DPA1*02:02-DPB1*98:01",3370,39,169,208
"HLA-DPA1*02:02-DPB1*99:01",3370,56,283,339
"HLA-DPA1*03:01-DPB1*01:01",3370,60,146,206
"HLA-DPA1*03:01-DPB1*02:01",3370,31,158,189
"HLA-DPA1*03:01-DPB1*02:02",3370,42,189,231
"HLA-DPA1*03:01-DPB1*03:01",3370,16,101,117
"HLA-DPA1*03:01-DPB1*04:01",3370,48,169,217
"HLA-DPA1*03:01-DPB1*04:02",3370,36,140,176
"HLA-DPA1*03:01-DPB1*05:01",3370,30,127,157
"HLA-DPA1*03:01-DPB1*06:01",3370,20,135,155
"HLA-DPA1*03:01-DPB1*08:01",3370,18,94,112
"HLA-DPA1*03:01-DPB1*09:01",3370,19,158,177
"HLA-DPA1*03:01-DPB1*10:001",3370,50,180,230
"HLA-DPA1*03:01-DPB1*10:01",3370,14,147,161
"HLA-DPA1*03:01-DPB1*10:201",3370,26,123,149
"HLA-DPA1*03:01-DPB1*10:301",3370,44,180,224
"HLA-DPA1*03:01-DPB1*10:801",3370,26,129,155
"HLA-DPA1*03:01-DPB1*10:901",3370,57,202,259
"HLA-DPA1*03:01-DPB1*11:001",3370,71,222,293
"HLA-DPA1*03:01-DPB1*11:01",3370,36,172,208
"HLA-DPA1*03:01-DPB1*11:201",3370,48,169,217
"HLA-DPA1*03:01-DPB1*11:301",3370,57,202,259
"HLA-DPA1*03:01-DPB1*11:501",3370,31,158,189
"HLA-DPA1*03:01-DPB1*11:601",3370,36,140,176
"HLA-DPA1*03:01-DPB1*12:101",3370,48,169,217
"HLA-DPA1*03:01-DPB1*12:201",3370,25,102,127
"HLA-DPA1*03:01-DPB1*12:301",3370,31,158,189
"HLA-DPA1*03:01-DPB1*12:501",3370,42,203,245
"HLA-DPA1*03:01-DPB1*12:701",3370,30,160,190
"HLA-DPA1*03:01-DPB1*12:801",3370,48,169,217
"HLA-DPA1*03:01-DPB1*12:901",3370,48,189,237
"HLA-DPA1*03:01-DPB1*13:001",3370,23,113,136
"HLA-DPA1*03:01-DPB1*13:01",3370,71,222,293
"HLA-DPA1*03:01-DPB1*13:201",3370,11,104,115
"HLA-DPA1*03:01-DPB1*13:401",3370,48,169,217
"HLA-DPA1*03:01-DPB1*14:01",3370,15,116,131
"HLA-DPA1*03:01-DPB1*15:01",3370,3,46,49
"HLA-DPA1*03:01-DPB1*16:01",3370,20,109,129
"HLA-DPA1*03:01-DPB1*17:01",3370,27,168,195
"HLA-DPA1*03:01-DPB1*18:01",3370,10,59,69
"HLA-DPA1*03:01-DPB1*19:01",3370,28,124,152
"HLA-DPA1*03:01-DPB1*20:01",3370,23,113,136
"HLA-DPA1*03:01-DPB1*21:01",3370,62,214,276
"HLA-DPA1*03:01-DPB1*22:01",3370,28,142,170
"HLA-DPA1*03:01-DPB1*23:01",3370,48,169,217
"HLA-DPA1*03:01-DPB1*24:01",3370,50,180,230
"HLA-DPA1*03:01-DPB1*25:01",3370,16,101,117
"HLA-DPA1*03:01-DPB1*26:01",3370,42,203,245
"HLA-DPA1*03:01-DPB1*27:01",3370,77,210,287
"HLA-DPA1*03:01-DPB1*28:01",3370,7,32,39
"HLA-DPA1*03:01-DPB1*29:01",3370,9,129,138
"HLA-DPA1*03:01-DPB1*30:01",3370,62,214,276
"HLA-DPA1*03:01-DPB1*31:01",3370,41,153,194
"HLA-DPA1*03:01-DPB1*33:01",3370,43,217,260
"HLA-DPA1*03:01-DPB1*34:01",3370,9,64,73
"HLA-DPA1*03:01-DPB1*35:01",3370,11,104,115
"HLA-DPA1*03:01-DPB1*36:01",3370,42,189,231
"HLA-DPA1*03:01-DPB1*37:01",3370,14,147,161
"HLA-DPA1*03:01-DPB1*38:01",3370,30,127,157
"HLA-DPA1*03:01-DPB1*39:01",3370,48,169,217
"HLA-DPA1*03:01-DPB1*40:01",3370,7,62,69
"HLA-DPA1*03:01-DPB1*41:01",3370,26,148,174
"HLA-DPA1*03:01-DPB1*45:01",3370,16,101,117
"HLA-DPA1*03:01-DPB1*46:01",3370,31,158,189
"HLA-DPA1*03:01-DPB1*47:01",3370,42,189,231
"HLA-DPA1*03:01-DPB1*48:01",3370,31,158,189
"HLA-DPA1*03:01-DPB1*49:01",3370,36,140,176
"HLA-DPA1*03:01-DPB1*50:01",3370,17,90,107
"HLA-DPA1*03:01-DPB1*51:01",3370,36,140,176
"HLA-DPA1*03:01-DPB1*52:01",3370,33,175,208
"HLA-DPA1*03:01-DPB1*53:01",3370,7,44,51
"HLA-DPA1*03:01-DPB1*54:01",3370,39,209,248
"HLA-DPA1*03:01-DPB1*55:01",3370,89,234,323
"HLA-DPA1*03:01-DPB1*56:01",3370,33,175,208
"HLA-DPA1*03:01-DPB1*59:01",3370,26,129,155
"HLA-DPA1*03:01-DPB1*60:01",3370,22,118,140
"HLA-DPA1*03:01-DPB1*63:01",3370,41,142,183
"HLA-DPA1*03:01-DPB1*65:01",3370,24,116,140
"HLA-DPA1*03:01-DPB1*66:01",3370,97,223,320
"HLA-DPA1*03:01-DPB1*67:01",3370,33,175,208
"HLA-DPA1*03:01-DPB1*68:01",3370,15,48,63
"HLA-DPA1*03:01-DPB1*69:01",3370,9,94,103
"HLA-DPA1*03:01-DPB1*70:01",3370,16,101,117
"HLA-DPA1*03:01-DPB1*71:01",3370,43,217,260
"HLA-DPA1*03:01-DPB1*72:01",3370,42,137,179
"HLA-DPA1*03:01-DPB1*74:01",3370,7,87,94
"HLA-DPA1*03:01-DPB1*75:01",3370,29,119,148
"HLA-DPA1*03:01-DPB1*76:01",3370,16,101,117
"HLA-DPA1*03:01-DPB1*77:01",3370,36,140,176
"HLA-DPA1*03:01-DPB1*78:01",3370,16,101,117
"HLA-DPA1*03:01-DPB1*79:01",3370,11,104,115
"HLA-DPA1*03:01-DPB1*80:01",3370,36,140,176
"HLA-DPA1*03:01-DPB1*81:01",3370,31,158,189
"HLA-DPA1*03:01-DPB1*82:01",3370,36,140,176
"HLA-DPA1*03:01-DPB1*83:01",3370,23,142,165
"HLA-DPA1*03:01-DPB1*85:01",3370,77,210,287
"HLA-DPA1*03:01-DPB1*86:01",3370,57,202,259
"HLA-DPA1*03:01-DPB1*87:01",3370,51,201,252
"HLA-DPA1*03:01-DPB1*88:01",3370,14,147,161
"HLA-DPA1*03:01-DPB1*89:01",3370,61,181,242
"HLA-DPA1*03:01-DPB1*90:01",3370,60,146,206
"HLA-DPA1*03:01-DPB1*91:01",3370,23,113,136
"HLA-DPA1*03:01-DPB1*92:01",3370,16,101,117
"HLA-DPA1*03:01-DPB1*93:01",3370,27,168,195
"HLA-DPA1*03:01-DPB1*95:01",3370,51,191,242
"HLA-DPA1*03:01-DPB1*96:01",3370,48,169,217
"HLA-DPA1*03:01-DPB1*98:01",3370,19,114,133
"HLA-DPA1*03:01-DPB1*99:01",3370,39,175,214
"HLA-DPA1*04:01-DPB1*01:01",3370,27,102,129
"HLA-DPA1*04:01-DPB1*02:01",3370,33,144,177
"HLA-DPA1*04:01-DPB1*02:02",3370,48,174,222
"HLA-DPA1*04:01-DPB1*03:01",3370,30,89,119
"HLA-DPA1*04:01-DPB1*04:01",3370,42,163,205
"HLA-DPA1*04:01-DPB1*04:02",3370,28,120,148
"HLA-DPA1*04:01-DPB1*05:01",3370,21,59,80
"HLA-DPA1*04:01-DPB1*06:01",3370,23,119,142
"HLA-DPA1*04:01-DPB1*08:01",3370,9,67,76
"HLA-DPA1*04:01-DPB1*09:01",3370,26,106,132
"HLA-DPA1*04:01-DPB1*10:001",3370,44,149,193
"HLA-DPA1*04:01-DPB1*10:01",3370,14,83,97
"HLA-DPA1*04:01-DPB1*10:201",3370,24,103,127
"HLA-DPA1*04:01-DPB1*10:301",3370,41,151,192
"HLA-DPA1*04:01-DPB1*10:801",3370,23,124,147
"HLA-DPA1*04:01-DPB1*10:901",3370,30,171,201
"HLA-DPA1*04:01-DPB1*11:001",3370,37,191,228
"HLA-DPA1*04:01-DPB1*11:01",3370,23,148,171
"HLA-DPA1*04:01-DPB1*11:201",3370,42,163,205
"HLA-DPA1*04:01-DPB1*11:301",3370,30,171,201
"HLA-DPA1*04:01-DPB1*11:501",3370,33,144,177
"HLA-DPA1*04:01-DPB1*11:601",3370,28,120,148
"HLA-DPA1*04:01-DPB1*12:101",3370,42,163,205
"HLA-DPA1*04:01-DPB1*12:201",3370,11,88,99
"HLA-DPA1*04:01-DPB1*12:301",3370,33,144,177
"HLA-DPA1*04:01-DPB1*12:501",3370,23,131,154
"HLA-DPA1*04:01-DPB1*12:701",3370,20,117,137
"HLA-DPA1*04:01-DPB1*12:801",3370,42,163,205
"HLA-DPA1*04:01-DPB1*12:901",3370,32,118,150
"HLA-DPA1*04:01-DPB1*13:001",3370,34,102,136
"HLA-DPA1*04:01-DPB1*13:01",3370,37,191,228
"HLA-DPA1*04:01-DPB1*13:201",3370,18,86,104
"HLA-DPA1*04:01-DPB1*13:401",3370,42,163,205
"HLA-DPA1*04:01-DPB1*14:01",3370,36,100,136
"HLA-DPA1*04:01-DPB1*15:01",3370,6,44,50
"HLA-DPA1*04:01-DPB1*16:01",3370,19,94,113
"HLA-DPA1*04:01-DPB1*17:01",3370,19,107,126
"HLA-DPA1*04:01-DPB1*18:01",3370,11,62,73
"HLA-DPA1*04:01-DPB1*19:01",3370,17,107,124
"HLA-DPA1*04:01-DPB1*20:01",3370,34,102,136
"HLA-DPA1*04:01-DPB1*21:01",3370,32,164,196
"HLA-DPA1*04:01-DPB1*22:01",3370,31,115,146
"HLA-DPA1*04:01-DPB1*23:01",3370,42,163,205
"HLA-DPA1*04:01-DPB1*24:01",3370,44,149,193
"HLA-DPA1*04:01-DPB1*25:01",3370,30,89,119
"HLA-DPA1*04:01-DPB1*26:01",3370,23,131,154
"HLA-DPA1*04:01-DPB1*27:01",3370,44,169,213
"HLA-DPA1*04:01-DPB1*28:01",3370,5,64,69
"HLA-DPA1*04:01-DPB1*29:01",3370,22,97,119
"HLA-DPA1*04:01-DPB1*30:01",3370,32,164,196
"HLA-DPA1*04:01-DPB1*31:01",3370,35,136,171
"HLA-DPA1*04:01-DPB1*33:01",3370,47,173,220
"HLA-DPA1*04:01-DPB1*34:01",3370,14,85,99
"HLA-DPA1*04:01-DPB1*35:01",3370,18,86,104
"HLA-DPA1*04:01-DPB1*36:01",3370,40,113,153
"HLA-DPA1*04:01-DPB1*37:01",3370,14,83,97
"HLA-DPA1*04:01-DPB1*38:01",3370,21,59,80
"HLA-DPA1*04:01-DPB1*39:01",3370,42,163,205
"HLA-DPA1*04:01-DPB1*40:01",3370,10,63,73
"HLA-DPA1*04:01-DPB1*41:01",3370,28,128,156
"HLA-DPA1*04:01-DPB1*45:01",3370,30,89,119
"HLA-DPA1*04:01-DPB1*46:01",3370,33,144,177
"HLA-DPA1*04:01-DPB1*47:01",3370,48,174,222
"HLA-DPA1*04:01-DPB1*48:01",3370,33,144,177
"HLA-DPA1*04:01-DPB1*49:01",3370,28,120,148
"HLA-DPA1*04:01-DPB1*50:01",3370,18,95,113
"HLA-DPA1*04:01-DPB1*51:01",3370,28,120,148
"HLA-DPA1*04:01-DPB1*52:01",3370,34,135,169
"HLA-DPA1*04:01-DPB1*53:01",3370,8,61,69
"HLA-DPA1*04:01-DPB1*54:01",3370,19,115,134
"HLA-DPA1*04:01-DPB1*55:01",3370,61,214,275
"HLA-DPA1*04:01-DPB1*56:01",3370,34,135,169
"HLA-DPA1*04:01-DPB1*59:01",3370,23,124,147
"HLA-DPA1*04:01-DPB1*60:01",3370,20,106,126
"HLA-DPA1*04:01-DPB1*63:01",3370,25,111,136
"HLA-DPA1*04:01-DPB1*65:01",3370,16,68,84
"HLA-DPA1*04:01-DPB1*66:01",3370,61,225,286
"HLA-DPA1*04:01-DPB1*67:01",3370,34,135,169
"HLA-DPA1*04:01-DPB1*68:01",3370,8,61,69
"HLA-DPA1*04:01-DPB1*69:01",3370,21,98,119
"HLA-DPA1*04:01-DPB1*70:01",3370,30,89,119
"HLA-DPA1*04:01-DPB1*71:01",3370,47,173,220
"HLA-DPA1*04:01-DPB1*72:01",3370,34,148,182
"HLA-DPA1*04:01-DPB1*74:01",3370,7,80,87
"HLA-DPA1*04:01-DPB1*75:01",3370,15,100,115
"HLA-DPA1*04:01-DPB1*76:01",3370,30,89,119
"HLA-DPA1*04:01-DPB1*77:01",3370,28,120,148
"HLA-DPA1*04:01-DPB1*78:01",3370,30,89,119
"HLA-DPA1*04:01-DPB1*79:01",3370,18,86,104
"HLA-DPA1*04:01-DPB1*80:01",3370,28,120,148
"HLA-DPA1*04:01-DPB1*81:01",3370,33,144,177
"HLA-DPA1*04:01-DPB1*82:01",3370,28,120,148
"HLA-DPA1*04:01-DPB1*83:01",3370,21,128,149
"HLA-DPA1*04:01-DPB1*85:01",3370,44,169,213
"HLA-DPA1*04:01-DPB1*86:01",3370,30,171,201
"HLA-DPA1*04:01-DPB1*87:01",3370,47,166,213
"HLA-DPA1*04:01-DPB1*88:01",3370,14,83,97
"HLA-DPA1*04:01-DPB1*89:01",3370,48,163,211
"HLA-DPA1*04:01-DPB1*90:01",3370,27,102,129
"HLA-DPA1*04:01-DPB1*91:01",3370,34,102,136
"HLA-DPA1*04:01-DPB1*92:01",3370,30,89,119
"HLA-DPA1*04:01-DPB1*93:01",3370,19,107,126
"HLA-DPA1*04:01-DPB1*95:01",3370,48,145,193
"HLA-DPA1*04:01-DPB1*96:01",3370,42,163,205
"HLA-DPA1*04:01-DPB1*98:01",3370,26,101,127
"HLA-DPA1*04:01-DPB1*99:01",3370,29,152,181
"HLA-DQA1*01:01-DQB1*02:01",3370,10,83,93
"HLA-DQA1*01:01-DQB1*02:03",3370,15,136,151
"HLA-DQA1*01:01-DQB1*02:05",3370,92,261,353
"HLA-DQA1*01:01-DQB1*03:01",3370,114,263,377
"HLA-DQA1*01:01-DQB1*03:02",3370,14,88,102
"HLA-DQA1*01:01-DQB1*03:03",3370,58,153,211
"HLA-DQA1*01:01-DQB1*03:04",3370,83,173,256
"HLA-DQA1*01:01-DQB1*03:05",3370,31,154,185
"HLA-DQA1*01:01-DQB1*03:06",3370,546,561,1107
"HLA-DQA1*01:01-DQB1*03:08",3370,51,194,245
"HLA-DQA1*01:01-DQB1*03:10",3370,114,263,377
"HLA-DQA1*01:01-DQB1*03:11",3370,14,88,102
"HLA-DQA1*01:01-DQB1*03:12",3370,103,236,339
"HLA-DQA1*01:01-DQB1*03:13",3370,115,294,409
"HLA-DQA1*01:01-DQB1*03:14",3370,83,173,256
"HLA-DQA1*01:01-DQB1*03:16",3370,114,263,377
"HLA-DQA1*01:01-DQB1*03:17",3370,75,185,260
"HLA-DQA1*01:01-DQB1*03:18",3370,14,88,102
"HLA-DQA1*01:01-DQB1*03:20",3370,58,153,211
"HLA-DQA1*01:01-DQB1*03:25",3370,546,561,1107
"HLA-DQA1*01:01-DQB1*03:26",3370,58,153,211
"HLA-DQA1*01:01-DQB1*03:30",3370,43,105,148
"HLA-DQA1*01:01-DQB1*03:36",3370,114,263,377
"HLA-DQA1*01:01-DQB1*03:37",3370,14,88,102
"HLA-DQA1*01:01-DQB1*04:01",3370,339,496,835
"HLA-DQA1*01:01-DQB1*04:02",3370,339,496,835
"HLA-DQA1*01:01-DQB1*04:03",3370,370,499,869
"HLA-DQA1*01:01-DQB1*04:04",3370,492,515,1007
"HLA-DQA1*01:01-DQB1*05:01",3370,45,152,197
"HLA-DQA1*01:01-DQB1*05:02",3370,48,184,232
"HLA-DQA1*01:01-DQB1*05:03",3370,43,165,208
"HLA-DQA1*01:01-DQB1*05:05",3370,48,184,232
"HLA-DQA1*01:01-DQB1*05:06",3370,43,165,208
"HLA-DQA1*01:01-DQB1*05:09",3370,43,165,208
"HLA-DQA1*01:01-DQB1*05:11",3370,45,152,197
"HLA-DQA1*01:01-DQB1*05:12",3370,55,155,210
"HLA-DQA1*01:01-DQB1*06:01",3370,9,56,65
"HLA-DQA1*01:01-DQB1*06:02",3370,34,113,147
"HLA-DQA1*01:01-DQB1*06:03",3370,197,343,540
"HLA-DQA1*01:01-DQB1*06:04",3370,94,332,426
"HLA-DQA1*01:01-DQB1*06:07",3370,49,194,243
"HLA-DQA1*01:01-DQB1*06:08",3370,265,431,696
"HLA-DQA1*01:01-DQB1*06:09",3370,32,156,188
"HLA-DQA1*01:01-DQB1*06:10",3370,49,206,255
"HLA-DQA1*01:01-DQB1*06:11",3370,59,182,241
"HLA-DQA1*01:01-DQB1*06:12",3370,96,264,360
"HLA-DQA1*01:01-DQB1*06:14",3370,174,373,547
"HLA-DQA1*01:01-DQB1*06:15",3370,10,49,59
"HLA-DQA1*01:01-DQB1*06:16",3370,34,113,147
"HLA-DQA1*01:01-DQB1*06:18",3370,30,132,162
"HLA-DQA1*01:01-DQB1*06:21",3370,184,394,578
"HLA-DQA1*01:01-DQB1*06:22",3370,23,114,137
"HLA-DQA1*01:01-DQB1*06:23",3370,75,172,247
"HLA-DQA1*01:01-DQB1*06:27",3370,123,388,511
"HLA-DQA1*01:01-DQB1*06:28",3370,197,343,540
"HLA-DQA1*01:01-DQB1*06:29",3370,40,196,236
"HLA-DQA1*01:01-DQB1*06:31",3370,197,343,540
"HLA-DQA1*01:01-DQB1*06:32",3370,71,259,330
"HLA-DQA1*01:01-DQB1*06:33",3370,30,116,146
"HLA-DQA1*01:01-DQB1*06:40",3370,197,343,540
"HLA-DQA1*01:02-DQB1*02:01",3370,6,50,56
"HLA-DQA1*01:02-DQB1*02:03",3370,18,72,90
"HLA-DQA1*01:02-DQB1*02:05",3370,67,263,330
"HLA-DQA1*01:02-DQB1*03:01",3370,66,212,278
"HLA-DQA1*01:02-DQB1*03:02",3370,21,76,97
"HLA-DQA1*01:02-DQB1*03:03",3370,51,111,162
"HLA-DQA1*01:02-DQB1*03:04",3370,59,162,221
"HLA-DQA1*01:02-DQB1*03:05",3370,16,108,124
"HLA-DQA1*01:02-DQB1*03:06",3370,381,512,893
"HLA-DQA1*01:02-DQB1*03:08",3370,61,174,235
"HLA-DQA1*01:02-DQB1*03:10",3370,66,212,278
"HLA-DQA1*01:02-DQB1*03:11",3370,21,76,97
"HLA-DQA1*01:02-DQB1*03:12",3370,62,155,217
"HLA-DQA1*01:02-DQB1*03:13",3370,69,211,280
"HLA-DQA1*01:02-DQB1*03:14",3370,59,162,221
"HLA-DQA1*01:02-DQB1*03:16",3370,66,212,278
"HLA-DQA1*01:02-DQB1*03:17",3370,46,112,158
"HLA-DQA1*01:02-DQB1*03:18",3370,21,76,97
"HLA-DQA1*01:02-DQB1*03:20",3370,51,111,162
"HLA-DQA1*01:02-DQB1*03:25",3370,381,512,893
"HLA-DQA1*01:02-DQB1*03:26",3370,51,111,162
"HLA-DQA1*01:02-DQB1*03:30",3370,26,66,92
"HLA-DQA1*01:02-DQB1*03:36",3370,66,212,278
"HLA-DQA1*01:02-DQB1*03:37",3370,21,76,97
"HLA-DQA1*01:02-DQB1*04:01",3370,174,335,509
"HLA-DQA1*01:02-DQB1*04:02",3370,174,335,509
"HLA-DQA1*01:02-DQB1*04:03",3370,229,427,656
"HLA-DQA1*01:02-DQB1*04:04",3370,313,482,795
"HLA-DQA1*01:02-DQB1*05:01",3370,47,139,186
"HLA-DQA1*01:02-DQB1*05:02",3370,34,160,194
"HLA-DQA1*01:02-DQB1*05:03",3370,30,105,135
"HLA-DQA1*01:02-DQB1*05:05",3370,34,160,194
"HLA-DQA1*01:02-DQB1*05:06",3370,30,105,135
"HLA-DQA1*01:02-DQB1*05:09",3370,30,105,135
"HLA-DQA1*01:02-DQB1*05:11",3370,47,139,186
"HLA-DQA1*01:02-DQB1*05:12",3370,53,154,207
"HLA-DQA1*01:02-DQB1*06:01",3370,17,48,65
"HLA-DQA1*01:02-DQB1*06:02",3370,40,112,152
"HLA-DQA1*01:02-DQB1*06:03",3370,221,395,616
"HLA-DQA1*01:02-DQB1*06:04",3370,32,206,238
"HLA-DQA1*01:02-DQB1*06:07",3370,24,129,153
"HLA-DQA1*01:02-DQB1*06:08",3370,391,466,857
"HLA-DQA1*01:02-DQB1*06:09",3370,13,69,82
"HLA-DQA1*01:02-DQB1*06:10",3370,57,187,244
"HLA-DQA1*01:02-DQB1*06:11",3370,61,154,215
"HLA-DQA1*01:02-DQB1*06:12",3370,62,201,263
"HLA-DQA1*01:02-DQB1*06:14",3370,150,352,502
"HLA-DQA1*01:02-DQB1*06:15",3370,9,56,65
"HLA-DQA1*01:02-DQB1*06:16",3370,40,112,152
"HLA-DQA1*01:02-DQB1*06:18",3370,15,100,115
"HLA-DQA1*01:02-DQB1*06:21",3370,180,368,548
"HLA-DQA1*01:02-DQB1*06:22",3370,10,53,63
"HLA-DQA1*01:02-DQB1*06:23",3370,40,148,188
"HLA-DQA1*01:02-DQB1*06:27",3370,78,284,362
"HLA-DQA1*01:02-DQB1*06:28",3370,221,395,616
"HLA-DQA1*01:02-DQB1*06:29",3370,46,138,184
"HLA-DQA1*01:02-DQB1*06:31",3370,221,395,616
"HLA-DQA1*01:02-DQB1*06:32",3370,61,191,252
"HLA-DQA1*01:02-DQB1*06:33",3370,38,109,147
"HLA-DQA1*01:02-DQB1*06:40",3370,221,395,616
"HLA-DQA1*01:03-DQB1*02:01",3370,0,7,7
"HLA-DQA1*01:03-DQB1*02:03",3370,0,4,4
"HLA-DQA1*01:03-DQB1*02:05",3370,0,33,33
"HLA-DQA1*01:03-DQB1*03:01",3370,6,27,33
"HLA-DQA1*01:03-DQB1*03:02",3370,0,9,9
"HLA-DQA1*01:03-DQB1*03:03",3370,0,17,17
"HLA-DQA1*01:03-DQB1*03:04",3370,5,27,32
"HLA-DQA1*01:03-DQB1*03:05",3370,0,6,6
"HLA-DQA1*01:03-DQB1*03:06",3370,16,44,60
"HLA-DQA1*01:03-DQB1*03:08",3370,8,50,58
"HLA-DQA1*01:03-DQB1*03:10",3370,6,27,33
"HLA-DQA1*01:03-DQB1*03:11",3370,0,9,9
"HLA-DQA1*01:03-DQB1*03:12",3370,4,25,29
"HLA-DQA1*01:03-DQB1*03:13",3370,5,34,39
"HLA-DQA1*01:03-DQB1*03:14",3370,5,27,32
"HLA-DQA1*01:03-DQB1*03:16",3370,6,27,33
"HLA-DQA1*01:03-DQB1*03:17",3370,0,19,19
"HLA-DQA1*01:03-DQB1*03:18",3370,0,9,9
"HLA-DQA1*01:03-DQB1*03:20",3370,0,17,17
"HLA-DQA1*01:03-DQB1*03:25",3370,16,44,60
"HLA-DQA1*01:03-DQB1*03:26",3370,0,17,17
"HLA-DQA1*01:03-DQB1*03:30",3370,0,5,5
"HLA-DQA1*01:03-DQB1*03:36",3370,6,27,33
"HLA-DQA1*01:03-DQB1*03:37",3370,0,9,9
"HLA-DQA1*01:03-DQB1*04:01",3370,0,22,22
"HLA-DQA1*01:03-DQB1*04:02",3370,0,22,22
"HLA-DQA1*01:03-DQB1*04:03",3370,3,28,31
"HLA-DQA1*01:03-DQB1*04:04",3370,7,39,46
"HLA-DQA1*01:03-DQB1*05:01",3370,20,99,119
"HLA-DQA1*01:03-DQB1*05:02",3370,23,74,97
"HLA-DQA1*01:03-DQB1*05:03",3370,15,53,68
"HLA-DQA1*01:03-DQB1*05:05",3370,23,74,97
"HLA-DQA1*01:03-DQB1*05:06",3370,15,53,68
"HLA-DQA1*01:03-DQB1*05:09",3370,15,53,68
"HLA-DQA1*01:03-DQB1*05:11",3370,20,99,119
"HLA-DQA1*01:03-DQB1*05:12",3370,24,114,138
"HLA-DQA1*01:03-DQB1*06:01",3370,3,17,20
"HLA-DQA1*01:03-DQB1*06:02",3370,10,36,46
"HLA-DQA1*01:03-DQB1*06:03",3370,51,145,196
"HLA-DQA1*01:03-DQB1*06:04",3370,11,46,57
"HLA-DQA1*01:03-DQB1*06:07",3370,0,18,18
"HLA-DQA1*01:03-DQB1*06:08",3370,169,330,499
"HLA-DQA1*01:03-DQB1*06:09",3370,0,13,13
"HLA-DQA1*01:03-DQB1*06:10",3370,6,23,29
"HLA-DQA1*01:03-DQB1*06:11",3370,9,52,61
"HLA-DQA1*01:03-DQB1*06:12",3370,12,58,70
"HLA-DQA1*01:03-DQB1*06:14",3370,36,111,147
"HLA-DQA1*01:03-DQB1*06:15",3370,1,10,11
"HLA-DQA1*01:03-DQB1*06:16",3370,10,36,46
"HLA-DQA1*01:03-DQB1*06:18",3370,4,13,17
"HLA-DQA1*01:03-DQB1*06:21",3370,81,210,291
"HLA-DQA1*01:03-DQB1*06:22",3370,0,8,8
"HLA-DQA1*01:03-DQB1*06:23",3370,7,26,33
"HLA-DQA1*01:03-DQB1*06:27",3370,19,112,131
"HLA-DQA1*01:03-DQB1*06:28",3370,51,145,196
"HLA-DQA1*01:03-DQB1*06:29",3370,7,36,43
"HLA-DQA1*01:03-DQB1*06:31",3370,51,145,196
"HLA-DQA1*01:03-DQB1*06:32",3370,7,25,32
"HLA-DQA1*01:03-DQB1*06:33",3370,8,34,42
"HLA-DQA1*01:03-DQB1*06:40",3370,51,145,196
"HLA-DQA1*01:04-DQB1*02:01",3370,10,83,93
"HLA-DQA1*01:04-DQB1*02:03",3370,15,136,151
"HLA-DQA1*01:04-DQB1*02:05",3370,92,261,353
"HLA-DQA1*01:04-DQB1*03:01",3370,114,263,377
"HLA-DQA1*01:04-DQB1*03:02",3370,14,88,102
"HLA-DQA1*01:04-DQB1*03:03",3370,58,153,211
"HLA-DQA1*01:04-DQB1*03:04",3370,83,173,256
"HLA-DQA1*01:04-DQB1*03:05",3370,31,154,185
"HLA-DQA1*01:04-DQB1*03:06",3370,546,561,1107
"HLA-DQA1*01:04-DQB1*03:08",3370,51,194,245
"HLA-DQA1*01:04-DQB1*03:10",3370,114,263,377
"HLA-DQA1*01:04-DQB1*03:11",3370,14,88,102
"HLA-DQA1*01:04-DQB1*03:12",3370,103,236,339
"HLA-DQA1*01:04-DQB1*03:13",3370,115,294,409
"HLA-DQA1*01:04-DQB1*03:14",3370,83,173,256
"HLA-DQA1*01:04-DQB1*03:16",3370,114,263,377
"HLA-DQA1*01:04-DQB1*03:17",3370,75,185,260
"HLA-DQA1*01:04-DQB1*03:18",3370,14,88,102
"HLA-DQA1*01:04-DQB1*03:20",3370,58,153,211
"HLA-DQA1*01:04-DQB1*03:25",3370,546,561,1107
"HLA-DQA1*01:04-DQB1*03:26",3370,58,153,211
"HLA-DQA1*01:04-DQB1*03:30",3370,43,105,148
"HLA-DQA1*01:04-DQB1*03:36",3370,114,263,377
"HLA-DQA1*01:04-DQB1*03:37",3370,14,88,102
"HLA-DQA1*01:04-DQB1*04:01",3370,339,496,835
"HLA-DQA1*01:04-DQB1*04:02",3370,339,496,835
"HLA-DQA1*01:04-DQB1*04:03",3370,370,499,869
"HLA-DQA1*01:04-DQB1*04:04",3370,492,515,1007
"HLA-DQA1*01:04-DQB1*05:01",3370,45,152,197
"HLA-DQA1*01:04-DQB1*05:02",3370,48,184,232
"HLA-DQA1*01:04-DQB1*05:03",3370,43,165,208
"HLA-DQA1*01:04-DQB1*05:05",3370,48,184,232
"HLA-DQA1*01:04-DQB1*05:06",3370,43,165,208
"HLA-DQA1*01:04-DQB1*05:09",3370,43,165,208
"HLA-DQA1*01:04-DQB1*05:11",3370,45,152,197
"HLA-DQA1*01:04-DQB1*05:12",3370,55,155,210
"HLA-DQA1*01:04-DQB1*06:01",3370,9,56,65
"HLA-DQA1*01:04-DQB1*06:02",3370,34,113,147
"HLA-DQA1*01:04-DQB1*06:03",3370,197,343,540
"HLA-DQA1*01:04-DQB1*06:04",3370,94,332,426
"HLA-DQA1*01:04-DQB1*06:07",3370,49,194,243
"HLA-DQA1*01:04-DQB1*06:08",3370,265,431,696
"HLA-DQA1*01:04-DQB1*06:09",3370,32,156,188
"HLA-DQA1*01:04-DQB1*06:10",3370,49,206,255
"HLA-DQA1*01:04-DQB1*06:11",3370,59,182,241
"HLA-DQA1*01:04-DQB1*06:12",3370,96,264,360
"HLA-DQA1*01:04-DQB1*06:14",3370,174,373,547
"HLA-DQA1*01:04-DQB1*06:15",3370,10,49,59
"HLA-DQA1*01:04-DQB1*06:16",3370,34,113,147
"HLA-DQA1*01:04-DQB1*06:18",3370,30,132,162
"HLA-DQA1*01:04-DQB1*06:21",3370,184,394,578
"HLA-DQA1*01:04-DQB1*06:22",3370,23,114,137
"HLA-DQA1*01:04-DQB1*06:23",3370,75,172,247
"HLA-DQA1*01:04-DQB1*06:27",3370,123,388,511
"HLA-DQA1*01:04-DQB1*06:28",3370,197,343,540
"HLA-DQA1*01:04-DQB1*06:29",3370,40,196,236
"HLA-DQA1*01:04-DQB1*06:31",3370,197,343,540
"HLA-DQA1*01:04-DQB1*06:32",3370,71,259,330
"HLA-DQA1*01:04-DQB1*06:33",3370,30,116,146
"HLA-DQA1*01:04-DQB1*06:40",3370,197,343,540
"HLA-DQA1*01:05-DQB1*02:01",3370,10,83,93
"HLA-DQA1*01:05-DQB1*02:03",3370,15,136,151
"HLA-DQA1*01:05-DQB1*02:05",3370,92,261,353
"HLA-DQA1*01:05-DQB1*03:01",3370,114,263,377
"HLA-DQA1*01:05-DQB1*03:02",3370,14,88,102
"HLA-DQA1*01:05-DQB1*03:03",3370,58,153,211
"HLA-DQA1*01:05-DQB1*03:04",3370,83,173,256
"HLA-DQA1*01:05-DQB1*03:05",3370,31,154,185
"HLA-DQA1*01:05-DQB1*03:06",3370,546,561,1107
"HLA-DQA1*01:05-DQB1*03:08",3370,51,194,245
"HLA-DQA1*01:05-DQB1*03:10",3370,114,263,377
"HLA-DQA1*01:05-DQB1*03:11",3370,14,88,102
"HLA-DQA1*01:05-DQB1*03:12",3370,103,236,339
"HLA-DQA1*01:05-DQB1*03:13",3370,115,294,409
"HLA-DQA1*01:05-DQB1*03:14",3370,83,173,256
"HLA-DQA1*01:05-DQB1*03:16",3370,114,263,377
"HLA-DQA1*01:05-DQB1*03:17",3370,75,185,260
"HLA-DQA1*01:05-DQB1*03:18",3370,14,88,102
"HLA-DQA1*01:05-DQB1*03:20",3370,58,153,211
"HLA-DQA1*01:05-DQB1*03:25",3370,546,561,1107
"HLA-DQA1*01:05-DQB1*03:26",3370,58,153,211
"HLA-DQA1*01:05-DQB1*03:30",3370,43,105,148
"HLA-DQA1*01:05-DQB1*03:36",3370,114,263,377
"HLA-DQA1*01:05-DQB1*03:37",3370,14,88,102
"HLA-DQA1*01:05-DQB1*04:01",3370,339,496,835
"HLA-DQA1*01:05-DQB1*04:02",3370,339,496,835
"HLA-DQA1*01:05-DQB1*04:03",3370,370,499,869
"HLA-DQA1*01:05-DQB1*04:04",3370,492,515,1007
"HLA-DQA1*01:05-DQB1*05:01",3370,45,152,197
"HLA-DQA1*01:05-DQB1*05:02",3370,48,184,232
"HLA-DQA1*01:05-DQB1*05:03",3370,43,165,208
"HLA-DQA1*01:05-DQB1*05:05",3370,48,184,232
"HLA-DQA1*01:05-DQB1*05:06",3370,43,165,208
"HLA-DQA1*01:05-DQB1*05:09",3370,43,165,208
"HLA-DQA1*01:05-DQB1*05:11",3370,45,152,197
"HLA-DQA1*01:05-DQB1*05:12",3370,55,155,210
"HLA-DQA1*01:05-DQB1*06:01",3370,9,56,65
"HLA-DQA1*01:05-DQB1*06:02",3370,34,113,147
"HLA-DQA1*01:05-DQB1*06:03",3370,197,343,540
"HLA-DQA1*01:05-DQB1*06:04",3370,94,332,426
"HLA-DQA1*01:05-DQB1*06:07",3370,49,194,243
"HLA-DQA1*01:05-DQB1*06:08",3370,265,431,696
"HLA-DQA1*01:05-DQB1*06:09",3370,32,156,188
"HLA-DQA1*01:05-DQB1*06:10",3370,49,206,255
"HLA-DQA1*01:05-DQB1*06:11",3370,59,182,241
"HLA-DQA1*01:05-DQB1*06:12",3370,96,264,360
"HLA-DQA1*01:05-DQB1*06:14",3370,174,373,547
"HLA-DQA1*01:05-DQB1*06:15",3370,10,49,59
"HLA-DQA1*01:05-DQB1*06:16",3370,34,113,147
"HLA-DQA1*01:05-DQB1*06:18",3370,30,132,162
"HLA-DQA1*01:05-DQB1*06:21",3370,184,394,578
"HLA-DQA1*01:05-DQB1*06:22",3370,23,114,137
"HLA-DQA1*01:05-DQB1*06:23",3370,75,172,247
"HLA-DQA1*01:05-DQB1*06:27",3370,123,388,511
"HLA-DQA1*01:05-DQB1*06:28",3370,197,343,540
"HLA-DQA1*01:05-DQB1*06:29",3370,40,196,236
"HLA-DQA1*01:05-DQB1*06:31",3370,197,343,540
"HLA-DQA1*01:05-DQB1*06:32",3370,71,259,330
"HLA-DQA1*01:05-DQB1*06:33",3370,30,116,146
"HLA-DQA1*01:05-DQB1*06:40",3370,197,343,540
"HLA-DQA1*02:01-DQB1*02:01",3370,34,174,208
"HLA-DQA1*02:01-DQB1*02:03",3370,43,171,214
"HLA-DQA1*02:01-DQB1*02:05",3370,167,393,560
"HLA-DQA1*02:01-DQB1*03:01",3370,29,122,151
"HLA-DQA1*02:01-DQB1*03:02",3370,56,181,237
"HLA-DQA1*02:01-DQB1*03:03",3370,44,124,168
"HLA-DQA1*02:01-DQB1*03:04",3370,38,125,163
"HLA-DQA1*02:01-DQB1*03:05",3370,32,141,173
"HLA-DQA1*02:01-DQB1*03:06",3370,211,411,622
"HLA-DQA1*02:01-DQB1*03:08",3370,118,270,388
"HLA-DQA1*02:01-DQB1*03:10",3370,29,122,151
"HLA-DQA1*02:01-DQB1*03:11",3370,56,181,237
"HLA-DQA1*02:01-DQB1*03:12",3370,50,145,195
"HLA-DQA1*02:01-DQB1*03:13",3370,41,120,161
"HLA-DQA1*02:01-DQB1*03:14",3370,38,125,163
"HLA-DQA1*02:01-DQB1*03:16",3370,29,122,151
"HLA-DQA1*02:01-DQB1*03:17",3370,42,88,130
"HLA-DQA1*02:01-DQB1*03:18",3370,56,181,237
"HLA-DQA1*02:01-DQB1*03:20",3370,44,124,168
"HLA-DQA1*02:01-DQB1*03:25",3370,211,411,622
"HLA-DQA1*02:01-DQB1*03:26",3370,44,124,168
"HLA-DQA1*02:01-DQB1*03:30",3370,27,89,116
"HLA-DQA1*02:01-DQB1*03:36",3370,29,122,151
"HLA-DQA1*02:01-DQB1*03:37",3370,56,181,237
"HLA-DQA1*02:01-DQB1*04:01",3370,72,169,241
"HLA-DQA1*02:01-DQB1*04:02",3370,72,169,241
"HLA-DQA1*02:01-DQB1*04:03",3370,124,282,406
"HLA-DQA1*02:01-DQB1*04:04",3370,118,249,367
"HLA-DQA1*02:01-DQB1*05:01",3370,26,138,164
"HLA-DQA1*02:01-DQB1*05:02",3370,5,91,96
"HLA-DQA1*02:01-DQB1*05:03",3370,11,83,94
"HLA-DQA1*02:01-DQB1*05:05",3370,5,91,96
"HLA-DQA1*02:01-DQB1*05:06",3370,11,83,94
"HLA-DQA1*02:01-DQB1*05:09",3370,11,83,94
"HLA-DQA1*02:01-DQB1*05:11",3370,26,138,164
"HLA-DQA1*02:01-DQB1*05:12",3370,45,156,201
"HLA-DQA1*02:01-DQB1*06:01",3370,14,60,74
"HLA-DQA1*02:01-DQB1*06:02",3370,16,66,82
"HLA-DQA1*02:01-DQB1*06:03",3370,83,255,338
"HLA-DQA1*02:01-DQB1*06:04",3370,27,128,155
"HLA-DQA1*02:01-DQB1*06:07",3370,16,84,100
"HLA-DQA1*02:01-DQB1*06:08",3370,174,373,547
"HLA-DQA1*02:01-DQB1*06:09",3370,5,38,43
"HLA-DQA1*02:01-DQB1*06:10",3370,13,53,66
"HLA-DQA1*02:01-DQB1*06:11",3370,29,72,101
"HLA-DQA1*02:01-DQB1*06:12",3370,21,117,138
"HLA-DQA1*02:01-DQB1*06:14",3370,76,220,296
"HLA-DQA1*02:01-DQB1*06:15",3370,3,29,32
"HLA-DQA1*02:01-DQB1*06:16",3370,16,66,82
"HLA-DQA1*02:01-DQB1*06:18",3370,8,47,55
"HLA-DQA1*02:01-DQB1*06:21",3370,104,268,372
"HLA-DQA1*02:01-DQB1*06:22",3370,3,25,28
"HLA-DQA1*02:01-DQB1*06:23",3370,17,88,105
"HLA-DQA1*02:01-DQB1*06:27",3370,55,182,237
"HLA-DQA1*02:01-DQB1*06:28",3370,83,255,338
"HLA-DQA1*02:01-DQB1*06:29",3370,10,61,71
"HLA-DQA1*02:01-DQB1*06:31",3370,83,255,338
"HLA-DQA1*02:01-DQB1*06:32",3370,36,94,130
"HLA-DQA1*02:01-DQB1*06:33",3370,19,64,83
"HLA-DQA1*02:01-DQB1*06:40",3370,83,255,338
"HLA-DQA1*03:01-DQB1*02:01",3370,32,135,167
"HLA-DQA1*03:01-DQB1*02:03",3370,36,181,217
"HLA-DQA1*03:01-DQB1*02:05",3370,145,328,473
"HLA-DQA1*03:01-DQB1*03:01",3370,33,103,136
"HLA-DQA1*03:01-DQB1*03:02",3370,29,130,159
"HLA-DQA1*03:01-DQB1*03:03",3370,49,135,184
"HLA-DQA1*03:01-DQB1*03:04",3370,36,104,140
"HLA-DQA1*03:01-DQB1*03:05",3370,11,92,103
"HLA-DQA1*03:01-DQB1*03:06",3370,297,486,783
"HLA-DQA1*03:01-DQB1*03:08",3370,49,175,224
"HLA-DQA1*03:01-DQB1*03:10",3370,33,103,136
"HLA-DQA1*03:01-DQB1*03:11",3370,29,130,159
"HLA-DQA1*03:01-DQB1*03:12",3370,56,148,204
"HLA-DQA1*03:01-DQB1*03:13",3370,33,114,147
"HLA-DQA1*03:01-DQB1*03:14",3370,36,104,140
"HLA-DQA1*03:01-DQB1*03:16",3370,33,103,136
"HLA-DQA1*03:01-DQB1*03:17",3370,23,96,119
"HLA-DQA1*03:01-DQB1*03:18",3370,29,130,159
"HLA-DQA1*03:01-DQB1*03:20",3370,49,135,184
"HLA-DQA1*03:01-DQB1*03:25",3370,297,486,783
"HLA-DQA1*03:01-DQB1*03:26",3370,49,135,184
"HLA-DQA1*03:01-DQB1*03:30",3370,31,94,125
"HLA-DQA1*03:01-DQB1*03:36",3370,33,103,136
"HLA-DQA1*03:01-DQB1*03:37",3370,29,130,159
"HLA-DQA1*03:01-DQB1*04:01",3370,90,189,279
"HLA-DQA1*03:01-DQB1*04:02",3370,90,189,279
"HLA-DQA1*03:01-DQB1*04:03",3370,167,343,510
"HLA-DQA1*03:01-DQB1*04:04",3370,133,249,382
"HLA-DQA1*03:01-DQB1*05:01",3370,0,60,60
"HLA-DQA1*03:01-DQB1*05:02",3370,8,65,73
"HLA-DQA1*03:01-DQB1*05:03",3370,6,35,41
"HLA-DQA1*03:01-DQB1*05:05",3370,8,65,73
"HLA-DQA1*03:01-DQB1*05:06",3370,6,35,41
"HLA-DQA1*03:01-DQB1*05:09",3370,6,35,41
"HLA-DQA1*03:01-DQB1*05:11",3370,0,60,60
"HLA-DQA1*03:01-DQB1*05:12",3370,3,92,95
"HLA-DQA1*03:01-DQB1*06:01",3370,4,38,42
"HLA-DQA1*03:01-DQB1*06:02",3370,5,55,60
"HLA-DQA1*03:01-DQB1*06:03",3370,63,225,288
"HLA-DQA1*03:01-DQB1*06:04",3370,12,82,94
"HLA-DQA1*03:01-DQB1*06:07",3370,5,64,69
"HLA-DQA1*03:01-DQB1*06:08",3370,122,337,459
"HLA-DQA1*03:01-DQB1*06:09",3370,1,33,34
"HLA-DQA1*03:01-DQB1*06:10",3370,8,41,49
"HLA-DQA1*03:01-DQB1*06:11",3370,19,77,96
"HLA-DQA1*03:01-DQB1*06:12",3370,9,95,104
"HLA-DQA1*03:01-DQB1*06:14",3370,64,247,311
"HLA-DQA1*03:01-DQB1*06:15",3370,4,15,19
"HLA-DQA1*03:01-DQB1*06:16",3370,5,55,60
"HLA-DQA1*03:01-DQB1*06:18",3370,3,49,52
"HLA-DQA1*03:01-DQB1*06:21",3370,49,215,264
"HLA-DQA1*03:01-DQB1*06:22",3370,1,26,27
"HLA-DQA1*03:01-DQB1*06:23",3370,10,62,72
"HLA-DQA1*03:01-DQB1*06:27",3370,38,152,190
"HLA-DQA1*03:01-DQB1*06:28",3370,63,225,288
"HLA-DQA1*03:01-DQB1*06:29",3370,8,49,57
"HLA-DQA1*03:01-DQB1*06:31",3370,63,225,288
"HLA-DQA1*03:01-DQB1*06:32",3370,18,105,123
"HLA-DQA1*03:01-DQB1*06:33",3370,7,53,60
"HLA-DQA1*03:01-DQB1*06:40",3370,63,225,288
"HLA-DQA1*03:02-DQB1*02:01",3370,32,135,167
"HLA-DQA1*03:02-DQB1*02:03",3370,36,181,217
"HLA-DQA1*03:02-DQB1*02:05",3370,145,328,473
"HLA-DQA1*03:02-DQB1*03:01",3370,33,103,136
"HLA-DQA1*03:02-DQB1*03:02",3370,29,130,159
"HLA-DQA1*03:02-DQB1*03:03",3370,49,135,184
"HLA-DQA1*03:02-DQB1*03:04",3370,36,104,140
"HLA-DQA1*03:02-DQB1*03:05",3370,11,92,103
"HLA-DQA1*03:02-DQB1*03:06",3370,297,486,783
"HLA-DQA1*03:02-DQB1*03:08",3370,49,175,224
"HLA-DQA1*03:02-DQB1*03:10",3370,33,103,136
"HLA-DQA1*03:02-DQB1*03:11",3370,29,130,159
"HLA-DQA1*03:02-DQB1*03:12",3370,56,148,204
"HLA-DQA1*03:02-DQB1*03:13",3370,33,114,147
"HLA-DQA1*03:02-DQB1*03:14",3370,36,104,140
"HLA-DQA1*03:02-DQB1*03:16",3370,33,103,136
"HLA-DQA1*03:02-DQB1*03:17",3370,23,96,119
"HLA-DQA1*03:02-DQB1*03:18",3370,29,130,159
"HLA-DQA1*03:02-DQB1*03:20",3370,49,135,184
"HLA-DQA1*03:02-DQB1*03:25",3370,297,486,783
"HLA-DQA1*03:02-DQB1*03:26",3370,49,135,184
"HLA-DQA1*03:02-DQB1*03:30",3370,31,94,125
"HLA-DQA1*03:02-DQB1*03:36",3370,33,103,136
"HLA-DQA1*03:02-DQB1*03:37",3370,29,130,159
"HLA-DQA1*03:02-DQB1*04:01",3370,90,189,279
"HLA-DQA1*03:02-DQB1*04:02",3370,90,189,279
"HLA-DQA1*03:02-DQB1*04:03",3370,167,343,510
"HLA-DQA1*03:02-DQB1*04:04",3370,133,249,382
"HLA-DQA1*03:02-DQB1*05:01",3370,0,60,60
"HLA-DQA1*03:02-DQB1*05:02",3370,8,65,73
"HLA-DQA1*03:02-DQB1*05:03",3370,6,35,41
"HLA-DQA1*03:02-DQB1*05:05",3370,8,65,73
"HLA-DQA1*03:02-DQB1*05:06",3370,6,35,41
"HLA-DQA1*03:02-DQB1*05:09",3370,6,35,41
"HLA-DQA1*03:02-DQB1*05:11",3370,0,60,60
"HLA-DQA1*03:02-DQB1*05:12",3370,3,92,95
"HLA-DQA1*03:02-DQB1*06:01",3370,4,38,42
"HLA-DQA1*03:02-DQB1*06:02",3370,5,55,60
"HLA-DQA1*03:02-DQB1*06:03",3370,63,225,288
"HLA-DQA1*03:02-DQB1*06:04",3370,12,82,94
"HLA-DQA1*03:02-DQB1*06:07",3370,5,64,69
"HLA-DQA1*03:02-DQB1*06:08",3370,122,337,459
"HLA-DQA1*03:02-DQB1*06:09",3370,1,33,34
"HLA-DQA1*03:02-DQB1*06:10",3370,8,41,49
"HLA-DQA1*03:02-DQB1*06:11",3370,19,77,96
"HLA-DQA1*03:02-DQB1*06:12",3370,9,95,104
"HLA-DQA1*03:02-DQB1*06:14",3370,64,247,311
"HLA-DQA1*03:02-DQB1*06:15",3370,4,15,19
"HLA-DQA1*03:02-DQB1*06:16",3370,5,55,60
"HLA-DQA1*03:02-DQB1*06:18",3370,3,49,52
"HLA-DQA1*03:02-DQB1*06:21",3370,49,215,264
"HLA-DQA1*03:02-DQB1*06:22",3370,1,26,27
"HLA-DQA1*03:02-DQB1*06:23",3370,10,62,72
"HLA-DQA1*03:02-DQB1*06:27",3370,38,152,190
"HLA-DQA1*03:02-DQB1*06:28",3370,63,225,288
"HLA-DQA1*03:02-DQB1*06:29",3370,8,49,57
"HLA-DQA1*03:02-DQB1*06:31",3370,63,225,288
"HLA-DQA1*03:02-DQB1*06:32",3370,18,105,123
"HLA-DQA1*03:02-DQB1*06:33",3370,7,53,60
"HLA-DQA1*03:02-DQB1*06:40",3370,63,225,288
"HLA-DQA1*03:03-DQB1*02:01",3370,32,135,167
"HLA-DQA1*03:03-DQB1*02:03",3370,36,181,217
"HLA-DQA1*03:03-DQB1*02:05",3370,145,328,473
"HLA-DQA1*03:03-DQB1*03:01",3370,33,103,136
"HLA-DQA1*03:03-DQB1*03:02",3370,29,130,159
"HLA-DQA1*03:03-DQB1*03:03",3370,49,135,184
"HLA-DQA1*03:03-DQB1*03:04",3370,36,104,140
"HLA-DQA1*03:03-DQB1*03:05",3370,11,92,103
"HLA-DQA1*03:03-DQB1*03:06",3370,297,486,783
"HLA-DQA1*03:03-DQB1*03:08",3370,49,175,224
"HLA-DQA1*03:03-DQB1*03:10",3370,33,103,136
"HLA-DQA1*03:03-DQB1*03:11",3370,29,130,159
"HLA-DQA1*03:03-DQB1*03:12",3370,56,148,204
"HLA-DQA1*03:03-DQB1*03:13",3370,33,114,147
"HLA-DQA1*03:03-DQB1*03:14",3370,36,104,140
"HLA-DQA1*03:03-DQB1*03:16",3370,33,103,136
"HLA-DQA1*03:03-DQB1*03:17",3370,23,96,119
"HLA-DQA1*03:03-DQB1*03:18",3370,29,130,159
"HLA-DQA1*03:03-DQB1*03:20",3370,49,135,184
"HLA-DQA1*03:03-DQB1*03:25",3370,297,486,783
"HLA-DQA1*03:03-DQB1*03:26",3370,49,135,184
"HLA-DQA1*03:03-DQB1*03:30",3370,31,94,125
"HLA-DQA1*03:03-DQB1*03:36",3370,33,103,136
"HLA-DQA1*03:03-DQB1*03:37",3370,29,130,159
"HLA-DQA1*03:03-DQB1*04:01",3370,90,189,279
"HLA-DQA1*03:03-DQB1*04:02",3370,90,189,279
"HLA-DQA1*03:03-DQB1*04:03",3370,167,343,510
"HLA-DQA1*03:03-DQB1*04:04",3370,133,249,382
"HLA-DQA1*03:03-DQB1*05:01",3370,0,60,60
"HLA-DQA1*03:03-DQB1*05:02",3370,8,65,73
"HLA-DQA1*03:03-DQB1*05:03",3370,6,35,41
"HLA-DQA1*03:03-DQB1*05:05",3370,8,65,73
"HLA-DQA1*03:03-DQB1*05:06",3370,6,35,41
"HLA-DQA1*03:03-DQB1*05:09",3370,6,35,41
"HLA-DQA1*03:03-DQB1*05:11",3370,0,60,60
"HLA-DQA1*03:03-DQB1*05:12",3370,3,92,95
"HLA-DQA1*03:03-DQB1*06:01",3370,4,38,42
"HLA-DQA1*03:03-DQB1*06:02",3370,5,55,60
"HLA-DQA1*03:03-DQB1*06:03",3370,63,225,288
"HLA-DQA1*03:03-DQB1*06:04",3370,12,82,94
"HLA-DQA1*03:03-DQB1*06:07",3370,5,64,69
"HLA-DQA1*03:03-DQB1*06:08",3370,122,337,459
"HLA-DQA1*03:03-DQB1*06:09",3370,1,33,34
"HLA-DQA1*03:03-DQB1*06:10",3370,8,41,49
"HLA-DQA1*03:03-DQB1*06:11",3370,19,77,96
"HLA-DQA1*03:03-DQB1*06:12",3370,9,95,104
"HLA-DQA1*03:03-DQB1*06:14",3370,64,247,311
"HLA-DQA1*03:03-DQB1*06:15",3370,4,15,19
"HLA-DQA1*03:03-DQB1*06:16",3370,5,55,60
"HLA-DQA1*03:03-DQB1*06:18",3370,3,49,52
"HLA-DQA1*03:03-DQB1*06:21",3370,49,215,264
"HLA-DQA1*03:03-DQB1*06:22",3370,1,26,27
"HLA-DQA1*03:03-DQB1*06:23",3370,10,62,72
"HLA-DQA1*03:03-DQB1*06:27",3370,38,152,190
"HLA-DQA1*03:03-DQB1*06:28",3370,63,225,288
"HLA-DQA1*03:03-DQB1*06:29",3370,8,49,57
"HLA-DQA1*03:03-DQB1*06:31",3370,63,225,288
"HLA-DQA1*03:03-DQB1*06:32",3370,18,105,123
"HLA-DQA1*03:03-DQB1*06:33",3370,7,53,60
"HLA-DQA1*03:03-DQB1*06:40",3370,63,225,288
"HLA-DQA1*04:01-DQB1*02:01",3370,576,522,1098
"HLA-DQA1*04:01-DQB1*02:03",3370,482,653,1135
"HLA-DQA1*04:01-DQB1*02:05",3370,949,680,1629
"HLA-DQA1*04:01-DQB1*03:01",3370,265,403,668
"HLA-DQA1*04:01-DQB1*03:02",3370,345,648,993
"HLA-DQA1*04:01-DQB1*03:03",3370,509,560,1069
"HLA-DQA1*04:01-DQB1*03:04",3370,218,370,588
"HLA-DQA1*04:01-DQB1*03:05",3370,244,495,739
"HLA-DQA1*04:01-DQB1*03:06",3370,1162,780,1942
"HLA-DQA1*04:01-DQB1*03:08",3370,328,530,858
"HLA-DQA1*04:01-DQB1*03:10",3370,265,403,668
"HLA-DQA1*04:01-DQB1*03:11",3370,345,648,993
"HLA-DQA1*04:01-DQB1*03:12",3370,448,541,989
"HLA-DQA1*04:01-DQB1*03:13",3370,273,456,729
"HLA-DQA1*04:01-DQB1*03:14",3370,218,370,588
"HLA-DQA1*04:01-DQB1*03:16",3370,265,403,668
"HLA-DQA1*04:01-DQB1*03:17",3370,335,480,815
"HLA-DQA1*04:01-DQB1*03:18",3370,345,648,993
"HLA-DQA1*04:01-DQB1*03:20",3370,509,560,1069
"HLA-DQA1*04:01-DQB1*03:25",3370,1162,780,1942
"HLA-DQA1*04:01-DQB1*03:26",3370,509,560,1069
"HLA-DQA1*04:01-DQB1*03:30",3370,405,538,943
"HLA-DQA1*04:01-DQB1*03:36",3370,265,403,668
"HLA-DQA1*04:01-DQB1*03:37",3370,345,648,993
"HLA-DQA1*04:01-DQB1*04:01",3370,745,585,1330
"HLA-DQA1*04:01-DQB1*04:02",3370,745,585,1330
"HLA-DQA1*04:01-DQB1*04:03",3370,1097,732,1829
"HLA-DQA1*04:01-DQB1*04:04",3370,793,615,1408
"HLA-DQA1*04:01-DQB1*05:01",3370,43,148,191
"HLA-DQA1*04:01-DQB1*05:02",3370,18,101,119
"HLA-DQA1*04:01-DQB1*05:03",3370,17,69,86
"HLA-DQA1*04:01-DQB1*05:05",3370,18,101,119
"HLA-DQA1*04:01-DQB1*05:06",3370,17,69,86
"HLA-DQA1*04:01-DQB1*05:09",3370,17,69,86
"HLA-DQA1*04:01-DQB1*05:11",3370,43,148,191
"HLA-DQA1*04:01-DQB1*05:12",3370,57,159,216
"HLA-DQA1*04:01-DQB1*06:01",3370,51,150,201
"HLA-DQA1*04:01-DQB1*06:02",3370,58,158,216
"HLA-DQA1*04:01-DQB1*06:03",3370,200,385,585
"HLA-DQA1*04:01-DQB1*06:04",3370,247,415,662
"HLA-DQA1*04:01-DQB1*06:07",3370,120,266,386
"HLA-DQA1*04:01-DQB1*06:08",3370,331,497,828
"HLA-DQA1*04:01-DQB1*06:09",3370,131,291,422
"HLA-DQA1*04:01-DQB1*06:10",3370,149,311,460
"HLA-DQA1*04:01-DQB1*06:11",3370,74,183,257
"HLA-DQA1*04:01-DQB1*06:12",3370,142,334,476
"HLA-DQA1*04:01-DQB1*06:14",3370,184,440,624
"HLA-DQA1*04:01-DQB1*06:15",3370,54,139,193
"HLA-DQA1*04:01-DQB1*06:16",3370,58,158,216
"HLA-DQA1*04:01-DQB1*06:18",3370,114,300,414
"HLA-DQA1*04:01-DQB1*06:21",3370,249,427,676
"HLA-DQA1*04:01-DQB1*06:22",3370,94,229,323
"HLA-DQA1*04:01-DQB1*06:23",3370,51,123,174
"HLA-DQA1*04:01-DQB1*06:27",3370,276,490,766
"HLA-DQA1*04:01-DQB1*06:28",3370,200,385,585
"HLA-DQA1*04:01-DQB1*06:29",3370,67,190,257
"HLA-DQA1*04:01-DQB1*06:31",3370,200,385,585
"HLA-DQA1*04:01-DQB1*06:32",3370,183,383,566
"HLA-DQA1*04:01-DQB1*06:33",3370,54,136,190
"HLA-DQA1*04:01-DQB1*06:40",3370,200,385,585
"HLA-DQA1*05:01-DQB1*02:01",3370,30,147,177
"HLA-DQA1*05:01-DQB1*02:03",3370,52,164,216
"HLA-DQA1*05:01-DQB1*02:05",3370,101,323,424
"HLA-DQA1*05:01-DQB1*03:01",3370,30,108,138
"HLA-DQA1*05:01-DQB1*03:02",3370,32,135,167
"HLA-DQA1*05:01-DQB1*03:03",3370,37,131,168
"HLA-DQA1*05:01-DQB1*03:04",3370,36,100,136
"HLA-DQA1*05:01-DQB1*03:05",3370,28,106,134
"HLA-DQA1*05:01-DQB1*03:06",3370,181,375,556
"HLA-DQA1*05:01-DQB1*03:08",3370,81,214,295
"HLA-DQA1*05:01-DQB1*03:10",3370,30,108,138
"HLA-DQA1*05:01-DQB1*03:11",3370,32,135,167
"HLA-DQA1*05:01-DQB1*03:12",3370,42,150,192
"HLA-DQA1*05:01-DQB1*03:13",3370,37,106,143
"HLA-DQA1*05:01-DQB1*03:14",3370,36,100,136
"HLA-DQA1*05:01-DQB1*03:16",3370,30,108,138
"HLA-DQA1*05:01-DQB1*03:17",3370,37,98,135
"HLA-DQA1*05:01-DQB1*03:18",3370,32,135,167
"HLA-DQA1*05:01-DQB1*03:20",3370,37,131,168
"HLA-DQA1*05:01-DQB1*03:25",3370,181,375,556
"HLA-DQA1*05:01-DQB1*03:26",3370,37,131,168
"HLA-DQA1*05:01-DQB1*03:30",3370,20,86,106
"HLA-DQA1*05:01-DQB1*03:36",3370,30,108,138
"HLA-DQA1*05:01-DQB1*03:37",3370,32,135,167
"HLA-DQA1*05:01-DQB1*04:01",3370,80,183,263
"HLA-DQA1*05:01-DQB1*04:02",3370,80,183,263
"HLA-DQA1*05:01-DQB1*04:03",3370,100,246,346
"HLA-DQA1*05:01-DQB1*04:04",3370,135,269,404
"HLA-DQA1*05:01-DQB1*05:01",3370,51,200,251
"HLA-DQA1*05:01-DQB1*05:02",3370,19,120,139
"HLA-DQA1*05:01-DQB1*05:03",3370,17,107,124
"HLA-DQA1*05:01-DQB1*05:05",3370,19,120,139
"HLA-DQA1*05:01-DQB1*05:06",3370,17,107,124
"HLA-DQA1*05:01-DQB1*05:09",3370,17,107,124
"HLA-DQA1*05:01-DQB1*05:11",3370,51,200,251
"HLA-DQA1*05:01-DQB1*05:12",3370,67,226,293
"HLA-DQA1*05:01-DQB1*06:01",3370,16,61,77
"HLA-DQA1*05:01-DQB1*06:02",3370,31,92,123
"HLA-DQA1*05:01-DQB1*06:03",3370,104,335,439
"HLA-DQA1*05:01-DQB1*06:04",3370,29,144,173
"HLA-DQA1*05:01-DQB1*06:07",3370,24,101,125
"HLA-DQA1*05:01-DQB1*06:08",3370,192,413,605
"HLA-DQA1*05:01-DQB1*06:09",3370,10,63,73
"HLA-DQA1*05:01-DQB1*06:10",3370,17,78,95
"HLA-DQA1*05:01-DQB1*06:11",3370,42,116,158
"HLA-DQA1*05:01-DQB1*06:12",3370,38,212,250
"HLA-DQA1*05:01-DQB1*06:14",3370,106,328,434
"HLA-DQA1*05:01-DQB1*06:15",3370,5,40,45
"HLA-DQA1*05:01-DQB1*06:16",3370,31,92,123
"HLA-DQA1*05:01-DQB1*06:18",3370,11,56,67
"HLA-DQA1*05:01-DQB1*06:21",3370,141,348,489
"HLA-DQA1*05:01-DQB1*06:22",3370,10,38,48
"HLA-DQA1*05:01-DQB1*06:23",3370,26,131,157
"HLA-DQA1*05:01-DQB1*06:27",3370,45,188,233
"HLA-DQA1*05:01-DQB1*06:28",3370,104,335,439
"HLA-DQA1*05:01-DQB1*06:29",3370,19,89,108
"HLA-DQA1*05:01-DQB1*06:31",3370,104,335,439
"HLA-DQA1*05:01-DQB1*06:32",3370,45,117,162
"HLA-DQA1*05:01-DQB1*06:33",3370,33,97,130
"HLA-DQA1*05:01-DQB1*06:40",3370,104,335,439
"HLA-DQA1*05:03-DQB1*02:01",3370,30,147,177
"HLA-DQA1*05:03-DQB1*02:03",3370,52,164,216
"HLA-DQA1*05:03-DQB1*02:05",3370,101,323,424
"HLA-DQA1*05:03-DQB1*03:01",3370,30,108,138
"HLA-DQA1*05:03-DQB1*03:02",3370,32,135,167
"HLA-DQA1*05:03-DQB1*03:03",3370,37,131,168
"HLA-DQA1*05:03-DQB1*03:04",3370,36,100,136
"HLA-DQA1*05:03-DQB1*03:05",3370,28,106,134
"HLA-DQA1*05:03-DQB1*03:06",3370,181,375,556
"HLA-DQA1*05:03-DQB1*03:08",3370,81,214,295
"HLA-DQA1*05:03-DQB1*03:10",3370,30,108,138
"HLA-DQA1*05:03-DQB1*03:11",3370,32,135,167
"HLA-DQA1*05:03-DQB1*03:12",3370,42,150,192
"HLA-DQA1*05:03-DQB1*03:13",3370,37,106,143
"HLA-DQA1*05:03-DQB1*03:14",3370,36,100,136
"HLA-DQA1*05:03-DQB1*03:16",3370,30,108,138
"HLA-DQA1*05:03-DQB1*03:17",3370,37,98,135
"HLA-DQA1*05:03-DQB1*03:18",3370,32,135,167
"HLA-DQA1*05:03-DQB1*03:20",3370,37,131,168
"HLA-DQA1*05:03-DQB1*03:25",3370,181,375,556
"HLA-DQA1*05:03-DQB1*03:26",3370,37,131,168
"HLA-DQA1*05:03-DQB1*03:30",3370,20,86,106
"HLA-DQA1*05:03-DQB1*03:36",3370,30,108,138
"HLA-DQA1*05:03-DQB1*03:37",3370,32,135,167
"HLA-DQA1*05:03-DQB1*04:01",3370,80,183,263
"HLA-DQA1*05:03-DQB1*04:02",3370,80,183,263
"HLA-DQA1*05:03-DQB1*04:03",3370,100,246,346
"HLA-DQA1*05:03-DQB1*04:04",3370,135,269,404
"HLA-DQA1*05:03-DQB1*05:01",3370,51,200,251
"HLA-DQA1*05:03-DQB1*05:02",3370,19,120,139
"HLA-DQA1*05:03-DQB1*05:03",3370,17,107,124
"HLA-DQA1*05:03-DQB1*05:05",3370,19,120,139
"HLA-DQA1*05:03-DQB1*05:06",3370,17,107,124
"HLA-DQA1*05:03-DQB1*05:09",3370,17,107,124
"HLA-DQA1*05:03-DQB1*05:11",3370,51,200,251
"HLA-DQA1*05:03-DQB1*05:12",3370,67,226,293
"HLA-DQA1*05:03-DQB1*06:01",3370,16,61,77
"HLA-DQA1*05:03-DQB1*06:02",3370,31,92,123
"HLA-DQA1*05:03-DQB1*06:03",3370,104,335,439
"HLA-DQA1*05:03-DQB1*06:04",3370,29,144,173
"HLA-DQA1*05:03-DQB1*06:07",3370,24,101,125
"HLA-DQA1*05:03-DQB1*06:08",3370,192,413,605
"HLA-DQA1*05:03-DQB1*06:09",3370,10,63,73
"HLA-DQA1*05:03-DQB1*06:10",3370,17,78,95
"HLA-DQA1*05:03-DQB1*06:11",3370,42,116,158
"HLA-DQA1*05:03-DQB1*06:12",3370,38,212,250
"HLA-DQA1*05:03-DQB1*06:14",3370,106,328,434
"HLA-DQA1*05:03-DQB1*06:15",3370,5,40,45
"HLA-DQA1*05:03-DQB1*06:16",3370,31,92,123
"HLA-DQA1*05:03-DQB1*06:18",3370,11,56,67
"HLA-DQA1*05:03-DQB1*06:21",3370,141,348,489
"HLA-DQA1*05:03-DQB1*06:22",3370,10,38,48
"HLA-DQA1*05:03-DQB1*06:23",3370,26,131,157
"HLA-DQA1*05:03-DQB1*06:27",3370,45,188,233
"HLA-DQA1*05:03-DQB1*06:28",3370,104,335,439
"HLA-DQA1*05:03-DQB1*06:29",3370,19,89,108
"HLA-DQA1*05:03-DQB1*06:31",3370,104,335,439
"HLA-DQA1*05:03-DQB1*06:32",3370,45,117,162
"HLA-DQA1*05:03-DQB1*06:33",3370,33,97,130
"HLA-DQA1*05:03-DQB1*06:40",3370,104,335,439
"HLA-DQA1*05:05-DQB1*02:01",3370,30,147,177
"HLA-DQA1*05:05-DQB1*02:03",3370,52,164,216
"HLA-DQA1*05:05-DQB1*02:05",3370,101,323,424
"HLA-DQA1*05:05-DQB1*03:01",3370,30,108,138
"HLA-DQA1*05:05-DQB1*03:02",3370,32,135,167
"HLA-DQA1*05:05-DQB1*03:03",3370,37,131,168
"HLA-DQA1*05:05-DQB1*03:04",3370,36,100,136
"HLA-DQA1*05:05-DQB1*03:05",3370,28,106,134
"HLA-DQA1*05:05-DQB1*03:06",3370,181,375,556
"HLA-DQA1*05:05-DQB1*03:08",3370,81,214,295
"HLA-DQA1*05:05-DQB1*03:10",3370,30,108,138
"HLA-DQA1*05:05-DQB1*03:11",3370,32,135,167
"HLA-DQA1*05:05-DQB1*03:12",3370,42,150,192
"HLA-DQA1*05:05-DQB1*03:13",3370,37,106,143
"HLA-DQA1*05:05-DQB1*03:14",3370,36,100,136
"HLA-DQA1*05:05-DQB1*03:16",3370,30,108,138
"HLA-DQA1*05:05-DQB1*03:17",3370,37,98,135
"HLA-DQA1*05:05-DQB1*03:18",3370,32,135,167
"HLA-DQA1*05:05-DQB1*03:20",3370,37,131,168
"HLA-DQA1*05:05-DQB1*03:25",3370,181,375,556
"HLA-DQA1*05:05-DQB1*03:26",3370,37,131,168
"HLA-DQA1*05:05-DQB1*03:30",3370,20,86,106
"HLA-DQA1*05:05-DQB1*03:36",3370,30,108,138
"HLA-DQA1*05:05-DQB1*03:37",3370,32,135,167
"HLA-DQA1*05:05-DQB1*04:01",3370,80,183,263
"HLA-DQA1*05:05-DQB1*04:02",3370,80,183,263
"HLA-DQA1*05:05-DQB1*04:03",3370,100,246,346
"HLA-DQA1*05:05-DQB1*04:04",3370,135,269,404
"HLA-DQA1*05:05-DQB1*05:01",3370,51,200,251
"HLA-DQA1*05:05-DQB1*05:02",3370,19,120,139
"HLA-DQA1*05:05-DQB1*05:03",3370,17,107,124
"HLA-DQA1*05:05-DQB1*05:05",3370,19,120,139
"HLA-DQA1*05:05-DQB1*05:06",3370,17,107,124
"HLA-DQA1*05:05-DQB1*05:09",3370,17,107,124
"HLA-DQA1*05:05-DQB1*05:11",3370,51,200,251
"HLA-DQA1*05:05-DQB1*05:12",3370,67,226,293
"HLA-DQA1*05:05-DQB1*06:01",3370,16,61,77
"HLA-DQA1*05:05-DQB1*06:02",3370,31,92,123
"HLA-DQA1*05:05-DQB1*06:03",3370,104,335,439
"HLA-DQA1*05:05-DQB1*06:04",3370,29,144,173
"HLA-DQA1*05:05-DQB1*06:07",3370,24,101,125
"HLA-DQA1*05:05-DQB1*06:08",3370,192,413,605
"HLA-DQA1*05:05-DQB1*06:09",3370,10,63,73
"HLA-DQA1*05:05-DQB1*06:10",3370,17,78,95
"HLA-DQA1*05:05-DQB1*06:11",3370,42,116,158
"HLA-DQA1*05:05-DQB1*06:12",3370,38,212,250
"HLA-DQA1*05:05-DQB1*06:14",3370,106,328,434
"HLA-DQA1*05:05-DQB1*06:15",3370,5,40,45
"HLA-DQA1*05:05-DQB1*06:16",3370,31,92,123
"HLA-DQA1*05:05-DQB1*06:18",3370,11,56,67
"HLA-DQA1*05:05-DQB1*06:21",3370,141,348,489
"HLA-DQA1*05:05-DQB1*06:22",3370,10,38,48
"HLA-DQA1*05:05-DQB1*06:23",3370,26,131,157
"HLA-DQA1*05:05-DQB1*06:27",3370,45,188,233
"HLA-DQA1*05:05-DQB1*06:28",3370,104,335,439
"HLA-DQA1*05:05-DQB1*06:29",3370,19,89,108
"HLA-DQA1*05:05-DQB1*06:31",3370,104,335,439
"HLA-DQA1*05:05-DQB1*06:32",3370,45,117,162
"HLA-DQA1*05:05-DQB1*06:33",3370,33,97,130
"HLA-DQA1*05:05-DQB1*06:40",3370,104,335,439
"HLA-DQA1*05:08-DQB1*02:01",3370,30,147,177
"HLA-DQA1*05:08-DQB1*02:03",3370,52,164,216
"HLA-DQA1*05:08-DQB1*02:05",3370,101,323,424
"HLA-DQA1*05:08-DQB1*03:01",3370,30,108,138
"HLA-DQA1*05:08-DQB1*03:02",3370,32,135,167
"HLA-DQA1*05:08-DQB1*03:03",3370,37,131,168
"HLA-DQA1*05:08-DQB1*03:04",3370,36,100,136
"HLA-DQA1*05:08-DQB1*03:05",3370,28,106,134
"HLA-DQA1*05:08-DQB1*03:06",3370,181,375,556
"HLA-DQA1*05:08-DQB1*03:08",3370,81,214,295
"HLA-DQA1*05:08-DQB1*03:10",3370,30,108,138
"HLA-DQA1*05:08-DQB1*03:11",3370,32,135,167
"HLA-DQA1*05:08-DQB1*03:12",3370,42,150,192
"HLA-DQA1*05:08-DQB1*03:13",3370,37,106,143
"HLA-DQA1*05:08-DQB1*03:14",3370,36,100,136
"HLA-DQA1*05:08-DQB1*03:16",3370,30,108,138
"HLA-DQA1*05:08-DQB1*03:17",3370,37,98,135
"HLA-DQA1*05:08-DQB1*03:18",3370,32,135,167
"HLA-DQA1*05:08-DQB1*03:20",3370,37,131,168
"HLA-DQA1*05:08-DQB1*03:25",3370,181,375,556
"HLA-DQA1*05:08-DQB1*03:26",3370,37,131,168
"HLA-DQA1*05:08-DQB1*03:30",3370,20,86,106
"HLA-DQA1*05:08-DQB1*03:36",3370,30,108,138
"HLA-DQA1*05:08-DQB1*03:37",3370,32,135,167
"HLA-DQA1*05:08-DQB1*04:01",3370,80,183,263
"HLA-DQA1*05:08-DQB1*04:02",3370,80,183,263
"HLA-DQA1*05:08-DQB1*04:03",3370,100,246,346
"HLA-DQA1*05:08-DQB1*04:04",3370,135,269,404
"HLA-DQA1*05:08-DQB1*05:01",3370,51,200,251
"HLA-DQA1*05:08-DQB1*05:02",3370,19,120,139
"HLA-DQA1*05:08-DQB1*05:03",3370,17,107,124
"HLA-DQA1*05:08-DQB1*05:05",3370,19,120,139
"HLA-DQA1*05:08-DQB1*05:06",3370,17,107,124
"HLA-DQA1*05:08-DQB1*05:09",3370,17,107,124
"HLA-DQA1*05:08-DQB1*05:11",3370,51,200,251
"HLA-DQA1*05:08-DQB1*05:12",3370,67,226,293
"HLA-DQA1*05:08-DQB1*06:01",3370,16,61,77
"HLA-DQA1*05:08-DQB1*06:02",3370,31,92,123
"HLA-DQA1*05:08-DQB1*06:03",3370,104,335,439
"HLA-DQA1*05:08-DQB1*06:04",3370,29,144,173
"HLA-DQA1*05:08-DQB1*06:07",3370,24,101,125
"HLA-DQA1*05:08-DQB1*06:08",3370,192,413,605
"HLA-DQA1*05:08-DQB1*06:09",3370,10,63,73
"HLA-DQA1*05:08-DQB1*06:10",3370,17,78,95
"HLA-DQA1*05:08-DQB1*06:11",3370,42,116,158
"HLA-DQA1*05:08-DQB1*06:12",3370,38,212,250
"HLA-DQA1*05:08-DQB1*06:14",3370,106,328,434
"HLA-DQA1*05:08-DQB1*06:15",3370,5,40,45
"HLA-DQA1*05:08-DQB1*06:16",3370,31,92,123
"HLA-DQA1*05:08-DQB1*06:18",3370,11,56,67
"HLA-DQA1*05:08-DQB1*06:21",3370,141,348,489
"HLA-DQA1*05:08-DQB1*06:22",3370,10,38,48
"HLA-DQA1*05:08-DQB1*06:23",3370,26,131,157
"HLA-DQA1*05:08-DQB1*06:27",3370,45,188,233
"HLA-DQA1*05:08-DQB1*06:28",3370,104,335,439
"HLA-DQA1*05:08-DQB1*06:29",3370,19,89,108
"HLA-DQA1*05:08-DQB1*06:31",3370,104,335,439
"HLA-DQA1*05:08-DQB1*06:32",3370,45,117,162
"HLA-DQA1*05:08-DQB1*06:33",3370,33,97,130
"HLA-DQA1*05:08-DQB1*06:40",3370,104,335,439
"HLA-DQA1*05:09-DQB1*02:01",3370,30,147,177
"HLA-DQA1*05:09-DQB1*02:03",3370,52,164,216
"HLA-DQA1*05:09-DQB1*02:05",3370,101,323,424
"HLA-DQA1*05:09-DQB1*03:01",3370,30,108,138
"HLA-DQA1*05:09-DQB1*03:02",3370,32,135,167
"HLA-DQA1*05:09-DQB1*03:03",3370,37,131,168
"HLA-DQA1*05:09-DQB1*03:04",3370,36,100,136
"HLA-DQA1*05:09-DQB1*03:05",3370,28,106,134
"HLA-DQA1*05:09-DQB1*03:06",3370,181,375,556
"HLA-DQA1*05:09-DQB1*03:08",3370,81,214,295
"HLA-DQA1*05:09-DQB1*03:10",3370,30,108,138
"HLA-DQA1*05:09-DQB1*03:11",3370,32,135,167
"HLA-DQA1*05:09-DQB1*03:12",3370,42,150,192
"HLA-DQA1*05:09-DQB1*03:13",3370,37,106,143
"HLA-DQA1*05:09-DQB1*03:14",3370,36,100,136
"HLA-DQA1*05:09-DQB1*03:16",3370,30,108,138
"HLA-DQA1*05:09-DQB1*03:17",3370,37,98,135
"HLA-DQA1*05:09-DQB1*03:18",3370,32,135,167
"HLA-DQA1*05:09-DQB1*03:20",3370,37,131,168
"HLA-DQA1*05:09-DQB1*03:25",3370,181,375,556
"HLA-DQA1*05:09-DQB1*03:26",3370,37,131,168
"HLA-DQA1*05:09-DQB1*03:30",3370,20,86,106
"HLA-DQA1*05:09-DQB1*03:36",3370,30,108,138
"HLA-DQA1*05:09-DQB1*03:37",3370,32,135,167
"HLA-DQA1*05:09-DQB1*04:01",3370,80,183,263
"HLA-DQA1*05:09-DQB1*04:02",3370,80,183,263
"HLA-DQA1*05:09-DQB1*04:03",3370,100,246,346
"HLA-DQA1*05:09-DQB1*04:04",3370,135,269,404
"HLA-DQA1*05:09-DQB1*05:01",3370,51,200,251
"HLA-DQA1*05:09-DQB1*05:02",3370,19,120,139
"HLA-DQA1*05:09-DQB1*05:03",3370,17,107,124
"HLA-DQA1*05:09-DQB1*05:05",3370,19,120,139
"HLA-DQA1*05:09-DQB1*05:06",3370,17,107,124
"HLA-DQA1*05:09-DQB1*05:09",3370,17,107,124
"HLA-DQA1*05:09-DQB1*05:11",3370,51,200,251
"HLA-DQA1*05:09-DQB1*05:12",3370,67,226,293
"HLA-DQA1*05:09-DQB1*06:01",3370,16,61,77
"HLA-DQA1*05:09-DQB1*06:02",3370,31,92,123
"HLA-DQA1*05:09-DQB1*06:03",3370,104,335,439
"HLA-DQA1*05:09-DQB1*06:04",3370,29,144,173
"HLA-DQA1*05:09-DQB1*06:07",3370,24,101,125
"HLA-DQA1*05:09-DQB1*06:08",3370,192,413,605
"HLA-DQA1*05:09-DQB1*06:09",3370,10,63,73
"HLA-DQA1*05:09-DQB1*06:10",3370,17,78,95
"HLA-DQA1*05:09-DQB1*06:11",3370,42,116,158
"HLA-DQA1*05:09-DQB1*06:12",3370,38,212,250
"HLA-DQA1*05:09-DQB1*06:14",3370,106,328,434
"HLA-DQA1*05:09-DQB1*06:15",3370,5,40,45
"HLA-DQA1*05:09-DQB1*06:16",3370,31,92,123
"HLA-DQA1*05:09-DQB1*06:18",3370,11,56,67
"HLA-DQA1*05:09-DQB1*06:21",3370,141,348,489
"HLA-DQA1*05:09-DQB1*06:22",3370,10,38,48
"HLA-DQA1*05:09-DQB1*06:23",3370,26,131,157
"HLA-DQA1*05:09-DQB1*06:27",3370,45,188,233
"HLA-DQA1*05:09-DQB1*06:28",3370,104,335,439
"HLA-DQA1*05:09-DQB1*06:29",3370,19,89,108
"HLA-DQA1*05:09-DQB1*06:31",3370,104,335,439
"HLA-DQA1*05:09-DQB1*06:32",3370,45,117,162
"HLA-DQA1*05:09-DQB1*06:33",3370,33,97,130
"HLA-DQA1*05:09-DQB1*06:40",3370,104,335,439
"HLA-DQA1*06:01-DQB1*02:01",3370,63,274,337
"HLA-DQA1*06:01-DQB1*02:03",3370,65,216,281
"HLA-DQA1*06:01-DQB1*02:05",3370,241,604,845
"HLA-DQA1*06:01-DQB1*03:01",3370,38,139,177
"HLA-DQA1*06:01-DQB1*03:02",3370,80,258,338
"HLA-DQA1*06:01-DQB1*03:03",3370,76,199,275
"HLA-DQA1*06:01-DQB1*03:04",3370,59,185,244
"HLA-DQA1*06:01-DQB1*03:05",3370,30,144,174
"HLA-DQA1*06:01-DQB1*03:06",3370,320,500,820
"HLA-DQA1*06:01-DQB1*03:08",3370,121,264,385
"HLA-DQA1*06:01-DQB1*03:10",3370,38,139,177
"HLA-DQA1*06:01-DQB1*03:11",3370,80,258,338
"HLA-DQA1*06:01-DQB1*03:12",3370,75,196,271
"HLA-DQA1*06:01-DQB1*03:13",3370,51,155,206
"HLA-DQA1*06:01-DQB1*03:14",3370,59,185,244
"HLA-DQA1*06:01-DQB1*03:16",3370,38,139,177
"HLA-DQA1*06:01-DQB1*03:17",3370,41,93,134
"HLA-DQA1*06:01-DQB1*03:18",3370,80,258,338
"HLA-DQA1*06:01-DQB1*03:20",3370,76,199,275
"HLA-DQA1*06:01-DQB1*03:25",3370,320,500,820
"HLA-DQA1*06:01-DQB1*03:26",3370,76,199,275
"HLA-DQA1*06:01-DQB1*03:30",3370,39,130,169
"HLA-DQA1*06:01-DQB1*03:36",3370,38,139,177
"HLA-DQA1*06:01-DQB1*03:37",3370,80,258,338
"HLA-DQA1*06:01-DQB1*04:01",3370,97,176,273
"HLA-DQA1*06:01-DQB1*04:02",3370,97,176,273
"HLA-DQA1*06:01-DQB1*04:03",3370,163,323,486
"HLA-DQA1*06:01-DQB1*04:04",3370,180,248,428
"HLA-DQA1*06:01-DQB1*05:01",3370,2,77,79
"HLA-DQA1*06:01-DQB1*05:02",3370,3,56,59
"HLA-DQA1*06:01-DQB1*05:03",3370,2,29,31
"HLA-DQA1*06:01-DQB1*05:05",3370,3,56,59
"HLA-DQA1*06:01-DQB1*05:06",3370,2,29,31
"HLA-DQA1*06:01-DQB1*05:09",3370,2,29,31
"HLA-DQA1*06:01-DQB1*05:11",3370,2,77,79
"HLA-DQA1*06:01-DQB1*05:12",3370,4,81,85
"HLA-DQA1*06:01-DQB1*06:01",3370,6,31,37
"HLA-DQA1*06:01-DQB1*06:02",3370,4,50,54
"HLA-DQA1*06:01-DQB1*06:03",3370,80,216,296
"HLA-DQA1*06:01-DQB1*06:04",3370,56,191,247
"HLA-DQA1*06:01-DQB1*06:07",3370,35,93,128
"HLA-DQA1*06:01-DQB1*06:08",3370,168,366,534
"HLA-DQA1*06:01-DQB1*06:09",3370,17,85,102
"HLA-DQA1*06:01-DQB1*06:10",3370,12,54,66
"HLA-DQA1*06:01-DQB1*06:11",3370,18,59,77
"HLA-DQA1*06:01-DQB1*06:12",3370,29,136,165
"HLA-DQA1*06:01-DQB1*06:14",3370,71,190,261
"HLA-DQA1*06:01-DQB1*06:15",3370,2,32,34
"HLA-DQA1*06:01-DQB1*06:16",3370,4,50,54
"HLA-DQA1*06:01-DQB1*06:18",3370,15,70,85
"HLA-DQA1*06:01-DQB1*06:21",3370,131,327,458
"HLA-DQA1*06:01-DQB1*06:22",3370,9,44,53
"HLA-DQA1*06:01-DQB1*06:23",3370,4,39,43
"HLA-DQA1*06:01-DQB1*06:27",3370,71,223,294
"HLA-DQA1*06:01-DQB1*06:28",3370,80,216,296
"HLA-DQA1*06:01-DQB1*06:29",3370,13,61,74
"HLA-DQA1*06:01-DQB1*06:31",3370,80,216,296
"HLA-DQA1*06:01-DQB1*06:32",3370,42,110,152
"HLA-DQA1*06:01-DQB1*06:33",3370,3,53,56
"HLA-DQA1*06:01-DQB1*06:40",3370,80,216,296
"HLA-DRB1*01:01",3370,45,180,225
"HLA-DRB1*01:02",3370,29,140,169
"HLA-DRB1*01:03",3370,48,228,276
"HLA-DRB1*01:04",3370,34,137,171
"HLA-DRB1*01:07",3370,45,180,225
"HLA-DRB1*01:10",3370,51,204,255
"HLA-DRB1*01:11",3370,25,134,159
"HLA-DRB1*01:16",3370,73,251,324
"HLA-DRB1*01:18",3370,59,222,281
"HLA-DRB1*01:20",3370,39,180,219
"HLA-DRB1*01:22",3370,45,180,225
"HLA-DRB1*01:24",3370,35,167,202
"HLA-DRB1*01:26",3370,29,140,169
"HLA-DRB1*01:27",3370,45,180,225
"HLA-DRB1*01:29",3370,35,192,227
"HLA-DRB1*03:01",3370,29,130,159
"HLA-DRB1*03:02",3370,267,446,713
"HLA-DRB1*03:03",3370,85,285,370
"HLA-DRB1*03:04",3370,29,130,159
"HLA-DRB1*03:05",3370,66,205,271
"HLA-DRB1*03:06",3370,31,143,174
"HLA-DRB1*03:07",3370,35,203,238
"HLA-DRB1*03:08",3370,29,130,159
"HLA-DRB1*03:11",3370,23,82,105
"HLA-DRB1*03:13",3370,29,130,159
"HLA-DRB1*03:15",3370,22,103,125
"HLA-DRB1*03:17",3370,86,259,345
"HLA-DRB1*03:19",3370,30,129,159
"HLA-DRB1*03:22",3370,29,130,159
"HLA-DRB1*03:23",3370,29,130,159
"HLA-DRB1*03:24",3370,29,150,179
"HLA-DRB1*03:25",3370,29,130,159
"HLA-DRB1*03:27",3370,157,315,472
"HLA-DRB1*03:29",3370,208,419,627
"HLA-DRB1*03:30",3370,29,130,159
"HLA-DRB1*03:36",3370,29,130,159
"HLA-DRB1*03:37",3370,29,130,159
"HLA-DRB1*03:39",3370,29,130,159
"HLA-DRB1*03:42",3370,20,90,110
"HLA-DRB1*03:43",3370,29,130,159
"HLA-DRB1*03:44",3370,29,130,159
"HLA-DRB1*03:47",3370,29,130,159
"HLA-DRB1*04:01",3370,36,190,226
"HLA-DRB1*04:02",3370,51,229,280
"HLA-DRB1*04:03",3370,48,201,249
"HLA-DRB1*04:04",3370,32,116,148
"HLA-DRB1*04:05",3370,31,171,202
"HLA-DRB1*04:06",3370,48,201,249
"HLA-DRB1*04:07",3370,52,230,282
"HLA-DRB1*04:08",3370,26,144,170
"HLA-DRB1*04:09",3370,49,171,220
"HLA-DRB1*04:10",3370,18,101,119
"HLA-DRB1*04:11",3370,32,167,199
"HLA-DRB1*04:13",3370,34,144,178
"HLA-DRB1*04:14",3370,34,172,206
"HLA-DRB1*04:15",3370,65,232,297
"HLA-DRB1*04:16",3370,36,190,226
"HLA-DRB1*04:17",3370,66,226,292
"HLA-DRB1*04:18",3370,80,234,314
"HLA-DRB1*04:19",3370,26,144,170
"HLA-DRB1*04:21",3370,36,190,226
"HLA-DRB1*04:23",3370,32,116,148
"HLA-DRB1*04:26",3370,36,190,226
"HLA-DRB1*04:27",3370,36,137,173
"HLA-DRB1*04:31",3370,68,212,280
"HLA-DRB1*04:33",3370,36,190,226
"HLA-DRB1*04:34",3370,35,192,227
"HLA-DRB1*04:35",3370,55,220,275
"HLA-DRB1*04:36",3370,65,232,297
"HLA-DRB1*04:37",3370,81,269,350
"HLA-DRB1*04:38",3370,38,163,201
"HLA-DRB1*04:39",3370,48,201,249
"HLA-DRB1*04:40",3370,32,116,148
"HLA-DRB1*04:41",3370,48,201,249
"HLA-DRB1*04:42",3370,26,123,149
"HLA-DRB1*04:43",3370,32,168,200
"HLA-DRB1*04:44",3370,27,87,114
"HLA-DRB1*04:50",3370,53,198,251
"HLA-DRB1*04:51",3370,48,193,241
"HLA-DRB1*04:54",3370,45,198,243
"HLA-DRB1*04:56",3370,26,111,137
"HLA-DRB1*04:59",3370,50,213,263
"HLA-DRB1*04:60",3370,48,201,249
"HLA-DRB1*04:62",3370,72,226,298
"HLA-DRB1*04:64",3370,33,175,208
"HLA-DRB1*04:68",3370,32,116,148
"HLA-DRB1*04:70",3370,30,121,151
"HLA-DRB1*04:71",3370,48,201,249
"HLA-DRB1*04:72",3370,49,181,230
"HLA-DRB1*04:76",3370,36,190,226
"HLA-DRB1*04:79",3370,30,112,142
"HLA-DRB1*04:83",3370,31,171,202
"HLA-DRB1*04:88",3370,55,195,250
"HLA-DRB1*07:01",3370,46,174,220
"HLA-DRB1*07:03",3370,46,174,220
"HLA-DRB1*07:05",3370,46,174,220
"HLA-DRB1*07:07",3370,46,174,220
"HLA-DRB1*07:11",3370,93,284,377
"HLA-DRB1*07:13",3370,46,174,220
"HLA-DRB1*07:15",3370,46,174,220
"HLA-DRB1*07:16",3370,46,174,220
"HLA-DRB1*08:01",3370,34,126,160
"HLA-DRB1*08:02",3370,55,127,182
"HLA-DRB1*08:03",3370,182,298,480
"HLA-DRB1*08:04",3370,60,126,186
"HLA-DRB1*08:05",3370,18,97,115
"HLA-DRB1*08:06",3370,24,121,145
"HLA-DRB1*08:07",3370,118,250,368
"HLA-DRB1*08:08",3370,53,182,235
"HLA-DRB1*08:09",3370,55,127,182
"HLA-DRB1*08:10",3370,67,161,228
"HLA-DRB1*08:11",3370,53,182,235
"HLA-DRB1*08:12",3370,59,178,237
"HLA-DRB1*08:13",3370,113,275,388
"HLA-DRB1*08:14",3370,182,298,480
"HLA-DRB1*08:16",3370,34,126,160
"HLA-DRB1*08:18",3370,31,164,195
"HLA-DRB1*08:19",3370,211,409,620
"HLA-DRB1*08:20",3370,55,128,183
"HLA-DRB1*08:22",3370,12,80,92
"HLA-DRB1*08:26",3370,34,126,160
"HLA-DRB1*08:28",3370,50,132,182
"HLA-DRB1*08:34",3370,224,404,628
"HLA-DRB1*09:01",3370,30,168,198
"HLA-DRB1*09:02",3370,22,117,139
"HLA-DRB1*09:04",3370,38,175,213
"HLA-DRB1*09:06",3370,33,128,161
"HLA-DRB1*10:01",3370,36,170,206
"HLA-DRB1*10:02",3370,42,139,181
"HLA-DRB1*11:01",3370,43,114,157
"HLA-DRB1*11:02",3370,32,123,155
"HLA-DRB1*11:03",3370,39,126,165
"HLA-DRB1*11:04",3370,38,114,152
"HLA-DRB1*11:05",3370,33,110,143
"HLA-DRB1*11:06",3370,19,85,104
"HLA-DRB1*11:07",3370,35,203,238
"HLA-DRB1*11:08",3370,44,157,201
"HLA-DRB1*11:09",3370,43,114,157
"HLA-DRB1*11:10",3370,43,114,157
"HLA-DRB1*11:11",3370,42,120,162
"HLA-DRB1*11:12",3370,43,114,157
"HLA-DRB1*11:13",3370,18,75,93
"HLA-DRB1*11:14",3370,36,203,239
"HLA-DRB1*11:15",3370,43,114,157
"HLA-DRB1*11:16",3370,32,123,155
"HLA-DRB1*11:17",3370,60,166,226
"HLA-DRB1*11:18",3370,26,98,124
"HLA-DRB1*11:19",3370,30,154,184
"HLA-DRB1*11:20",3370,36,203,239
"HLA-DRB1*11:21",3370,19,87,106
"HLA-DRB1*11:24",3370,43,114,157
"HLA-DRB1*11:25",3370,53,135,188
"HLA-DRB1*11:27",3370,32,93,125
"HLA-DRB1*11:28",3370,43,114,157
"HLA-DRB1*11:29",3370,43,114,157
"HLA-DRB1*11:32",3370,51,122,173
"HLA-DRB1*11:33",3370,43,114,157
"HLA-DRB1*11:34",3370,17,82,99
"HLA-DRB1*11:35",3370,38,114,152
"HLA-DRB1*11:36",3370,32,124,156
"HLA-DRB1*11:37",3370,39,107,146
"HLA-DRB1*11:39",3370,43,114,157
"HLA-DRB1*11:41",3370,28,108,136
"HLA-DRB1*11:42",3370,23,105,128
"HLA-DRB1*11:43",3370,38,114,152
"HLA-DRB1*11:44",3370,38,114,152
"HLA-DRB1*11:45",3370,79,259,338
"HLA-DRB1*11:47",3370,19,85,104
"HLA-DRB1*11:48",3370,31,122,153
"HLA-DRB1*11:49",3370,43,114,157
"HLA-DRB1*11:51",3370,43,114,157
"HLA-DRB1*11:56",3370,34,103,137
"HLA-DRB1*11:58",3370,38,114,152
"HLA-DRB1*11:60",3370,38,114,152
"HLA-DRB1*11:61",3370,43,114,157
"HLA-DRB1*11:62",3370,43,114,157
"HLA-DRB1*11:65",3370,32,123,155
"HLA-DRB1*11:66",3370,43,114,157
"HLA-DRB1*11:69",3370,45,113,158
"HLA-DRB1*11:76",3370,39,126,165
"HLA-DRB1*11:78",3370,38,114,152
"HLA-DRB1*11:81",3370,46,113,159
"HLA-DRB1*11:84",3370,17,96,113
"HLA-DRB1*11:88",3370,34,103,137
"HLA-DRB1*11:93",3370,49,145,194
"HLA-DRB1*11:94",3370,43,114,157
"HLA-DRB1*11:96",3370,43,114,157
"HLA-DRB1*12:01",3370,22,118,140
"HLA-DRB1*12:02",3370,57,209,266
"HLA-DRB1*12:03",3370,37,139,176
"HLA-DRB1*12:04",3370,21,97,118
"HLA-DRB1*12:05",3370,22,118,140
"HLA-DRB1*12:08",3370,31,144,175
"HLA-DRB1*12:11",3370,21,120,141
"HLA-DRB1*12:20",3370,62,223,285
"HLA-DRB1*13:01",3370,32,123,155
"HLA-DRB1*13:02",3370,36,203,239
"HLA-DRB1*13:03",3370,28,161,189
"HLA-DRB1*13:04",3370,23,116,139
"HLA-DRB1*13:05",3370,43,114,157
"HLA-DRB1*13:06",3370,26,98,124
"HLA-DRB1*13:07",3370,39,107,146
"HLA-DRB1*13:08",3370,31,122,153
"HLA-DRB1*13:09",3370,21,78,99
"HLA-DRB1*13:10",3370,40,192,232
"HLA-DRB1*13:11",3370,38,114,152
"HLA-DRB1*13:12",3370,33,144,177
"HLA-DRB1*13:13",3370,162,298,460
"HLA-DRB1*13:14",3370,43,114,157
"HLA-DRB1*13:15",3370,22,103,125
"HLA-DRB1*13:16",3370,34,159,193
"HLA-DRB1*13:17",3370,21,116,137
"HLA-DRB1*13:18",3370,53,135,188
"HLA-DRB1*13:19",3370,21,106,127
"HLA-DRB1*13:20",3370,32,124,156
"HLA-DRB1*13:21",3370,43,115,158
"HLA-DRB1*13:22",3370,32,123,155
"HLA-DRB1*13:23",3370,36,203,239
"HLA-DRB1*13:24",3370,39,126,165
"HLA-DRB1*13:26",3370,29,83,112
"HLA-DRB1*13:27",3370,12,75,87
"HLA-DRB1*13:29",3370,44,207,251
"HLA-DRB1*13:31",3370,120,300,420
"HLA-DRB1*13:32",3370,12,88,100
"HLA-DRB1*13:33",3370,39,184,223
"HLA-DRB1*13:34",3370,36,203,239
"HLA-DRB1*13:36",3370,51,206,257
"HLA-DRB1*13:37",3370,49,202,251
"HLA-DRB1*13:38",3370,45,180,225
"HLA-DRB1*13:39",3370,36,203,239
"HLA-DRB1*13:41",3370,16,133,149
"HLA-DRB1*13:42",3370,38,114,152
"HLA-DRB1*13:48",3370,12,88,100
"HLA-DRB1*13:49",3370,20,93,113
"HLA-DRB1*13:50",3370,43,114,157
"HLA-DRB1*13:52",3370,32,123,155
"HLA-DRB1*13:53",3370,21,106,127
"HLA-DRB1*13:54",3370,77,184,261
"HLA-DRB1*13:56",3370,44,157,201
"HLA-DRB1*13:59",3370,32,123,155
"HLA-DRB1*13:61",3370,19,101,120
"HLA-DRB1*13:62",3370,43,114,157
"HLA-DRB1*13:63",3370,42,120,162
"HLA-DRB1*13:65",3370,45,180,225
"HLA-DRB1*13:66",3370,65,212,277
"HLA-DRB1*13:67",3370,40,200,240
"HLA-DRB1*13:69",3370,32,123,155
"HLA-DRB1*13:70",3370,31,122,153
"HLA-DRB1*13:75",3370,34,117,151
"HLA-DRB1*13:77",3370,38,110,148
"HLA-DRB1*13:79",3370,32,123,155
"HLA-DRB1*13:80",3370,32,123,155
"HLA-DRB1*13:81",3370,6,37,43
"HLA-DRB1*13:82",3370,30,154,184
"HLA-DRB1*13:87",3370,32,123,155
"HLA-DRB1*13:88",3370,18,128,146
"HLA-DRB1*13:90",3370,28,161,189
"HLA-DRB1*13:91",3370,32,123,155
"HLA-DRB1*13:93",3370,23,116,139
"HLA-DRB1*13:95",3370,28,161,189
"HLA-DRB1*13:96",3370,32,223,255
"HLA-DRB1*13:97",3370,36,203,239
"HLA-DRB1*14:01",3370,70,206,276
"HLA-DRB1*14:02",3370,78,234,312
"HLA-DRB1*14:03",3370,86,218,304
"HLA-DRB1*14:04",3370,74,181,255
"HLA-DRB1*14:05",3370,60,166,226
"HLA-DRB1*14:06",3370,21,115,136
"HLA-DRB1*14:07",3370,167,397,564
"HLA-DRB1*14:08",3370,60,166,226
"HLA-DRB1*14:09",3370,49,222,271
"HLA-DRB1*14:10",3370,53,183,236
"HLA-DRB1*14:11",3370,59,168,227
"HLA-DRB1*14:12",3370,53,139,192
"HLA-DRB1*14:13",3370,64,193,257
"HLA-DRB1*14:15",3370,60,126,186
"HLA-DRB1*14:16",3370,31,126,157
"HLA-DRB1*14:17",3370,17,82,99
"HLA-DRB1*14:18",3370,58,156,214
"HLA-DRB1*14:19",3370,110,259,369
"HLA-DRB1*14:20",3370,21,115,136
"HLA-DRB1*14:21",3370,14,89,103
"HLA-DRB1*14:22",3370,32,117,149
"HLA-DRB1*14:23",3370,60,166,226
"HLA-DRB1*14:24",3370,36,230,266
"HLA-DRB1*14:25",3370,32,117,149
"HLA-DRB1*14:27",3370,33,104,137
"HLA-DRB1*14:28",3370,94,232,326
"HLA-DRB1*14:32",3370,23,73,96
"HLA-DRB1*14:33",3370,59,159,218
"HLA-DRB1*14:35",3370,85,235,320
"HLA-DRB1*14:41",3370,78,234,312
"HLA-DRB1*14:44",3370,105,316,421
"HLA-DRB1*14:46",3370,40,181,221
"HLA-DRB1*14:47",3370,110,284,394
"HLA-DRB1*14:48",3370,191,392,583
"HLA-DRB1*14:50",3370,42,165,207
"HLA-DRB1*14:52",3370,24,95,119
"HLA-DRB1*14:58",3370,70,206,276
"HLA-DRB1*14:60",3370,70,206,276
"HLA-DRB1*14:61",3370,74,181,255
"HLA-DRB1*14:68",3370,182,419,601
"HLA-DRB1*14:69",3370,46,184,230
"HLA-DRB1*14:70",3370,88,283,371
"HLA-DRB1*14:75",3370,74,210,284
"HLA-DRB1*14:79",3370,57,211,268
"HLA-DRB1*14:86",3370,70,206,276
"HLA-DRB1*14:87",3370,70,206,276
"HLA-DRB1*14:90",3370,70,206,276
"HLA-DRB1*14:95",3370,18,105,123
"HLA-DRB1*14:97",3370,70,206,276
"HLA-DRB1*14:99",3370,78,216,294
"HLA-DRB1*15:01",3370,28,154,182
"HLA-DRB1*15:02",3370,101,246,347
"HLA-DRB1*15:03",3370,68,329,397
"HLA-DRB1*15:04",3370,35,187,222
"HLA-DRB1*15:05",3370,33,171,204
"HLA-DRB1*15:06",3370,28,154,182
"HLA-DRB1*15:07",3370,20,117,137
"HLA-DRB1*15:10",3370,41,180,221
"HLA-DRB1*15:11",3370,80,221,301
"HLA-DRB1*15:13",3370,28,154,182
"HLA-DRB1*15:14",3370,101,246,347
"HLA-DRB1*15:15",3370,87,263,350
"HLA-DRB1*15:18",3370,29,171,200
"HLA-DRB1*15:20",3370,28,154,182
"HLA-DRB1*15:22",3370,28,154,182
"HLA-DRB1*15:23",3370,86,376,462
"HLA-DRB1*15:24",3370,28,154,182
"HLA-DRB1*15:31",3370,130,305,435
"HLA-DRB1*15:33",3370,28,154,182
"HLA-DRB1*15:36",3370,27,150,177
"HLA-DRB1*15:37",3370,30,130,160
"HLA-DRB1*15:38",3370,101,246,347
"HLA-DRB1*15:40",3370,28,154,182
"HLA-DRB1*15:47",3370,101,246,347
"HLA-DRB1*16:01",3370,30,175,205
"HLA-DRB1*16:02",3370,47,202,249
"HLA-DRB1*16:04",3370,26,172,198
"HLA-DRB1*16:05",3370,48,210,258
"HLA-DRB1*16:07",3370,48,210,258
"HLA-DRB1*16:08",3370,30,175,205
"HLA-DRB1*16:09",3370,56,211,267
"HLA-DRB1*16:10",3370,77,254,331
"HLA-DRB1*16:12",3370,44,215,259
"HLA-DRB1*16:15",3370,11,125,136
"HLA-DRB3*01:01",3370,42,182,224
"HLA-DRB3*01:05",3370,57,194,251
"HLA-DRB3*01:11",3370,42,182,224
"HLA-DRB3*01:13",3370,42,182,224
"HLA-DRB3*02:01",3370,43,165,208
"HLA-DRB3*02:02",3370,79,219,298
"HLA-DRB3*02:04",3370,70,230,300
"HLA-DRB3*02:05",3370,63,217,280
"HLA-DRB3*02:09",3370,100,290,390
"HLA-DRB3*02:10",3370,79,219,298
"HLA-DRB3*02:11",3370,85,225,310
"HLA-DRB3*02:12",3370,81,226,307
"HLA-DRB3*02:13",3370,61,204,265
"HLA-DRB3*02:16",3370,107,283,390
"HLA-DRB3*02:17",3370,58,169,227
"HLA-DRB3*02:19",3370,123,295,418
"HLA-DRB3*02:20",3370,79,219,298
"HLA-DRB3*02:21",3370,100,290,390
"HLA-DRB3*02:22",3370,123,295,418
"HLA-DRB3*02:23",3370,79,219,298
"HLA-DRB3*02:25",3370,79,219,298
"HLA-DRB3*03:01",3370,86,177,263
"HLA-DRB3*03:03",3370,201,419,620
"HLA-DRB4*01:01",3370,25,110,135
"HLA-DRB4*01:04",3370,13,68,81
"HLA-DRB4*01:07",3370,25,110,135
"HLA-DRB5*01:03",3370,73,241,314
"HLA-DRB5*01:04",3370,40,151,191
"HLA-DRB5*01:05",3370,45,135,180
"HLA-DRB5*01:06",3370,13,62,75
"HLA-DRB5*01:11",3370,27,120,147
"HLA-DRB5*02:03",3370,50,167,217
"HLA-DRB5*02:04",3370,32,127,159
