"Alleles","AllBinders","StrongBinders","WeakBinders","WeakandStrongBinders"
"HLA-DPA1*01:03-DPB1*01:01",3368,32,139,171
"HLA-DPA1*01:03-DPB1*02:01",3368,43,174,217
"HLA-DPA1*01:03-DPB1*02:02",3368,53,198,251
"HLA-DPA1*01:03-DPB1*03:01",3368,29,81,110
"HLA-DPA1*01:03-DPB1*04:01",3368,51,178,229
"HLA-DPA1*01:03-DPB1*04:02",3368,31,159,190
"HLA-DPA1*01:03-DPB1*05:01",3368,24,88,112
"HLA-DPA1*01:03-DPB1*06:01",3368,23,118,141
"HLA-DPA1*01:03-DPB1*08:01",3368,11,109,120
"HLA-DPA1*01:03-DPB1*09:01",3368,13,121,134
"HLA-DPA1*01:03-DPB1*10:001",3368,56,178,234
"HLA-DPA1*01:03-DPB1*10:01",3368,12,84,96
"HLA-DPA1*01:03-DPB1*10:201",3368,18,116,134
"HLA-DPA1*01:03-DPB1*10:301",3368,41,182,223
"HLA-DPA1*01:03-DPB1*10:801",3368,24,136,160
"HLA-DPA1*01:03-DPB1*10:901",3368,41,191,232
"HLA-DPA1*01:03-DPB1*11:001",3368,29,200,229
"HLA-DPA1*01:03-DPB1*11:01",3368,12,136,148
"HLA-DPA1*01:03-DPB1*11:201",3368,51,178,229
"HLA-DPA1*01:03-DPB1*11:301",3368,41,191,232
"HLA-DPA1*01:03-DPB1*11:501",3368,43,174,217
"HLA-DPA1*01:03-DPB1*11:601",3368,31,159,190
"HLA-DPA1*01:03-DPB1*12:101",3368,51,178,229
"HLA-DPA1*01:03-DPB1*12:201",3368,19,98,117
"HLA-DPA1*01:03-DPB1*12:301",3368,43,174,217
"HLA-DPA1*01:03-DPB1*12:501",3368,16,149,165
"HLA-DPA1*01:03-DPB1*12:701",3368,12,123,135
"HLA-DPA1*01:03-DPB1*12:801",3368,51,178,229
"HLA-DPA1*01:03-DPB1*12:901",3368,26,148,174
"HLA-DPA1*01:03-DPB1*13:001",3368,34,88,122
"HLA-DPA1*01:03-DPB1*13:01",3368,29,200,229
"HLA-DPA1*01:03-DPB1*13:201",3368,25,79,104
"HLA-DPA1*01:03-DPB1*13:401",3368,51,178,229
"HLA-DPA1*01:03-DPB1*14:01",3368,29,91,120
"HLA-DPA1*01:03-DPB1*15:01",3368,9,51,60
"HLA-DPA1*01:03-DPB1*16:01",3368,17,128,145
"HLA-DPA1*01:03-DPB1*17:01",3368,20,117,137
"HLA-DPA1*01:03-DPB1*18:01",3368,11,65,76
"HLA-DPA1*01:03-DPB1*19:01",3368,23,130,153
"HLA-DPA1*01:03-DPB1*20:01",3368,34,88,122
"HLA-DPA1*01:03-DPB1*21:01",3368,33,175,208
"HLA-DPA1*01:03-DPB1*22:01",3368,32,149,181
"HLA-DPA1*01:03-DPB1*23:01",3368,51,178,229
"HLA-DPA1*01:03-DPB1*24:01",3368,56,178,234
"HLA-DPA1*01:03-DPB1*25:01",3368,29,81,110
"HLA-DPA1*01:03-DPB1*26:01",3368,16,149,165
"HLA-DPA1*01:03-DPB1*27:01",3368,38,168,206
"HLA-DPA1*01:03-DPB1*28:01",3368,5,57,62
"HLA-DPA1*01:03-DPB1*29:01",3368,18,85,103
"HLA-DPA1*01:03-DPB1*30:01",3368,33,175,208
"HLA-DPA1*01:03-DPB1*31:01",3368,29,149,178
"HLA-DPA1*01:03-DPB1*33:01",3368,51,190,241
"HLA-DPA1*01:03-DPB1*34:01",3368,11,93,104
"HLA-DPA1*01:03-DPB1*35:01",3368,25,79,104
"HLA-DPA1*01:03-DPB1*36:01",3368,33,124,157
"HLA-DPA1*01:03-DPB1*37:01",3368,12,84,96
"HLA-DPA1*01:03-DPB1*38:01",3368,24,88,112
"HLA-DPA1*01:03-DPB1*39:01",3368,51,178,229
"HLA-DPA1*01:03-DPB1*40:01",3368,19,75,94
"HLA-DPA1*01:03-DPB1*41:01",3368,41,162,203
"HLA-DPA1*01:03-DPB1*45:01",3368,29,81,110
"HLA-DPA1*01:03-DPB1*46:01",3368,43,174,217
"HLA-DPA1*01:03-DPB1*47:01",3368,53,198,251
"HLA-DPA1*01:03-DPB1*48:01",3368,43,174,217
"HLA-DPA1*01:03-DPB1*49:01",3368,31,159,190
"HLA-DPA1*01:03-DPB1*50:01",3368,16,93,109
"HLA-DPA1*01:03-DPB1*51:01",3368,31,159,190
"HLA-DPA1*01:03-DPB1*52:01",3368,23,122,145
"HLA-DPA1*01:03-DPB1*53:01",3368,9,67,76
"HLA-DPA1*01:03-DPB1*54:01",3368,20,134,154
"HLA-DPA1*01:03-DPB1*55:01",3368,59,217,276
"HLA-DPA1*01:03-DPB1*56:01",3368,23,122,145
"HLA-DPA1*01:03-DPB1*59:01",3368,24,136,160
"HLA-DPA1*01:03-DPB1*60:01",3368,25,123,148
"HLA-DPA1*01:03-DPB1*63:01",3368,29,153,182
"HLA-DPA1*01:03-DPB1*65:01",3368,17,116,133
"HLA-DPA1*01:03-DPB1*66:01",3368,60,196,256
"HLA-DPA1*01:03-DPB1*67:01",3368,23,122,145
"HLA-DPA1*01:03-DPB1*68:01",3368,11,56,67
"HLA-DPA1*01:03-DPB1*69:01",3368,21,96,117
"HLA-DPA1*01:03-DPB1*70:01",3368,29,81,110
"HLA-DPA1*01:03-DPB1*71:01",3368,51,190,241
"HLA-DPA1*01:03-DPB1*72:01",3368,38,153,191
"HLA-DPA1*01:03-DPB1*74:01",3368,4,74,78
"HLA-DPA1*01:03-DPB1*75:01",3368,29,122,151
"HLA-DPA1*01:03-DPB1*76:01",3368,29,81,110
"HLA-DPA1*01:03-DPB1*77:01",3368,31,159,190
"HLA-DPA1*01:03-DPB1*78:01",3368,29,81,110
"HLA-DPA1*01:03-DPB1*79:01",3368,25,79,104
"HLA-DPA1*01:03-DPB1*80:01",3368,31,159,190
"HLA-DPA1*01:03-DPB1*81:01",3368,43,174,217
"HLA-DPA1*01:03-DPB1*82:01",3368,31,159,190
"HLA-DPA1*01:03-DPB1*83:01",3368,19,129,148
"HLA-DPA1*01:03-DPB1*85:01",3368,38,168,206
"HLA-DPA1*01:03-DPB1*86:01",3368,41,191,232
"HLA-DPA1*01:03-DPB1*87:01",3368,27,160,187
"HLA-DPA1*01:03-DPB1*88:01",3368,12,84,96
"HLA-DPA1*01:03-DPB1*89:01",3368,56,172,228
"HLA-DPA1*01:03-DPB1*90:01",3368,32,139,171
"HLA-DPA1*01:03-DPB1*91:01",3368,34,88,122
"HLA-DPA1*01:03-DPB1*92:01",3368,29,81,110
"HLA-DPA1*01:03-DPB1*93:01",3368,20,117,137
"HLA-DPA1*01:03-DPB1*95:01",3368,50,164,214
"HLA-DPA1*01:03-DPB1*96:01",3368,51,178,229
"HLA-DPA1*01:03-DPB1*98:01",3368,29,98,127
"HLA-DPA1*01:03-DPB1*99:01",3368,35,164,199
"HLA-DPA1*01:04-DPB1*01:01",3368,32,139,171
"HLA-DPA1*01:04-DPB1*02:01",3368,43,174,217
"HLA-DPA1*01:04-DPB1*02:02",3368,53,198,251
"HLA-DPA1*01:04-DPB1*03:01",3368,29,81,110
"HLA-DPA1*01:04-DPB1*04:01",3368,51,178,229
"HLA-DPA1*01:04-DPB1*04:02",3368,31,159,190
"HLA-DPA1*01:04-DPB1*05:01",3368,24,88,112
"HLA-DPA1*01:04-DPB1*06:01",3368,23,118,141
"HLA-DPA1*01:04-DPB1*08:01",3368,11,109,120
"HLA-DPA1*01:04-DPB1*09:01",3368,13,121,134
"HLA-DPA1*01:04-DPB1*10:001",3368,56,178,234
"HLA-DPA1*01:04-DPB1*10:01",3368,12,84,96
"HLA-DPA1*01:04-DPB1*10:201",3368,18,116,134
"HLA-DPA1*01:04-DPB1*10:301",3368,41,182,223
"HLA-DPA1*01:04-DPB1*10:801",3368,24,136,160
"HLA-DPA1*01:04-DPB1*10:901",3368,41,191,232
"HLA-DPA1*01:04-DPB1*11:001",3368,29,200,229
"HLA-DPA1*01:04-DPB1*11:01",3368,12,136,148
"HLA-DPA1*01:04-DPB1*11:201",3368,51,178,229
"HLA-DPA1*01:04-DPB1*11:301",3368,41,191,232
"HLA-DPA1*01:04-DPB1*11:501",3368,43,174,217
"HLA-DPA1*01:04-DPB1*11:601",3368,31,159,190
"HLA-DPA1*01:04-DPB1*12:101",3368,51,178,229
"HLA-DPA1*01:04-DPB1*12:201",3368,19,98,117
"HLA-DPA1*01:04-DPB1*12:301",3368,43,174,217
"HLA-DPA1*01:04-DPB1*12:501",3368,16,149,165
"HLA-DPA1*01:04-DPB1*12:701",3368,12,123,135
"HLA-DPA1*01:04-DPB1*12:801",3368,51,178,229
"HLA-DPA1*01:04-DPB1*12:901",3368,26,148,174
"HLA-DPA1*01:04-DPB1*13:001",3368,34,88,122
"HLA-DPA1*01:04-DPB1*13:01",3368,29,200,229
"HLA-DPA1*01:04-DPB1*13:201",3368,25,79,104
"HLA-DPA1*01:04-DPB1*13:401",3368,51,178,229
"HLA-DPA1*01:04-DPB1*14:01",3368,29,91,120
"HLA-DPA1*01:04-DPB1*15:01",3368,9,51,60
"HLA-DPA1*01:04-DPB1*16:01",3368,17,128,145
"HLA-DPA1*01:04-DPB1*17:01",3368,20,117,137
"HLA-DPA1*01:04-DPB1*18:01",3368,11,65,76
"HLA-DPA1*01:04-DPB1*19:01",3368,23,130,153
"HLA-DPA1*01:04-DPB1*20:01",3368,34,88,122
"HLA-DPA1*01:04-DPB1*21:01",3368,33,175,208
"HLA-DPA1*01:04-DPB1*22:01",3368,32,149,181
"HLA-DPA1*01:04-DPB1*23:01",3368,51,178,229
"HLA-DPA1*01:04-DPB1*24:01",3368,56,178,234
"HLA-DPA1*01:04-DPB1*25:01",3368,29,81,110
"HLA-DPA1*01:04-DPB1*26:01",3368,16,149,165
"HLA-DPA1*01:04-DPB1*27:01",3368,38,168,206
"HLA-DPA1*01:04-DPB1*28:01",3368,5,57,62
"HLA-DPA1*01:04-DPB1*29:01",3368,18,85,103
"HLA-DPA1*01:04-DPB1*30:01",3368,33,175,208
"HLA-DPA1*01:04-DPB1*31:01",3368,29,149,178
"HLA-DPA1*01:04-DPB1*33:01",3368,51,190,241
"HLA-DPA1*01:04-DPB1*34:01",3368,11,93,104
"HLA-DPA1*01:04-DPB1*35:01",3368,25,79,104
"HLA-DPA1*01:04-DPB1*36:01",3368,33,124,157
"HLA-DPA1*01:04-DPB1*37:01",3368,12,84,96
"HLA-DPA1*01:04-DPB1*38:01",3368,24,88,112
"HLA-DPA1*01:04-DPB1*39:01",3368,51,178,229
"HLA-DPA1*01:04-DPB1*40:01",3368,19,75,94
"HLA-DPA1*01:04-DPB1*41:01",3368,41,162,203
"HLA-DPA1*01:04-DPB1*45:01",3368,29,81,110
"HLA-DPA1*01:04-DPB1*46:01",3368,43,174,217
"HLA-DPA1*01:04-DPB1*47:01",3368,53,198,251
"HLA-DPA1*01:04-DPB1*48:01",3368,43,174,217
"HLA-DPA1*01:04-DPB1*49:01",3368,31,159,190
"HLA-DPA1*01:04-DPB1*50:01",3368,16,93,109
"HLA-DPA1*01:04-DPB1*51:01",3368,31,159,190
"HLA-DPA1*01:04-DPB1*52:01",3368,23,122,145
"HLA-DPA1*01:04-DPB1*53:01",3368,9,67,76
"HLA-DPA1*01:04-DPB1*54:01",3368,20,134,154
"HLA-DPA1*01:04-DPB1*55:01",3368,59,217,276
"HLA-DPA1*01:04-DPB1*56:01",3368,23,122,145
"HLA-DPA1*01:04-DPB1*59:01",3368,24,136,160
"HLA-DPA1*01:04-DPB1*60:01",3368,25,123,148
"HLA-DPA1*01:04-DPB1*63:01",3368,29,153,182
"HLA-DPA1*01:04-DPB1*65:01",3368,17,116,133
"HLA-DPA1*01:04-DPB1*66:01",3368,60,196,256
"HLA-DPA1*01:04-DPB1*67:01",3368,23,122,145
"HLA-DPA1*01:04-DPB1*68:01",3368,11,56,67
"HLA-DPA1*01:04-DPB1*69:01",3368,21,96,117
"HLA-DPA1*01:04-DPB1*70:01",3368,29,81,110
"HLA-DPA1*01:04-DPB1*71:01",3368,51,190,241
"HLA-DPA1*01:04-DPB1*72:01",3368,38,153,191
"HLA-DPA1*01:04-DPB1*74:01",3368,4,74,78
"HLA-DPA1*01:04-DPB1*75:01",3368,29,122,151
"HLA-DPA1*01:04-DPB1*76:01",3368,29,81,110
"HLA-DPA1*01:04-DPB1*77:01",3368,31,159,190
"HLA-DPA1*01:04-DPB1*78:01",3368,29,81,110
"HLA-DPA1*01:04-DPB1*79:01",3368,25,79,104
"HLA-DPA1*01:04-DPB1*80:01",3368,31,159,190
"HLA-DPA1*01:04-DPB1*81:01",3368,43,174,217
"HLA-DPA1*01:04-DPB1*82:01",3368,31,159,190
"HLA-DPA1*01:04-DPB1*83:01",3368,19,129,148
"HLA-DPA1*01:04-DPB1*85:01",3368,38,168,206
"HLA-DPA1*01:04-DPB1*86:01",3368,41,191,232
"HLA-DPA1*01:04-DPB1*87:01",3368,27,160,187
"HLA-DPA1*01:04-DPB1*88:01",3368,12,84,96
"HLA-DPA1*01:04-DPB1*89:01",3368,56,172,228
"HLA-DPA1*01:04-DPB1*90:01",3368,32,139,171
"HLA-DPA1*01:04-DPB1*91:01",3368,34,88,122
"HLA-DPA1*01:04-DPB1*92:01",3368,29,81,110
"HLA-DPA1*01:04-DPB1*93:01",3368,20,117,137
"HLA-DPA1*01:04-DPB1*95:01",3368,50,164,214
"HLA-DPA1*01:04-DPB1*96:01",3368,51,178,229
"HLA-DPA1*01:04-DPB1*98:01",3368,29,98,127
"HLA-DPA1*01:04-DPB1*99:01",3368,35,164,199
"HLA-DPA1*02:01-DPB1*01:01",3368,43,159,202
"HLA-DPA1*02:01-DPB1*02:01",3368,58,205,263
"HLA-DPA1*02:01-DPB1*02:02",3368,70,254,324
"HLA-DPA1*02:01-DPB1*03:01",3368,22,102,124
"HLA-DPA1*02:01-DPB1*04:01",3368,66,220,286
"HLA-DPA1*02:01-DPB1*04:02",3368,44,218,262
"HLA-DPA1*02:01-DPB1*05:01",3368,29,135,164
"HLA-DPA1*02:01-DPB1*06:01",3368,25,191,216
"HLA-DPA1*02:01-DPB1*08:01",3368,17,132,149
"HLA-DPA1*02:01-DPB1*09:01",3368,14,137,151
"HLA-DPA1*02:01-DPB1*10:001",3368,58,251,309
"HLA-DPA1*02:01-DPB1*10:01",3368,4,122,126
"HLA-DPA1*02:01-DPB1*10:201",3368,27,188,215
"HLA-DPA1*02:01-DPB1*10:301",3368,47,227,274
"HLA-DPA1*02:01-DPB1*10:801",3368,41,208,249
"HLA-DPA1*02:01-DPB1*10:901",3368,54,227,281
"HLA-DPA1*02:01-DPB1*11:001",3368,59,209,268
"HLA-DPA1*02:01-DPB1*11:01",3368,31,164,195
"HLA-DPA1*02:01-DPB1*11:201",3368,66,220,286
"HLA-DPA1*02:01-DPB1*11:301",3368,54,227,281
"HLA-DPA1*02:01-DPB1*11:501",3368,58,205,263
"HLA-DPA1*02:01-DPB1*11:601",3368,44,218,262
"HLA-DPA1*02:01-DPB1*12:101",3368,66,220,286
"HLA-DPA1*02:01-DPB1*12:201",3368,23,102,125
"HLA-DPA1*02:01-DPB1*12:301",3368,58,205,263
"HLA-DPA1*02:01-DPB1*12:501",3368,28,167,195
"HLA-DPA1*02:01-DPB1*12:701",3368,25,145,170
"HLA-DPA1*02:01-DPB1*12:801",3368,66,220,286
"HLA-DPA1*02:01-DPB1*12:901",3368,37,189,226
"HLA-DPA1*02:01-DPB1*13:001",3368,23,133,156
"HLA-DPA1*02:01-DPB1*13:01",3368,59,209,268
"HLA-DPA1*02:01-DPB1*13:201",3368,9,94,103
"HLA-DPA1*02:01-DPB1*13:401",3368,66,220,286
"HLA-DPA1*02:01-DPB1*14:01",3368,26,108,134
"HLA-DPA1*02:01-DPB1*15:01",3368,7,52,59
"HLA-DPA1*02:01-DPB1*16:01",3368,23,167,190
"HLA-DPA1*02:01-DPB1*17:01",3368,24,188,212
"HLA-DPA1*02:01-DPB1*18:01",3368,12,89,101
"HLA-DPA1*02:01-DPB1*19:01",3368,28,136,164
"HLA-DPA1*02:01-DPB1*20:01",3368,23,133,156
"HLA-DPA1*02:01-DPB1*21:01",3368,47,211,258
"HLA-DPA1*02:01-DPB1*22:01",3368,35,182,217
"HLA-DPA1*02:01-DPB1*23:01",3368,66,220,286
"HLA-DPA1*02:01-DPB1*24:01",3368,58,251,309
"HLA-DPA1*02:01-DPB1*25:01",3368,22,102,124
"HLA-DPA1*02:01-DPB1*26:01",3368,28,167,195
"HLA-DPA1*02:01-DPB1*27:01",3368,53,212,265
"HLA-DPA1*02:01-DPB1*28:01",3368,9,96,105
"HLA-DPA1*02:01-DPB1*29:01",3368,12,136,148
"HLA-DPA1*02:01-DPB1*30:01",3368,47,211,258
"HLA-DPA1*02:01-DPB1*31:01",3368,47,209,256
"HLA-DPA1*02:01-DPB1*33:01",3368,73,225,298
"HLA-DPA1*02:01-DPB1*34:01",3368,10,114,124
"HLA-DPA1*02:01-DPB1*35:01",3368,9,94,103
"HLA-DPA1*02:01-DPB1*36:01",3368,27,162,189
"HLA-DPA1*02:01-DPB1*37:01",3368,4,122,126
"HLA-DPA1*02:01-DPB1*38:01",3368,29,135,164
"HLA-DPA1*02:01-DPB1*39:01",3368,66,220,286
"HLA-DPA1*02:01-DPB1*40:01",3368,12,89,101
"HLA-DPA1*02:01-DPB1*41:01",3368,66,235,301
"HLA-DPA1*02:01-DPB1*45:01",3368,22,102,124
"HLA-DPA1*02:01-DPB1*46:01",3368,58,205,263
"HLA-DPA1*02:01-DPB1*47:01",3368,70,254,324
"HLA-DPA1*02:01-DPB1*48:01",3368,58,205,263
"HLA-DPA1*02:01-DPB1*49:01",3368,44,218,262
"HLA-DPA1*02:01-DPB1*50:01",3368,22,128,150
"HLA-DPA1*02:01-DPB1*51:01",3368,44,218,262
"HLA-DPA1*02:01-DPB1*52:01",3368,24,169,193
"HLA-DPA1*02:01-DPB1*53:01",3368,13,90,103
"HLA-DPA1*02:01-DPB1*54:01",3368,20,169,189
"HLA-DPA1*02:01-DPB1*55:01",3368,89,236,325
"HLA-DPA1*02:01-DPB1*56:01",3368,24,169,193
"HLA-DPA1*02:01-DPB1*59:01",3368,41,208,249
"HLA-DPA1*02:01-DPB1*60:01",3368,34,181,215
"HLA-DPA1*02:01-DPB1*63:01",3368,40,194,234
"HLA-DPA1*02:01-DPB1*65:01",3368,32,140,172
"HLA-DPA1*02:01-DPB1*66:01",3368,67,235,302
"HLA-DPA1*02:01-DPB1*67:01",3368,24,169,193
"HLA-DPA1*02:01-DPB1*68:01",3368,11,72,83
"HLA-DPA1*02:01-DPB1*69:01",3368,10,101,111
"HLA-DPA1*02:01-DPB1*70:01",3368,22,102,124
"HLA-DPA1*02:01-DPB1*71:01",3368,73,225,298
"HLA-DPA1*02:01-DPB1*72:01",3368,55,229,284
"HLA-DPA1*02:01-DPB1*74:01",3368,7,105,112
"HLA-DPA1*02:01-DPB1*75:01",3368,30,158,188
"HLA-DPA1*02:01-DPB1*76:01",3368,22,102,124
"HLA-DPA1*02:01-DPB1*77:01",3368,44,218,262
"HLA-DPA1*02:01-DPB1*78:01",3368,22,102,124
"HLA-DPA1*02:01-DPB1*79:01",3368,9,94,103
"HLA-DPA1*02:01-DPB1*80:01",3368,44,218,262
"HLA-DPA1*02:01-DPB1*81:01",3368,58,205,263
"HLA-DPA1*02:01-DPB1*82:01",3368,44,218,262
"HLA-DPA1*02:01-DPB1*83:01",3368,49,203,252
"HLA-DPA1*02:01-DPB1*85:01",3368,53,212,265
"HLA-DPA1*02:01-DPB1*86:01",3368,54,227,281
"HLA-DPA1*02:01-DPB1*87:01",3368,46,219,265
"HLA-DPA1*02:01-DPB1*88:01",3368,4,122,126
"HLA-DPA1*02:01-DPB1*89:01",3368,57,202,259
"HLA-DPA1*02:01-DPB1*90:01",3368,43,159,202
"HLA-DPA1*02:01-DPB1*91:01",3368,23,133,156
"HLA-DPA1*02:01-DPB1*92:01",3368,22,102,124
"HLA-DPA1*02:01-DPB1*93:01",3368,24,188,212
"HLA-DPA1*02:01-DPB1*95:01",3368,65,236,301
"HLA-DPA1*02:01-DPB1*96:01",3368,66,220,286
"HLA-DPA1*02:01-DPB1*98:01",3368,12,124,136
"HLA-DPA1*02:01-DPB1*99:01",3368,47,266,313
"HLA-DPA1*02:02-DPB1*01:01",3368,49,167,216
"HLA-DPA1*02:02-DPB1*02:01",3368,87,272,359
"HLA-DPA1*02:02-DPB1*02:02",3368,96,306,402
"HLA-DPA1*02:02-DPB1*03:01",3368,33,135,168
"HLA-DPA1*02:02-DPB1*04:01",3368,92,269,361
"HLA-DPA1*02:02-DPB1*04:02",3368,68,270,338
"HLA-DPA1*02:02-DPB1*05:01",3368,31,170,201
"HLA-DPA1*02:02-DPB1*06:01",3368,82,267,349
"HLA-DPA1*02:02-DPB1*08:01",3368,31,144,175
"HLA-DPA1*02:02-DPB1*09:01",3368,29,175,204
"HLA-DPA1*02:02-DPB1*10:001",3368,77,287,364
"HLA-DPA1*02:02-DPB1*10:01",3368,17,163,180
"HLA-DPA1*02:02-DPB1*10:201",3368,62,244,306
"HLA-DPA1*02:02-DPB1*10:301",3368,68,254,322
"HLA-DPA1*02:02-DPB1*10:801",3368,86,278,364
"HLA-DPA1*02:02-DPB1*10:901",3368,113,290,403
"HLA-DPA1*02:02-DPB1*11:001",3368,84,258,342
"HLA-DPA1*02:02-DPB1*11:01",3368,45,234,279
"HLA-DPA1*02:02-DPB1*11:201",3368,92,269,361
"HLA-DPA1*02:02-DPB1*11:301",3368,113,290,403
"HLA-DPA1*02:02-DPB1*11:501",3368,87,272,359
"HLA-DPA1*02:02-DPB1*11:601",3368,68,270,338
"HLA-DPA1*02:02-DPB1*12:101",3368,92,269,361
"HLA-DPA1*02:02-DPB1*12:201",3368,29,112,141
"HLA-DPA1*02:02-DPB1*12:301",3368,87,272,359
"HLA-DPA1*02:02-DPB1*12:501",3368,43,224,267
"HLA-DPA1*02:02-DPB1*12:701",3368,36,169,205
"HLA-DPA1*02:02-DPB1*12:801",3368,92,269,361
"HLA-DPA1*02:02-DPB1*12:901",3368,69,256,325
"HLA-DPA1*02:02-DPB1*13:001",3368,48,196,244
"HLA-DPA1*02:02-DPB1*13:01",3368,84,258,342
"HLA-DPA1*02:02-DPB1*13:201",3368,21,115,136
"HLA-DPA1*02:02-DPB1*13:401",3368,92,269,361
"HLA-DPA1*02:02-DPB1*14:01",3368,33,135,168
"HLA-DPA1*02:02-DPB1*15:01",3368,6,59,65
"HLA-DPA1*02:02-DPB1*16:01",3368,47,209,256
"HLA-DPA1*02:02-DPB1*17:01",3368,72,245,317
"HLA-DPA1*02:02-DPB1*18:01",3368,20,162,182
"HLA-DPA1*02:02-DPB1*19:01",3368,34,154,188
"HLA-DPA1*02:02-DPB1*20:01",3368,48,196,244
"HLA-DPA1*02:02-DPB1*21:01",3368,91,303,394
"HLA-DPA1*02:02-DPB1*22:01",3368,44,219,263
"HLA-DPA1*02:02-DPB1*23:01",3368,92,269,361
"HLA-DPA1*02:02-DPB1*24:01",3368,77,287,364
"HLA-DPA1*02:02-DPB1*25:01",3368,33,135,168
"HLA-DPA1*02:02-DPB1*26:01",3368,43,224,267
"HLA-DPA1*02:02-DPB1*27:01",3368,96,300,396
"HLA-DPA1*02:02-DPB1*28:01",3368,20,164,184
"HLA-DPA1*02:02-DPB1*29:01",3368,33,203,236
"HLA-DPA1*02:02-DPB1*30:01",3368,91,303,394
"HLA-DPA1*02:02-DPB1*31:01",3368,95,273,368
"HLA-DPA1*02:02-DPB1*33:01",3368,97,262,359
"HLA-DPA1*02:02-DPB1*34:01",3368,22,164,186
"HLA-DPA1*02:02-DPB1*35:01",3368,21,115,136
"HLA-DPA1*02:02-DPB1*36:01",3368,54,231,285
"HLA-DPA1*02:02-DPB1*37:01",3368,17,163,180
"HLA-DPA1*02:02-DPB1*38:01",3368,31,170,201
"HLA-DPA1*02:02-DPB1*39:01",3368,92,269,361
"HLA-DPA1*02:02-DPB1*40:01",3368,17,132,149
"HLA-DPA1*02:02-DPB1*41:01",3368,122,365,487
"HLA-DPA1*02:02-DPB1*45:01",3368,33,135,168
"HLA-DPA1*02:02-DPB1*46:01",3368,87,272,359
"HLA-DPA1*02:02-DPB1*47:01",3368,96,306,402
"HLA-DPA1*02:02-DPB1*48:01",3368,87,272,359
"HLA-DPA1*02:02-DPB1*49:01",3368,68,270,338
"HLA-DPA1*02:02-DPB1*50:01",3368,26,176,202
"HLA-DPA1*02:02-DPB1*51:01",3368,68,270,338
"HLA-DPA1*02:02-DPB1*52:01",3368,51,254,305
"HLA-DPA1*02:02-DPB1*53:01",3368,22,151,173
"HLA-DPA1*02:02-DPB1*54:01",3368,44,230,274
"HLA-DPA1*02:02-DPB1*55:01",3368,140,355,495
"HLA-DPA1*02:02-DPB1*56:01",3368,51,254,305
"HLA-DPA1*02:02-DPB1*59:01",3368,86,278,364
"HLA-DPA1*02:02-DPB1*60:01",3368,66,240,306
"HLA-DPA1*02:02-DPB1*63:01",3368,52,233,285
"HLA-DPA1*02:02-DPB1*65:01",3368,35,133,168
"HLA-DPA1*02:02-DPB1*66:01",3368,96,301,397
"HLA-DPA1*02:02-DPB1*67:01",3368,51,254,305
"HLA-DPA1*02:02-DPB1*68:01",3368,23,71,94
"HLA-DPA1*02:02-DPB1*69:01",3368,17,144,161
"HLA-DPA1*02:02-DPB1*70:01",3368,33,135,168
"HLA-DPA1*02:02-DPB1*71:01",3368,97,262,359
"HLA-DPA1*02:02-DPB1*72:01",3368,88,284,372
"HLA-DPA1*02:02-DPB1*74:01",3368,12,141,153
"HLA-DPA1*02:02-DPB1*75:01",3368,46,190,236
"HLA-DPA1*02:02-DPB1*76:01",3368,33,135,168
"HLA-DPA1*02:02-DPB1*77:01",3368,68,270,338
"HLA-DPA1*02:02-DPB1*78:01",3368,33,135,168
"HLA-DPA1*02:02-DPB1*79:01",3368,21,115,136
"HLA-DPA1*02:02-DPB1*80:01",3368,68,270,338
"HLA-DPA1*02:02-DPB1*81:01",3368,87,272,359
"HLA-DPA1*02:02-DPB1*82:01",3368,68,270,338
"HLA-DPA1*02:02-DPB1*83:01",3368,106,309,415
"HLA-DPA1*02:02-DPB1*85:01",3368,96,300,396
"HLA-DPA1*02:02-DPB1*86:01",3368,113,290,403
"HLA-DPA1*02:02-DPB1*87:01",3368,105,336,441
"HLA-DPA1*02:02-DPB1*88:01",3368,17,163,180
"HLA-DPA1*02:02-DPB1*89:01",3368,71,222,293
"HLA-DPA1*02:02-DPB1*90:01",3368,49,167,216
"HLA-DPA1*02:02-DPB1*91:01",3368,48,196,244
"HLA-DPA1*02:02-DPB1*92:01",3368,33,135,168
"HLA-DPA1*02:02-DPB1*93:01",3368,72,245,317
"HLA-DPA1*02:02-DPB1*95:01",3368,98,296,394
"HLA-DPA1*02:02-DPB1*96:01",3368,92,269,361
"HLA-DPA1*02:02-DPB1*98:01",3368,41,178,219
"HLA-DPA1*02:02-DPB1*99:01",3368,66,285,351
"HLA-DPA1*03:01-DPB1*01:01",3368,66,151,217
"HLA-DPA1*03:01-DPB1*02:01",3368,39,163,202
"HLA-DPA1*03:01-DPB1*02:02",3368,52,193,245
"HLA-DPA1*03:01-DPB1*03:01",3368,19,101,120
"HLA-DPA1*03:01-DPB1*04:01",3368,58,170,228
"HLA-DPA1*03:01-DPB1*04:02",3368,41,151,192
"HLA-DPA1*03:01-DPB1*05:01",3368,32,133,165
"HLA-DPA1*03:01-DPB1*06:01",3368,22,146,168
"HLA-DPA1*03:01-DPB1*08:01",3368,19,102,121
"HLA-DPA1*03:01-DPB1*09:01",3368,19,163,182
"HLA-DPA1*03:01-DPB1*10:001",3368,60,186,246
"HLA-DPA1*03:01-DPB1*10:01",3368,14,154,168
"HLA-DPA1*03:01-DPB1*10:201",3368,26,132,158
"HLA-DPA1*03:01-DPB1*10:301",3368,50,188,238
"HLA-DPA1*03:01-DPB1*10:801",3368,32,139,171
"HLA-DPA1*03:01-DPB1*10:901",3368,61,210,271
"HLA-DPA1*03:01-DPB1*11:001",3368,74,230,304
"HLA-DPA1*03:01-DPB1*11:01",3368,38,181,219
"HLA-DPA1*03:01-DPB1*11:201",3368,58,170,228
"HLA-DPA1*03:01-DPB1*11:301",3368,61,210,271
"HLA-DPA1*03:01-DPB1*11:501",3368,39,163,202
"HLA-DPA1*03:01-DPB1*11:601",3368,41,151,192
"HLA-DPA1*03:01-DPB1*12:101",3368,58,170,228
"HLA-DPA1*03:01-DPB1*12:201",3368,26,111,137
"HLA-DPA1*03:01-DPB1*12:301",3368,39,163,202
"HLA-DPA1*03:01-DPB1*12:501",3368,45,208,253
"HLA-DPA1*03:01-DPB1*12:701",3368,33,166,199
"HLA-DPA1*03:01-DPB1*12:801",3368,58,170,228
"HLA-DPA1*03:01-DPB1*12:901",3368,50,195,245
"HLA-DPA1*03:01-DPB1*13:001",3368,27,113,140
"HLA-DPA1*03:01-DPB1*13:01",3368,74,230,304
"HLA-DPA1*03:01-DPB1*13:201",3368,12,106,118
"HLA-DPA1*03:01-DPB1*13:401",3368,58,170,228
"HLA-DPA1*03:01-DPB1*14:01",3368,17,118,135
"HLA-DPA1*03:01-DPB1*15:01",3368,3,52,55
"HLA-DPA1*03:01-DPB1*16:01",3368,21,118,139
"HLA-DPA1*03:01-DPB1*17:01",3368,28,180,208
"HLA-DPA1*03:01-DPB1*18:01",3368,11,68,79
"HLA-DPA1*03:01-DPB1*19:01",3368,31,131,162
"HLA-DPA1*03:01-DPB1*20:01",3368,27,113,140
"HLA-DPA1*03:01-DPB1*21:01",3368,67,219,286
"HLA-DPA1*03:01-DPB1*22:01",3368,32,149,181
"HLA-DPA1*03:01-DPB1*23:01",3368,58,170,228
"HLA-DPA1*03:01-DPB1*24:01",3368,60,186,246
"HLA-DPA1*03:01-DPB1*25:01",3368,19,101,120
"HLA-DPA1*03:01-DPB1*26:01",3368,45,208,253
"HLA-DPA1*03:01-DPB1*27:01",3368,81,216,297
"HLA-DPA1*03:01-DPB1*28:01",3368,8,37,45
"HLA-DPA1*03:01-DPB1*29:01",3368,12,131,143
"HLA-DPA1*03:01-DPB1*30:01",3368,67,219,286
"HLA-DPA1*03:01-DPB1*31:01",3368,42,167,209
"HLA-DPA1*03:01-DPB1*33:01",3368,52,217,269
"HLA-DPA1*03:01-DPB1*34:01",3368,13,72,85
"HLA-DPA1*03:01-DPB1*35:01",3368,12,106,118
"HLA-DPA1*03:01-DPB1*36:01",3368,44,194,238
"HLA-DPA1*03:01-DPB1*37:01",3368,14,154,168
"HLA-DPA1*03:01-DPB1*38:01",3368,32,133,165
"HLA-DPA1*03:01-DPB1*39:01",3368,58,170,228
"HLA-DPA1*03:01-DPB1*40:01",3368,11,71,82
"HLA-DPA1*03:01-DPB1*41:01",3368,30,159,189
"HLA-DPA1*03:01-DPB1*45:01",3368,19,101,120
"HLA-DPA1*03:01-DPB1*46:01",3368,39,163,202
"HLA-DPA1*03:01-DPB1*47:01",3368,52,193,245
"HLA-DPA1*03:01-DPB1*48:01",3368,39,163,202
"HLA-DPA1*03:01-DPB1*49:01",3368,41,151,192
"HLA-DPA1*03:01-DPB1*50:01",3368,19,93,112
"HLA-DPA1*03:01-DPB1*51:01",3368,41,151,192
"HLA-DPA1*03:01-DPB1*52:01",3368,34,178,212
"HLA-DPA1*03:01-DPB1*53:01",3368,8,50,58
"HLA-DPA1*03:01-DPB1*54:01",3368,40,217,257
"HLA-DPA1*03:01-DPB1*55:01",3368,94,240,334
"HLA-DPA1*03:01-DPB1*56:01",3368,34,178,212
"HLA-DPA1*03:01-DPB1*59:01",3368,32,139,171
"HLA-DPA1*03:01-DPB1*60:01",3368,27,127,154
"HLA-DPA1*03:01-DPB1*63:01",3368,46,149,195
"HLA-DPA1*03:01-DPB1*65:01",3368,26,126,152
"HLA-DPA1*03:01-DPB1*66:01",3368,104,226,330
"HLA-DPA1*03:01-DPB1*67:01",3368,34,178,212
"HLA-DPA1*03:01-DPB1*68:01",3368,16,49,65
"HLA-DPA1*03:01-DPB1*69:01",3368,10,101,111
"HLA-DPA1*03:01-DPB1*70:01",3368,19,101,120
"HLA-DPA1*03:01-DPB1*71:01",3368,52,217,269
"HLA-DPA1*03:01-DPB1*72:01",3368,53,138,191
"HLA-DPA1*03:01-DPB1*74:01",3368,7,92,99
"HLA-DPA1*03:01-DPB1*75:01",3368,34,127,161
"HLA-DPA1*03:01-DPB1*76:01",3368,19,101,120
"HLA-DPA1*03:01-DPB1*77:01",3368,41,151,192
"HLA-DPA1*03:01-DPB1*78:01",3368,19,101,120
"HLA-DPA1*03:01-DPB1*79:01",3368,12,106,118
"HLA-DPA1*03:01-DPB1*80:01",3368,41,151,192
"HLA-DPA1*03:01-DPB1*81:01",3368,39,163,202
"HLA-DPA1*03:01-DPB1*82:01",3368,41,151,192
"HLA-DPA1*03:01-DPB1*83:01",3368,24,153,177
"HLA-DPA1*03:01-DPB1*85:01",3368,81,216,297
"HLA-DPA1*03:01-DPB1*86:01",3368,61,210,271
"HLA-DPA1*03:01-DPB1*87:01",3368,54,207,261
"HLA-DPA1*03:01-DPB1*88:01",3368,14,154,168
"HLA-DPA1*03:01-DPB1*89:01",3368,68,188,256
"HLA-DPA1*03:01-DPB1*90:01",3368,66,151,217
"HLA-DPA1*03:01-DPB1*91:01",3368,27,113,140
"HLA-DPA1*03:01-DPB1*92:01",3368,19,101,120
"HLA-DPA1*03:01-DPB1*93:01",3368,28,180,208
"HLA-DPA1*03:01-DPB1*95:01",3368,60,194,254
"HLA-DPA1*03:01-DPB1*96:01",3368,58,170,228
"HLA-DPA1*03:01-DPB1*98:01",3368,21,119,140
"HLA-DPA1*03:01-DPB1*99:01",3368,46,182,228
"HLA-DPA1*04:01-DPB1*01:01",3368,33,106,139
"HLA-DPA1*04:01-DPB1*02:01",3368,38,151,189
"HLA-DPA1*04:01-DPB1*02:02",3368,56,182,238
"HLA-DPA1*04:01-DPB1*03:01",3368,34,86,120
"HLA-DPA1*04:01-DPB1*04:01",3368,52,167,219
"HLA-DPA1*04:01-DPB1*04:02",3368,30,132,162
"HLA-DPA1*04:01-DPB1*05:01",3368,23,63,86
"HLA-DPA1*04:01-DPB1*06:01",3368,26,121,147
"HLA-DPA1*04:01-DPB1*08:01",3368,9,75,84
"HLA-DPA1*04:01-DPB1*09:01",3368,26,107,133
"HLA-DPA1*04:01-DPB1*10:001",3368,50,160,210
"HLA-DPA1*04:01-DPB1*10:01",3368,14,84,98
"HLA-DPA1*04:01-DPB1*10:201",3368,25,110,135
"HLA-DPA1*04:01-DPB1*10:301",3368,47,158,205
"HLA-DPA1*04:01-DPB1*10:801",3368,25,136,161
"HLA-DPA1*04:01-DPB1*10:901",3368,31,180,211
"HLA-DPA1*04:01-DPB1*11:001",3368,42,192,234
"HLA-DPA1*04:01-DPB1*11:01",3368,25,154,179
"HLA-DPA1*04:01-DPB1*11:201",3368,52,167,219
"HLA-DPA1*04:01-DPB1*11:301",3368,31,180,211
"HLA-DPA1*04:01-DPB1*11:501",3368,38,151,189
"HLA-DPA1*04:01-DPB1*11:601",3368,30,132,162
"HLA-DPA1*04:01-DPB1*12:101",3368,52,167,219
"HLA-DPA1*04:01-DPB1*12:201",3368,12,96,108
"HLA-DPA1*04:01-DPB1*12:301",3368,38,151,189
"HLA-DPA1*04:01-DPB1*12:501",3368,26,131,157
"HLA-DPA1*04:01-DPB1*12:701",3368,22,126,148
"HLA-DPA1*04:01-DPB1*12:801",3368,52,167,219
"HLA-DPA1*04:01-DPB1*12:901",3368,32,129,161
"HLA-DPA1*04:01-DPB1*13:001",3368,38,102,140
"HLA-DPA1*04:01-DPB1*13:01",3368,42,192,234
"HLA-DPA1*04:01-DPB1*13:201",3368,21,85,106
"HLA-DPA1*04:01-DPB1*13:401",3368,52,167,219
"HLA-DPA1*04:01-DPB1*14:01",3368,40,99,139
"HLA-DPA1*04:01-DPB1*15:01",3368,7,53,60
"HLA-DPA1*04:01-DPB1*16:01",3368,19,104,123
"HLA-DPA1*04:01-DPB1*17:01",3368,22,109,131
"HLA-DPA1*04:01-DPB1*18:01",3368,13,68,81
"HLA-DPA1*04:01-DPB1*19:01",3368,19,117,136
"HLA-DPA1*04:01-DPB1*20:01",3368,38,102,140
"HLA-DPA1*04:01-DPB1*21:01",3368,35,164,199
"HLA-DPA1*04:01-DPB1*22:01",3368,33,128,161
"HLA-DPA1*04:01-DPB1*23:01",3368,52,167,219
"HLA-DPA1*04:01-DPB1*24:01",3368,50,160,210
"HLA-DPA1*04:01-DPB1*25:01",3368,34,86,120
"HLA-DPA1*04:01-DPB1*26:01",3368,26,131,157
"HLA-DPA1*04:01-DPB1*27:01",3368,48,169,217
"HLA-DPA1*04:01-DPB1*28:01",3368,6,66,72
"HLA-DPA1*04:01-DPB1*29:01",3368,25,94,119
"HLA-DPA1*04:01-DPB1*30:01",3368,35,164,199
"HLA-DPA1*04:01-DPB1*31:01",3368,37,143,180
"HLA-DPA1*04:01-DPB1*33:01",3368,57,176,233
"HLA-DPA1*04:01-DPB1*34:01",3368,18,92,110
"HLA-DPA1*04:01-DPB1*35:01",3368,21,85,106
"HLA-DPA1*04:01-DPB1*36:01",3368,43,111,154
"HLA-DPA1*04:01-DPB1*37:01",3368,14,84,98
"HLA-DPA1*04:01-DPB1*38:01",3368,23,63,86
"HLA-DPA1*04:01-DPB1*39:01",3368,52,167,219
"HLA-DPA1*04:01-DPB1*40:01",3368,14,71,85
"HLA-DPA1*04:01-DPB1*41:01",3368,30,143,173
"HLA-DPA1*04:01-DPB1*45:01",3368,34,86,120
"HLA-DPA1*04:01-DPB1*46:01",3368,38,151,189
"HLA-DPA1*04:01-DPB1*47:01",3368,56,182,238
"HLA-DPA1*04:01-DPB1*48:01",3368,38,151,189
"HLA-DPA1*04:01-DPB1*49:01",3368,30,132,162
"HLA-DPA1*04:01-DPB1*50:01",3368,22,99,121
"HLA-DPA1*04:01-DPB1*51:01",3368,30,132,162
"HLA-DPA1*04:01-DPB1*52:01",3368,38,135,173
"HLA-DPA1*04:01-DPB1*53:01",3368,9,66,75
"HLA-DPA1*04:01-DPB1*54:01",3368,20,113,133
"HLA-DPA1*04:01-DPB1*55:01",3368,67,217,284
"HLA-DPA1*04:01-DPB1*56:01",3368,38,135,173
"HLA-DPA1*04:01-DPB1*59:01",3368,25,136,161
"HLA-DPA1*04:01-DPB1*60:01",3368,21,115,136
"HLA-DPA1*04:01-DPB1*63:01",3368,27,120,147
"HLA-DPA1*04:01-DPB1*65:01",3368,16,78,94
"HLA-DPA1*04:01-DPB1*66:01",3368,64,231,295
"HLA-DPA1*04:01-DPB1*67:01",3368,38,135,173
"HLA-DPA1*04:01-DPB1*68:01",3368,10,66,76
"HLA-DPA1*04:01-DPB1*69:01",3368,24,100,124
"HLA-DPA1*04:01-DPB1*70:01",3368,34,86,120
"HLA-DPA1*04:01-DPB1*71:01",3368,57,176,233
"HLA-DPA1*04:01-DPB1*72:01",3368,44,151,195
"HLA-DPA1*04:01-DPB1*74:01",3368,7,86,93
"HLA-DPA1*04:01-DPB1*75:01",3368,17,110,127
"HLA-DPA1*04:01-DPB1*76:01",3368,34,86,120
"HLA-DPA1*04:01-DPB1*77:01",3368,30,132,162
"HLA-DPA1*04:01-DPB1*78:01",3368,34,86,120
"HLA-DPA1*04:01-DPB1*79:01",3368,21,85,106
"HLA-DPA1*04:01-DPB1*80:01",3368,30,132,162
"HLA-DPA1*04:01-DPB1*81:01",3368,38,151,189
"HLA-DPA1*04:01-DPB1*82:01",3368,30,132,162
"HLA-DPA1*04:01-DPB1*83:01",3368,25,136,161
"HLA-DPA1*04:01-DPB1*85:01",3368,48,169,217
"HLA-DPA1*04:01-DPB1*86:01",3368,31,180,211
"HLA-DPA1*04:01-DPB1*87:01",3368,51,163,214
"HLA-DPA1*04:01-DPB1*88:01",3368,14,84,98
"HLA-DPA1*04:01-DPB1*89:01",3368,56,165,221
"HLA-DPA1*04:01-DPB1*90:01",3368,33,106,139
"HLA-DPA1*04:01-DPB1*91:01",3368,38,102,140
"HLA-DPA1*04:01-DPB1*92:01",3368,34,86,120
"HLA-DPA1*04:01-DPB1*93:01",3368,22,109,131
"HLA-DPA1*04:01-DPB1*95:01",3368,56,150,206
"HLA-DPA1*04:01-DPB1*96:01",3368,52,167,219
"HLA-DPA1*04:01-DPB1*98:01",3368,29,98,127
"HLA-DPA1*04:01-DPB1*99:01",3368,35,158,193
"HLA-DQA1*01:01-DQB1*02:01",3368,10,83,93
"HLA-DQA1*01:01-DQB1*02:03",3368,16,135,151
"HLA-DQA1*01:01-DQB1*02:05",3368,92,264,356
"HLA-DQA1*01:01-DQB1*03:01",3368,112,258,370
"HLA-DQA1*01:01-DQB1*03:02",3368,14,88,102
"HLA-DQA1*01:01-DQB1*03:03",3368,59,150,209
"HLA-DQA1*01:01-DQB1*03:04",3368,83,164,247
"HLA-DQA1*01:01-DQB1*03:05",3368,31,153,184
"HLA-DQA1*01:01-DQB1*03:06",3368,535,575,1110
"HLA-DQA1*01:01-DQB1*03:08",3368,51,197,248
"HLA-DQA1*01:01-DQB1*03:10",3368,112,258,370
"HLA-DQA1*01:01-DQB1*03:11",3368,14,88,102
"HLA-DQA1*01:01-DQB1*03:12",3368,103,231,334
"HLA-DQA1*01:01-DQB1*03:13",3368,115,285,400
"HLA-DQA1*01:01-DQB1*03:14",3368,83,164,247
"HLA-DQA1*01:01-DQB1*03:16",3368,112,258,370
"HLA-DQA1*01:01-DQB1*03:17",3368,75,187,262
"HLA-DQA1*01:01-DQB1*03:18",3368,14,88,102
"HLA-DQA1*01:01-DQB1*03:20",3368,59,150,209
"HLA-DQA1*01:01-DQB1*03:25",3368,535,575,1110
"HLA-DQA1*01:01-DQB1*03:26",3368,59,150,209
"HLA-DQA1*01:01-DQB1*03:30",3368,43,105,148
"HLA-DQA1*01:01-DQB1*03:36",3368,112,258,370
"HLA-DQA1*01:01-DQB1*03:37",3368,14,88,102
"HLA-DQA1*01:01-DQB1*04:01",3368,341,488,829
"HLA-DQA1*01:01-DQB1*04:02",3368,341,488,829
"HLA-DQA1*01:01-DQB1*04:03",3368,360,495,855
"HLA-DQA1*01:01-DQB1*04:04",3368,489,516,1005
"HLA-DQA1*01:01-DQB1*05:01",3368,47,157,204
"HLA-DQA1*01:01-DQB1*05:02",3368,48,192,240
"HLA-DQA1*01:01-DQB1*05:03",3368,43,172,215
"HLA-DQA1*01:01-DQB1*05:05",3368,48,192,240
"HLA-DQA1*01:01-DQB1*05:06",3368,43,172,215
"HLA-DQA1*01:01-DQB1*05:09",3368,43,172,215
"HLA-DQA1*01:01-DQB1*05:11",3368,47,157,204
"HLA-DQA1*01:01-DQB1*05:12",3368,57,160,217
"HLA-DQA1*01:01-DQB1*06:01",3368,9,56,65
"HLA-DQA1*01:01-DQB1*06:02",3368,34,116,150
"HLA-DQA1*01:01-DQB1*06:03",3368,197,342,539
"HLA-DQA1*01:01-DQB1*06:04",3368,94,335,429
"HLA-DQA1*01:01-DQB1*06:07",3368,49,193,242
"HLA-DQA1*01:01-DQB1*06:08",3368,270,428,698
"HLA-DQA1*01:01-DQB1*06:09",3368,32,158,190
"HLA-DQA1*01:01-DQB1*06:10",3368,49,207,256
"HLA-DQA1*01:01-DQB1*06:11",3368,59,183,242
"HLA-DQA1*01:01-DQB1*06:12",3368,98,271,369
"HLA-DQA1*01:01-DQB1*06:14",3368,177,361,538
"HLA-DQA1*01:01-DQB1*06:15",3368,10,49,59
"HLA-DQA1*01:01-DQB1*06:16",3368,34,116,150
"HLA-DQA1*01:01-DQB1*06:18",3368,30,132,162
"HLA-DQA1*01:01-DQB1*06:21",3368,187,396,583
"HLA-DQA1*01:01-DQB1*06:22",3368,23,114,137
"HLA-DQA1*01:01-DQB1*06:23",3368,74,175,249
"HLA-DQA1*01:01-DQB1*06:27",3368,123,391,514
"HLA-DQA1*01:01-DQB1*06:28",3368,197,342,539
"HLA-DQA1*01:01-DQB1*06:29",3368,40,197,237
"HLA-DQA1*01:01-DQB1*06:31",3368,197,342,539
"HLA-DQA1*01:01-DQB1*06:32",3368,72,254,326
"HLA-DQA1*01:01-DQB1*06:33",3368,30,119,149
"HLA-DQA1*01:01-DQB1*06:40",3368,197,342,539
"HLA-DQA1*01:02-DQB1*02:01",3368,6,51,57
"HLA-DQA1*01:02-DQB1*02:03",3368,18,72,90
"HLA-DQA1*01:02-DQB1*02:05",3368,67,261,328
"HLA-DQA1*01:02-DQB1*03:01",3368,66,209,275
"HLA-DQA1*01:02-DQB1*03:02",3368,21,74,95
"HLA-DQA1*01:02-DQB1*03:03",3368,51,114,165
"HLA-DQA1*01:02-DQB1*03:04",3368,60,157,217
"HLA-DQA1*01:02-DQB1*03:05",3368,16,107,123
"HLA-DQA1*01:02-DQB1*03:06",3368,376,503,879
"HLA-DQA1*01:02-DQB1*03:08",3368,61,173,234
"HLA-DQA1*01:02-DQB1*03:10",3368,66,209,275
"HLA-DQA1*01:02-DQB1*03:11",3368,21,74,95
"HLA-DQA1*01:02-DQB1*03:12",3368,62,158,220
"HLA-DQA1*01:02-DQB1*03:13",3368,69,208,277
"HLA-DQA1*01:02-DQB1*03:14",3368,60,157,217
"HLA-DQA1*01:02-DQB1*03:16",3368,66,209,275
"HLA-DQA1*01:02-DQB1*03:17",3368,46,114,160
"HLA-DQA1*01:02-DQB1*03:18",3368,21,74,95
"HLA-DQA1*01:02-DQB1*03:20",3368,51,114,165
"HLA-DQA1*01:02-DQB1*03:25",3368,376,503,879
"HLA-DQA1*01:02-DQB1*03:26",3368,51,114,165
"HLA-DQA1*01:02-DQB1*03:30",3368,26,70,96
"HLA-DQA1*01:02-DQB1*03:36",3368,66,209,275
"HLA-DQA1*01:02-DQB1*03:37",3368,21,74,95
"HLA-DQA1*01:02-DQB1*04:01",3368,176,329,505
"HLA-DQA1*01:02-DQB1*04:02",3368,176,329,505
"HLA-DQA1*01:02-DQB1*04:03",3368,232,410,642
"HLA-DQA1*01:02-DQB1*04:04",3368,310,481,791
"HLA-DQA1*01:02-DQB1*05:01",3368,46,144,190
"HLA-DQA1*01:02-DQB1*05:02",3368,34,166,200
"HLA-DQA1*01:02-DQB1*05:03",3368,30,107,137
"HLA-DQA1*01:02-DQB1*05:05",3368,34,166,200
"HLA-DQA1*01:02-DQB1*05:06",3368,30,107,137
"HLA-DQA1*01:02-DQB1*05:09",3368,30,107,137
"HLA-DQA1*01:02-DQB1*05:11",3368,46,144,190
"HLA-DQA1*01:02-DQB1*05:12",3368,54,155,209
"HLA-DQA1*01:02-DQB1*06:01",3368,17,51,68
"HLA-DQA1*01:02-DQB1*06:02",3368,43,116,159
"HLA-DQA1*01:02-DQB1*06:03",3368,223,386,609
"HLA-DQA1*01:02-DQB1*06:04",3368,32,207,239
"HLA-DQA1*01:02-DQB1*06:07",3368,24,129,153
"HLA-DQA1*01:02-DQB1*06:08",3368,394,459,853
"HLA-DQA1*01:02-DQB1*06:09",3368,14,68,82
"HLA-DQA1*01:02-DQB1*06:10",3368,57,190,247
"HLA-DQA1*01:02-DQB1*06:11",3368,64,155,219
"HLA-DQA1*01:02-DQB1*06:12",3368,62,203,265
"HLA-DQA1*01:02-DQB1*06:14",3368,155,337,492
"HLA-DQA1*01:02-DQB1*06:15",3368,9,57,66
"HLA-DQA1*01:02-DQB1*06:16",3368,43,116,159
"HLA-DQA1*01:02-DQB1*06:18",3368,15,101,116
"HLA-DQA1*01:02-DQB1*06:21",3368,184,372,556
"HLA-DQA1*01:02-DQB1*06:22",3368,10,53,63
"HLA-DQA1*01:02-DQB1*06:23",3368,40,152,192
"HLA-DQA1*01:02-DQB1*06:27",3368,79,283,362
"HLA-DQA1*01:02-DQB1*06:28",3368,223,386,609
"HLA-DQA1*01:02-DQB1*06:29",3368,46,139,185
"HLA-DQA1*01:02-DQB1*06:31",3368,223,386,609
"HLA-DQA1*01:02-DQB1*06:32",3368,61,191,252
"HLA-DQA1*01:02-DQB1*06:33",3368,41,115,156
"HLA-DQA1*01:02-DQB1*06:40",3368,223,386,609
"HLA-DQA1*01:03-DQB1*02:01",3368,0,7,7
"HLA-DQA1*01:03-DQB1*02:03",3368,0,4,4
"HLA-DQA1*01:03-DQB1*02:05",3368,0,33,33
"HLA-DQA1*01:03-DQB1*03:01",3368,6,27,33
"HLA-DQA1*01:03-DQB1*03:02",3368,0,9,9
"HLA-DQA1*01:03-DQB1*03:03",3368,0,17,17
"HLA-DQA1*01:03-DQB1*03:04",3368,5,27,32
"HLA-DQA1*01:03-DQB1*03:05",3368,0,6,6
"HLA-DQA1*01:03-DQB1*03:06",3368,16,46,62
"HLA-DQA1*01:03-DQB1*03:08",3368,8,51,59
"HLA-DQA1*01:03-DQB1*03:10",3368,6,27,33
"HLA-DQA1*01:03-DQB1*03:11",3368,0,9,9
"HLA-DQA1*01:03-DQB1*03:12",3368,4,25,29
"HLA-DQA1*01:03-DQB1*03:13",3368,5,34,39
"HLA-DQA1*01:03-DQB1*03:14",3368,5,27,32
"HLA-DQA1*01:03-DQB1*03:16",3368,6,27,33
"HLA-DQA1*01:03-DQB1*03:17",3368,0,19,19
"HLA-DQA1*01:03-DQB1*03:18",3368,0,9,9
"HLA-DQA1*01:03-DQB1*03:20",3368,0,17,17
"HLA-DQA1*01:03-DQB1*03:25",3368,16,46,62
"HLA-DQA1*01:03-DQB1*03:26",3368,0,17,17
"HLA-DQA1*01:03-DQB1*03:30",3368,0,5,5
"HLA-DQA1*01:03-DQB1*03:36",3368,6,27,33
"HLA-DQA1*01:03-DQB1*03:37",3368,0,9,9
"HLA-DQA1*01:03-DQB1*04:01",3368,0,22,22
"HLA-DQA1*01:03-DQB1*04:02",3368,0,22,22
"HLA-DQA1*01:03-DQB1*04:03",3368,3,28,31
"HLA-DQA1*01:03-DQB1*04:04",3368,7,39,46
"HLA-DQA1*01:03-DQB1*05:01",3368,20,102,122
"HLA-DQA1*01:03-DQB1*05:02",3368,23,78,101
"HLA-DQA1*01:03-DQB1*05:03",3368,15,53,68
"HLA-DQA1*01:03-DQB1*05:05",3368,23,78,101
"HLA-DQA1*01:03-DQB1*05:06",3368,15,53,68
"HLA-DQA1*01:03-DQB1*05:09",3368,15,53,68
"HLA-DQA1*01:03-DQB1*05:11",3368,20,102,122
"HLA-DQA1*01:03-DQB1*05:12",3368,24,118,142
"HLA-DQA1*01:03-DQB1*06:01",3368,3,17,20
"HLA-DQA1*01:03-DQB1*06:02",3368,10,39,49
"HLA-DQA1*01:03-DQB1*06:03",3368,53,147,200
"HLA-DQA1*01:03-DQB1*06:04",3368,11,46,57
"HLA-DQA1*01:03-DQB1*06:07",3368,0,18,18
"HLA-DQA1*01:03-DQB1*06:08",3368,172,332,504
"HLA-DQA1*01:03-DQB1*06:09",3368,0,13,13
"HLA-DQA1*01:03-DQB1*06:10",3368,6,23,29
"HLA-DQA1*01:03-DQB1*06:11",3368,9,55,64
"HLA-DQA1*01:03-DQB1*06:12",3368,12,60,72
"HLA-DQA1*01:03-DQB1*06:14",3368,37,116,153
"HLA-DQA1*01:03-DQB1*06:15",3368,1,10,11
"HLA-DQA1*01:03-DQB1*06:16",3368,10,39,49
"HLA-DQA1*01:03-DQB1*06:18",3368,4,13,17
"HLA-DQA1*01:03-DQB1*06:21",3368,81,212,293
"HLA-DQA1*01:03-DQB1*06:22",3368,0,8,8
"HLA-DQA1*01:03-DQB1*06:23",3368,7,26,33
"HLA-DQA1*01:03-DQB1*06:27",3368,19,113,132
"HLA-DQA1*01:03-DQB1*06:28",3368,53,147,200
"HLA-DQA1*01:03-DQB1*06:29",3368,7,37,44
"HLA-DQA1*01:03-DQB1*06:31",3368,53,147,200
"HLA-DQA1*01:03-DQB1*06:32",3368,7,25,32
"HLA-DQA1*01:03-DQB1*06:33",3368,8,37,45
"HLA-DQA1*01:03-DQB1*06:40",3368,53,147,200
"HLA-DQA1*01:04-DQB1*02:01",3368,10,83,93
"HLA-DQA1*01:04-DQB1*02:03",3368,16,135,151
"HLA-DQA1*01:04-DQB1*02:05",3368,92,264,356
"HLA-DQA1*01:04-DQB1*03:01",3368,112,258,370
"HLA-DQA1*01:04-DQB1*03:02",3368,14,88,102
"HLA-DQA1*01:04-DQB1*03:03",3368,59,150,209
"HLA-DQA1*01:04-DQB1*03:04",3368,83,164,247
"HLA-DQA1*01:04-DQB1*03:05",3368,31,153,184
"HLA-DQA1*01:04-DQB1*03:06",3368,535,575,1110
"HLA-DQA1*01:04-DQB1*03:08",3368,51,197,248
"HLA-DQA1*01:04-DQB1*03:10",3368,112,258,370
"HLA-DQA1*01:04-DQB1*03:11",3368,14,88,102
"HLA-DQA1*01:04-DQB1*03:12",3368,103,231,334
"HLA-DQA1*01:04-DQB1*03:13",3368,115,285,400
"HLA-DQA1*01:04-DQB1*03:14",3368,83,164,247
"HLA-DQA1*01:04-DQB1*03:16",3368,112,258,370
"HLA-DQA1*01:04-DQB1*03:17",3368,75,187,262
"HLA-DQA1*01:04-DQB1*03:18",3368,14,88,102
"HLA-DQA1*01:04-DQB1*03:20",3368,59,150,209
"HLA-DQA1*01:04-DQB1*03:25",3368,535,575,1110
"HLA-DQA1*01:04-DQB1*03:26",3368,59,150,209
"HLA-DQA1*01:04-DQB1*03:30",3368,43,105,148
"HLA-DQA1*01:04-DQB1*03:36",3368,112,258,370
"HLA-DQA1*01:04-DQB1*03:37",3368,14,88,102
"HLA-DQA1*01:04-DQB1*04:01",3368,341,488,829
"HLA-DQA1*01:04-DQB1*04:02",3368,341,488,829
"HLA-DQA1*01:04-DQB1*04:03",3368,360,495,855
"HLA-DQA1*01:04-DQB1*04:04",3368,489,516,1005
"HLA-DQA1*01:04-DQB1*05:01",3368,47,157,204
"HLA-DQA1*01:04-DQB1*05:02",3368,48,192,240
"HLA-DQA1*01:04-DQB1*05:03",3368,43,172,215
"HLA-DQA1*01:04-DQB1*05:05",3368,48,192,240
"HLA-DQA1*01:04-DQB1*05:06",3368,43,172,215
"HLA-DQA1*01:04-DQB1*05:09",3368,43,172,215
"HLA-DQA1*01:04-DQB1*05:11",3368,47,157,204
"HLA-DQA1*01:04-DQB1*05:12",3368,57,160,217
"HLA-DQA1*01:04-DQB1*06:01",3368,9,56,65
"HLA-DQA1*01:04-DQB1*06:02",3368,34,116,150
"HLA-DQA1*01:04-DQB1*06:03",3368,197,342,539
"HLA-DQA1*01:04-DQB1*06:04",3368,94,335,429
"HLA-DQA1*01:04-DQB1*06:07",3368,49,193,242
"HLA-DQA1*01:04-DQB1*06:08",3368,270,428,698
"HLA-DQA1*01:04-DQB1*06:09",3368,32,158,190
"HLA-DQA1*01:04-DQB1*06:10",3368,49,207,256
"HLA-DQA1*01:04-DQB1*06:11",3368,59,183,242
"HLA-DQA1*01:04-DQB1*06:12",3368,98,271,369
"HLA-DQA1*01:04-DQB1*06:14",3368,177,361,538
"HLA-DQA1*01:04-DQB1*06:15",3368,10,49,59
"HLA-DQA1*01:04-DQB1*06:16",3368,34,116,150
"HLA-DQA1*01:04-DQB1*06:18",3368,30,132,162
"HLA-DQA1*01:04-DQB1*06:21",3368,187,396,583
"HLA-DQA1*01:04-DQB1*06:22",3368,23,114,137
"HLA-DQA1*01:04-DQB1*06:23",3368,74,175,249
"HLA-DQA1*01:04-DQB1*06:27",3368,123,391,514
"HLA-DQA1*01:04-DQB1*06:28",3368,197,342,539
"HLA-DQA1*01:04-DQB1*06:29",3368,40,197,237
"HLA-DQA1*01:04-DQB1*06:31",3368,197,342,539
"HLA-DQA1*01:04-DQB1*06:32",3368,72,254,326
"HLA-DQA1*01:04-DQB1*06:33",3368,30,119,149
"HLA-DQA1*01:04-DQB1*06:40",3368,197,342,539
"HLA-DQA1*01:05-DQB1*02:01",3368,10,83,93
"HLA-DQA1*01:05-DQB1*02:03",3368,16,135,151
"HLA-DQA1*01:05-DQB1*02:05",3368,92,264,356
"HLA-DQA1*01:05-DQB1*03:01",3368,112,258,370
"HLA-DQA1*01:05-DQB1*03:02",3368,14,88,102
"HLA-DQA1*01:05-DQB1*03:03",3368,59,150,209
"HLA-DQA1*01:05-DQB1*03:04",3368,83,164,247
"HLA-DQA1*01:05-DQB1*03:05",3368,31,153,184
"HLA-DQA1*01:05-DQB1*03:06",3368,535,575,1110
"HLA-DQA1*01:05-DQB1*03:08",3368,51,197,248
"HLA-DQA1*01:05-DQB1*03:10",3368,112,258,370
"HLA-DQA1*01:05-DQB1*03:11",3368,14,88,102
"HLA-DQA1*01:05-DQB1*03:12",3368,103,231,334
"HLA-DQA1*01:05-DQB1*03:13",3368,115,285,400
"HLA-DQA1*01:05-DQB1*03:14",3368,83,164,247
"HLA-DQA1*01:05-DQB1*03:16",3368,112,258,370
"HLA-DQA1*01:05-DQB1*03:17",3368,75,187,262
"HLA-DQA1*01:05-DQB1*03:18",3368,14,88,102
"HLA-DQA1*01:05-DQB1*03:20",3368,59,150,209
"HLA-DQA1*01:05-DQB1*03:25",3368,535,575,1110
"HLA-DQA1*01:05-DQB1*03:26",3368,59,150,209
"HLA-DQA1*01:05-DQB1*03:30",3368,43,105,148
"HLA-DQA1*01:05-DQB1*03:36",3368,112,258,370
"HLA-DQA1*01:05-DQB1*03:37",3368,14,88,102
"HLA-DQA1*01:05-DQB1*04:01",3368,341,488,829
"HLA-DQA1*01:05-DQB1*04:02",3368,341,488,829
"HLA-DQA1*01:05-DQB1*04:03",3368,360,495,855
"HLA-DQA1*01:05-DQB1*04:04",3368,489,516,1005
"HLA-DQA1*01:05-DQB1*05:01",3368,47,157,204
"HLA-DQA1*01:05-DQB1*05:02",3368,48,192,240
"HLA-DQA1*01:05-DQB1*05:03",3368,43,172,215
"HLA-DQA1*01:05-DQB1*05:05",3368,48,192,240
"HLA-DQA1*01:05-DQB1*05:06",3368,43,172,215
"HLA-DQA1*01:05-DQB1*05:09",3368,43,172,215
"HLA-DQA1*01:05-DQB1*05:11",3368,47,157,204
"HLA-DQA1*01:05-DQB1*05:12",3368,57,160,217
"HLA-DQA1*01:05-DQB1*06:01",3368,9,56,65
"HLA-DQA1*01:05-DQB1*06:02",3368,34,116,150
"HLA-DQA1*01:05-DQB1*06:03",3368,197,342,539
"HLA-DQA1*01:05-DQB1*06:04",3368,94,335,429
"HLA-DQA1*01:05-DQB1*06:07",3368,49,193,242
"HLA-DQA1*01:05-DQB1*06:08",3368,270,428,698
"HLA-DQA1*01:05-DQB1*06:09",3368,32,158,190
"HLA-DQA1*01:05-DQB1*06:10",3368,49,207,256
"HLA-DQA1*01:05-DQB1*06:11",3368,59,183,242
"HLA-DQA1*01:05-DQB1*06:12",3368,98,271,369
"HLA-DQA1*01:05-DQB1*06:14",3368,177,361,538
"HLA-DQA1*01:05-DQB1*06:15",3368,10,49,59
"HLA-DQA1*01:05-DQB1*06:16",3368,34,116,150
"HLA-DQA1*01:05-DQB1*06:18",3368,30,132,162
"HLA-DQA1*01:05-DQB1*06:21",3368,187,396,583
"HLA-DQA1*01:05-DQB1*06:22",3368,23,114,137
"HLA-DQA1*01:05-DQB1*06:23",3368,74,175,249
"HLA-DQA1*01:05-DQB1*06:27",3368,123,391,514
"HLA-DQA1*01:05-DQB1*06:28",3368,197,342,539
"HLA-DQA1*01:05-DQB1*06:29",3368,40,197,237
"HLA-DQA1*01:05-DQB1*06:31",3368,197,342,539
"HLA-DQA1*01:05-DQB1*06:32",3368,72,254,326
"HLA-DQA1*01:05-DQB1*06:33",3368,30,119,149
"HLA-DQA1*01:05-DQB1*06:40",3368,197,342,539
"HLA-DQA1*02:01-DQB1*02:01",3368,34,177,211
"HLA-DQA1*02:01-DQB1*02:03",3368,43,174,217
"HLA-DQA1*02:01-DQB1*02:05",3368,168,396,564
"HLA-DQA1*02:01-DQB1*03:01",3368,31,119,150
"HLA-DQA1*02:01-DQB1*03:02",3368,57,175,232
"HLA-DQA1*02:01-DQB1*03:03",3368,47,117,164
"HLA-DQA1*02:01-DQB1*03:04",3368,38,121,159
"HLA-DQA1*02:01-DQB1*03:05",3368,32,143,175
"HLA-DQA1*02:01-DQB1*03:06",3368,214,399,613
"HLA-DQA1*02:01-DQB1*03:08",3368,119,263,382
"HLA-DQA1*02:01-DQB1*03:10",3368,31,119,150
"HLA-DQA1*02:01-DQB1*03:11",3368,57,175,232
"HLA-DQA1*02:01-DQB1*03:12",3368,50,140,190
"HLA-DQA1*02:01-DQB1*03:13",3368,41,116,157
"HLA-DQA1*02:01-DQB1*03:14",3368,38,121,159
"HLA-DQA1*02:01-DQB1*03:16",3368,31,119,150
"HLA-DQA1*02:01-DQB1*03:17",3368,42,88,130
"HLA-DQA1*02:01-DQB1*03:18",3368,57,175,232
"HLA-DQA1*02:01-DQB1*03:20",3368,47,117,164
"HLA-DQA1*02:01-DQB1*03:25",3368,214,399,613
"HLA-DQA1*02:01-DQB1*03:26",3368,47,117,164
"HLA-DQA1*02:01-DQB1*03:30",3368,28,85,113
"HLA-DQA1*02:01-DQB1*03:36",3368,31,119,150
"HLA-DQA1*02:01-DQB1*03:37",3368,57,175,232
"HLA-DQA1*02:01-DQB1*04:01",3368,73,173,246
"HLA-DQA1*02:01-DQB1*04:02",3368,73,173,246
"HLA-DQA1*02:01-DQB1*04:03",3368,126,280,406
"HLA-DQA1*02:01-DQB1*04:04",3368,120,255,375
"HLA-DQA1*02:01-DQB1*05:01",3368,26,151,177
"HLA-DQA1*02:01-DQB1*05:02",3368,5,94,99
"HLA-DQA1*02:01-DQB1*05:03",3368,11,83,94
"HLA-DQA1*02:01-DQB1*05:05",3368,5,94,99
"HLA-DQA1*02:01-DQB1*05:06",3368,11,83,94
"HLA-DQA1*02:01-DQB1*05:09",3368,11,83,94
"HLA-DQA1*02:01-DQB1*05:11",3368,26,151,177
"HLA-DQA1*02:01-DQB1*05:12",3368,45,164,209
"HLA-DQA1*02:01-DQB1*06:01",3368,14,61,75
"HLA-DQA1*02:01-DQB1*06:02",3368,16,69,85
"HLA-DQA1*02:01-DQB1*06:03",3368,83,258,341
"HLA-DQA1*02:01-DQB1*06:04",3368,27,131,158
"HLA-DQA1*02:01-DQB1*06:07",3368,16,86,102
"HLA-DQA1*02:01-DQB1*06:08",3368,172,376,548
"HLA-DQA1*02:01-DQB1*06:09",3368,5,38,43
"HLA-DQA1*02:01-DQB1*06:10",3368,13,53,66
"HLA-DQA1*02:01-DQB1*06:11",3368,29,75,104
"HLA-DQA1*02:01-DQB1*06:12",3368,21,119,140
"HLA-DQA1*02:01-DQB1*06:14",3368,76,220,296
"HLA-DQA1*02:01-DQB1*06:15",3368,3,29,32
"HLA-DQA1*02:01-DQB1*06:16",3368,16,69,85
"HLA-DQA1*02:01-DQB1*06:18",3368,8,47,55
"HLA-DQA1*02:01-DQB1*06:21",3368,106,265,371
"HLA-DQA1*02:01-DQB1*06:22",3368,3,25,28
"HLA-DQA1*02:01-DQB1*06:23",3368,17,89,106
"HLA-DQA1*02:01-DQB1*06:27",3368,55,183,238
"HLA-DQA1*02:01-DQB1*06:28",3368,83,258,341
"HLA-DQA1*02:01-DQB1*06:29",3368,10,61,71
"HLA-DQA1*02:01-DQB1*06:31",3368,83,258,341
"HLA-DQA1*02:01-DQB1*06:32",3368,36,94,130
"HLA-DQA1*02:01-DQB1*06:33",3368,19,67,86
"HLA-DQA1*02:01-DQB1*06:40",3368,83,258,341
"HLA-DQA1*03:01-DQB1*02:01",3368,32,140,172
"HLA-DQA1*03:01-DQB1*02:03",3368,37,182,219
"HLA-DQA1*03:01-DQB1*02:05",3368,146,336,482
"HLA-DQA1*03:01-DQB1*03:01",3368,32,101,133
"HLA-DQA1*03:01-DQB1*03:02",3368,29,130,159
"HLA-DQA1*03:01-DQB1*03:03",3368,50,134,184
"HLA-DQA1*03:01-DQB1*03:04",3368,36,100,136
"HLA-DQA1*03:01-DQB1*03:05",3368,11,93,104
"HLA-DQA1*03:01-DQB1*03:06",3368,291,481,772
"HLA-DQA1*03:01-DQB1*03:08",3368,49,175,224
"HLA-DQA1*03:01-DQB1*03:10",3368,32,101,133
"HLA-DQA1*03:01-DQB1*03:11",3368,29,130,159
"HLA-DQA1*03:01-DQB1*03:12",3368,56,143,199
"HLA-DQA1*03:01-DQB1*03:13",3368,32,112,144
"HLA-DQA1*03:01-DQB1*03:14",3368,36,100,136
"HLA-DQA1*03:01-DQB1*03:16",3368,32,101,133
"HLA-DQA1*03:01-DQB1*03:17",3368,23,95,118
"HLA-DQA1*03:01-DQB1*03:18",3368,29,130,159
"HLA-DQA1*03:01-DQB1*03:20",3368,50,134,184
"HLA-DQA1*03:01-DQB1*03:25",3368,291,481,772
"HLA-DQA1*03:01-DQB1*03:26",3368,50,134,184
"HLA-DQA1*03:01-DQB1*03:30",3368,31,94,125
"HLA-DQA1*03:01-DQB1*03:36",3368,32,101,133
"HLA-DQA1*03:01-DQB1*03:37",3368,29,130,159
"HLA-DQA1*03:01-DQB1*04:01",3368,88,200,288
"HLA-DQA1*03:01-DQB1*04:02",3368,88,200,288
"HLA-DQA1*03:01-DQB1*04:03",3368,166,336,502
"HLA-DQA1*03:01-DQB1*04:04",3368,133,252,385
"HLA-DQA1*03:01-DQB1*05:01",3368,0,64,64
"HLA-DQA1*03:01-DQB1*05:02",3368,8,65,73
"HLA-DQA1*03:01-DQB1*05:03",3368,6,36,42
"HLA-DQA1*03:01-DQB1*05:05",3368,8,65,73
"HLA-DQA1*03:01-DQB1*05:06",3368,6,36,42
"HLA-DQA1*03:01-DQB1*05:09",3368,6,36,42
"HLA-DQA1*03:01-DQB1*05:11",3368,0,64,64
"HLA-DQA1*03:01-DQB1*05:12",3368,3,96,99
"HLA-DQA1*03:01-DQB1*06:01",3368,4,38,42
"HLA-DQA1*03:01-DQB1*06:02",3368,5,55,60
"HLA-DQA1*03:01-DQB1*06:03",3368,64,222,286
"HLA-DQA1*03:01-DQB1*06:04",3368,13,81,94
"HLA-DQA1*03:01-DQB1*06:07",3368,5,66,71
"HLA-DQA1*03:01-DQB1*06:08",3368,120,333,453
"HLA-DQA1*03:01-DQB1*06:09",3368,1,33,34
"HLA-DQA1*03:01-DQB1*06:10",3368,8,41,49
"HLA-DQA1*03:01-DQB1*06:11",3368,19,78,97
"HLA-DQA1*03:01-DQB1*06:12",3368,9,95,104
"HLA-DQA1*03:01-DQB1*06:14",3368,65,250,315
"HLA-DQA1*03:01-DQB1*06:15",3368,4,15,19
"HLA-DQA1*03:01-DQB1*06:16",3368,5,55,60
"HLA-DQA1*03:01-DQB1*06:18",3368,3,50,53
"HLA-DQA1*03:01-DQB1*06:21",3368,49,214,263
"HLA-DQA1*03:01-DQB1*06:22",3368,1,27,28
"HLA-DQA1*03:01-DQB1*06:23",3368,10,62,72
"HLA-DQA1*03:01-DQB1*06:27",3368,38,153,191
"HLA-DQA1*03:01-DQB1*06:28",3368,64,222,286
"HLA-DQA1*03:01-DQB1*06:29",3368,10,47,57
"HLA-DQA1*03:01-DQB1*06:31",3368,64,222,286
"HLA-DQA1*03:01-DQB1*06:32",3368,18,105,123
"HLA-DQA1*03:01-DQB1*06:33",3368,7,53,60
"HLA-DQA1*03:01-DQB1*06:40",3368,64,222,286
"HLA-DQA1*03:02-DQB1*02:01",3368,32,140,172
"HLA-DQA1*03:02-DQB1*02:03",3368,37,182,219
"HLA-DQA1*03:02-DQB1*02:05",3368,146,336,482
"HLA-DQA1*03:02-DQB1*03:01",3368,32,101,133
"HLA-DQA1*03:02-DQB1*03:02",3368,29,130,159
"HLA-DQA1*03:02-DQB1*03:03",3368,50,134,184
"HLA-DQA1*03:02-DQB1*03:04",3368,36,100,136
"HLA-DQA1*03:02-DQB1*03:05",3368,11,93,104
"HLA-DQA1*03:02-DQB1*03:06",3368,291,481,772
"HLA-DQA1*03:02-DQB1*03:08",3368,49,175,224
"HLA-DQA1*03:02-DQB1*03:10",3368,32,101,133
"HLA-DQA1*03:02-DQB1*03:11",3368,29,130,159
"HLA-DQA1*03:02-DQB1*03:12",3368,56,143,199
"HLA-DQA1*03:02-DQB1*03:13",3368,32,112,144
"HLA-DQA1*03:02-DQB1*03:14",3368,36,100,136
"HLA-DQA1*03:02-DQB1*03:16",3368,32,101,133
"HLA-DQA1*03:02-DQB1*03:17",3368,23,95,118
"HLA-DQA1*03:02-DQB1*03:18",3368,29,130,159
"HLA-DQA1*03:02-DQB1*03:20",3368,50,134,184
"HLA-DQA1*03:02-DQB1*03:25",3368,291,481,772
"HLA-DQA1*03:02-DQB1*03:26",3368,50,134,184
"HLA-DQA1*03:02-DQB1*03:30",3368,31,94,125
"HLA-DQA1*03:02-DQB1*03:36",3368,32,101,133
"HLA-DQA1*03:02-DQB1*03:37",3368,29,130,159
"HLA-DQA1*03:02-DQB1*04:01",3368,88,200,288
"HLA-DQA1*03:02-DQB1*04:02",3368,88,200,288
"HLA-DQA1*03:02-DQB1*04:03",3368,166,336,502
"HLA-DQA1*03:02-DQB1*04:04",3368,133,252,385
"HLA-DQA1*03:02-DQB1*05:01",3368,0,64,64
"HLA-DQA1*03:02-DQB1*05:02",3368,8,65,73
"HLA-DQA1*03:02-DQB1*05:03",3368,6,36,42
"HLA-DQA1*03:02-DQB1*05:05",3368,8,65,73
"HLA-DQA1*03:02-DQB1*05:06",3368,6,36,42
"HLA-DQA1*03:02-DQB1*05:09",3368,6,36,42
"HLA-DQA1*03:02-DQB1*05:11",3368,0,64,64
"HLA-DQA1*03:02-DQB1*05:12",3368,3,96,99
"HLA-DQA1*03:02-DQB1*06:01",3368,4,38,42
"HLA-DQA1*03:02-DQB1*06:02",3368,5,55,60
"HLA-DQA1*03:02-DQB1*06:03",3368,64,222,286
"HLA-DQA1*03:02-DQB1*06:04",3368,13,81,94
"HLA-DQA1*03:02-DQB1*06:07",3368,5,66,71
"HLA-DQA1*03:02-DQB1*06:08",3368,120,333,453
"HLA-DQA1*03:02-DQB1*06:09",3368,1,33,34
"HLA-DQA1*03:02-DQB1*06:10",3368,8,41,49
"HLA-DQA1*03:02-DQB1*06:11",3368,19,78,97
"HLA-DQA1*03:02-DQB1*06:12",3368,9,95,104
"HLA-DQA1*03:02-DQB1*06:14",3368,65,250,315
"HLA-DQA1*03:02-DQB1*06:15",3368,4,15,19
"HLA-DQA1*03:02-DQB1*06:16",3368,5,55,60
"HLA-DQA1*03:02-DQB1*06:18",3368,3,50,53
"HLA-DQA1*03:02-DQB1*06:21",3368,49,214,263
"HLA-DQA1*03:02-DQB1*06:22",3368,1,27,28
"HLA-DQA1*03:02-DQB1*06:23",3368,10,62,72
"HLA-DQA1*03:02-DQB1*06:27",3368,38,153,191
"HLA-DQA1*03:02-DQB1*06:28",3368,64,222,286
"HLA-DQA1*03:02-DQB1*06:29",3368,10,47,57
"HLA-DQA1*03:02-DQB1*06:31",3368,64,222,286
"HLA-DQA1*03:02-DQB1*06:32",3368,18,105,123
"HLA-DQA1*03:02-DQB1*06:33",3368,7,53,60
"HLA-DQA1*03:02-DQB1*06:40",3368,64,222,286
"HLA-DQA1*03:03-DQB1*02:01",3368,32,140,172
"HLA-DQA1*03:03-DQB1*02:03",3368,37,182,219
"HLA-DQA1*03:03-DQB1*02:05",3368,146,336,482
"HLA-DQA1*03:03-DQB1*03:01",3368,32,101,133
"HLA-DQA1*03:03-DQB1*03:02",3368,29,130,159
"HLA-DQA1*03:03-DQB1*03:03",3368,50,134,184
"HLA-DQA1*03:03-DQB1*03:04",3368,36,100,136
"HLA-DQA1*03:03-DQB1*03:05",3368,11,93,104
"HLA-DQA1*03:03-DQB1*03:06",3368,291,481,772
"HLA-DQA1*03:03-DQB1*03:08",3368,49,175,224
"HLA-DQA1*03:03-DQB1*03:10",3368,32,101,133
"HLA-DQA1*03:03-DQB1*03:11",3368,29,130,159
"HLA-DQA1*03:03-DQB1*03:12",3368,56,143,199
"HLA-DQA1*03:03-DQB1*03:13",3368,32,112,144
"HLA-DQA1*03:03-DQB1*03:14",3368,36,100,136
"HLA-DQA1*03:03-DQB1*03:16",3368,32,101,133
"HLA-DQA1*03:03-DQB1*03:17",3368,23,95,118
"HLA-DQA1*03:03-DQB1*03:18",3368,29,130,159
"HLA-DQA1*03:03-DQB1*03:20",3368,50,134,184
"HLA-DQA1*03:03-DQB1*03:25",3368,291,481,772
"HLA-DQA1*03:03-DQB1*03:26",3368,50,134,184
"HLA-DQA1*03:03-DQB1*03:30",3368,31,94,125
"HLA-DQA1*03:03-DQB1*03:36",3368,32,101,133
"HLA-DQA1*03:03-DQB1*03:37",3368,29,130,159
"HLA-DQA1*03:03-DQB1*04:01",3368,88,200,288
"HLA-DQA1*03:03-DQB1*04:02",3368,88,200,288
"HLA-DQA1*03:03-DQB1*04:03",3368,166,336,502
"HLA-DQA1*03:03-DQB1*04:04",3368,133,252,385
"HLA-DQA1*03:03-DQB1*05:01",3368,0,64,64
"HLA-DQA1*03:03-DQB1*05:02",3368,8,65,73
"HLA-DQA1*03:03-DQB1*05:03",3368,6,36,42
"HLA-DQA1*03:03-DQB1*05:05",3368,8,65,73
"HLA-DQA1*03:03-DQB1*05:06",3368,6,36,42
"HLA-DQA1*03:03-DQB1*05:09",3368,6,36,42
"HLA-DQA1*03:03-DQB1*05:11",3368,0,64,64
"HLA-DQA1*03:03-DQB1*05:12",3368,3,96,99
"HLA-DQA1*03:03-DQB1*06:01",3368,4,38,42
"HLA-DQA1*03:03-DQB1*06:02",3368,5,55,60
"HLA-DQA1*03:03-DQB1*06:03",3368,64,222,286
"HLA-DQA1*03:03-DQB1*06:04",3368,13,81,94
"HLA-DQA1*03:03-DQB1*06:07",3368,5,66,71
"HLA-DQA1*03:03-DQB1*06:08",3368,120,333,453
"HLA-DQA1*03:03-DQB1*06:09",3368,1,33,34
"HLA-DQA1*03:03-DQB1*06:10",3368,8,41,49
"HLA-DQA1*03:03-DQB1*06:11",3368,19,78,97
"HLA-DQA1*03:03-DQB1*06:12",3368,9,95,104
"HLA-DQA1*03:03-DQB1*06:14",3368,65,250,315
"HLA-DQA1*03:03-DQB1*06:15",3368,4,15,19
"HLA-DQA1*03:03-DQB1*06:16",3368,5,55,60
"HLA-DQA1*03:03-DQB1*06:18",3368,3,50,53
"HLA-DQA1*03:03-DQB1*06:21",3368,49,214,263
"HLA-DQA1*03:03-DQB1*06:22",3368,1,27,28
"HLA-DQA1*03:03-DQB1*06:23",3368,10,62,72
"HLA-DQA1*03:03-DQB1*06:27",3368,38,153,191
"HLA-DQA1*03:03-DQB1*06:28",3368,64,222,286
"HLA-DQA1*03:03-DQB1*06:29",3368,10,47,57
"HLA-DQA1*03:03-DQB1*06:31",3368,64,222,286
"HLA-DQA1*03:03-DQB1*06:32",3368,18,105,123
"HLA-DQA1*03:03-DQB1*06:33",3368,7,53,60
"HLA-DQA1*03:03-DQB1*06:40",3368,64,222,286
"HLA-DQA1*04:01-DQB1*02:01",3368,585,518,1103
"HLA-DQA1*04:01-DQB1*02:03",3368,489,642,1131
"HLA-DQA1*04:01-DQB1*02:05",3368,948,674,1622
"HLA-DQA1*04:01-DQB1*03:01",3368,257,399,656
"HLA-DQA1*04:01-DQB1*03:02",3368,338,652,990
"HLA-DQA1*04:01-DQB1*03:03",3368,499,553,1052
"HLA-DQA1*04:01-DQB1*03:04",3368,211,365,576
"HLA-DQA1*04:01-DQB1*03:05",3368,241,496,737
"HLA-DQA1*04:01-DQB1*03:06",3368,1148,790,1938
"HLA-DQA1*04:01-DQB1*03:08",3368,323,537,860
"HLA-DQA1*04:01-DQB1*03:10",3368,257,399,656
"HLA-DQA1*04:01-DQB1*03:11",3368,338,652,990
"HLA-DQA1*04:01-DQB1*03:12",3368,439,534,973
"HLA-DQA1*04:01-DQB1*03:13",3368,263,447,710
"HLA-DQA1*04:01-DQB1*03:14",3368,211,365,576
"HLA-DQA1*04:01-DQB1*03:16",3368,257,399,656
"HLA-DQA1*04:01-DQB1*03:17",3368,337,470,807
"HLA-DQA1*04:01-DQB1*03:18",3368,338,652,990
"HLA-DQA1*04:01-DQB1*03:20",3368,499,553,1052
"HLA-DQA1*04:01-DQB1*03:25",3368,1148,790,1938
"HLA-DQA1*04:01-DQB1*03:26",3368,499,553,1052
"HLA-DQA1*04:01-DQB1*03:30",3368,402,529,931
"HLA-DQA1*04:01-DQB1*03:36",3368,257,399,656
"HLA-DQA1*04:01-DQB1*03:37",3368,338,652,990
"HLA-DQA1*04:01-DQB1*04:01",3368,751,580,1331
"HLA-DQA1*04:01-DQB1*04:02",3368,751,580,1331
"HLA-DQA1*04:01-DQB1*04:03",3368,1085,733,1818
"HLA-DQA1*04:01-DQB1*04:04",3368,795,617,1412
"HLA-DQA1*04:01-DQB1*05:01",3368,43,151,194
"HLA-DQA1*04:01-DQB1*05:02",3368,19,103,122
"HLA-DQA1*04:01-DQB1*05:03",3368,17,70,87
"HLA-DQA1*04:01-DQB1*05:05",3368,19,103,122
"HLA-DQA1*04:01-DQB1*05:06",3368,17,70,87
"HLA-DQA1*04:01-DQB1*05:09",3368,17,70,87
"HLA-DQA1*04:01-DQB1*05:11",3368,43,151,194
"HLA-DQA1*04:01-DQB1*05:12",3368,58,164,222
"HLA-DQA1*04:01-DQB1*06:01",3368,52,150,202
"HLA-DQA1*04:01-DQB1*06:02",3368,58,157,215
"HLA-DQA1*04:01-DQB1*06:03",3368,201,378,579
"HLA-DQA1*04:01-DQB1*06:04",3368,248,404,652
"HLA-DQA1*04:01-DQB1*06:07",3368,123,258,381
"HLA-DQA1*04:01-DQB1*06:08",3368,333,487,820
"HLA-DQA1*04:01-DQB1*06:09",3368,130,292,422
"HLA-DQA1*04:01-DQB1*06:10",3368,149,312,461
"HLA-DQA1*04:01-DQB1*06:11",3368,75,182,257
"HLA-DQA1*04:01-DQB1*06:12",3368,144,332,476
"HLA-DQA1*04:01-DQB1*06:14",3368,189,431,620
"HLA-DQA1*04:01-DQB1*06:15",3368,55,140,195
"HLA-DQA1*04:01-DQB1*06:16",3368,58,157,215
"HLA-DQA1*04:01-DQB1*06:18",3368,116,295,411
"HLA-DQA1*04:01-DQB1*06:21",3368,247,427,674
"HLA-DQA1*04:01-DQB1*06:22",3368,95,228,323
"HLA-DQA1*04:01-DQB1*06:23",3368,51,129,180
"HLA-DQA1*04:01-DQB1*06:27",3368,271,478,749
"HLA-DQA1*04:01-DQB1*06:28",3368,201,378,579
"HLA-DQA1*04:01-DQB1*06:29",3368,67,189,256
"HLA-DQA1*04:01-DQB1*06:31",3368,201,378,579
"HLA-DQA1*04:01-DQB1*06:32",3368,184,375,559
"HLA-DQA1*04:01-DQB1*06:33",3368,54,138,192
"HLA-DQA1*04:01-DQB1*06:40",3368,201,378,579
"HLA-DQA1*05:01-DQB1*02:01",3368,30,150,180
"HLA-DQA1*05:01-DQB1*02:03",3368,53,168,221
"HLA-DQA1*05:01-DQB1*02:05",3368,101,330,431
"HLA-DQA1*05:01-DQB1*03:01",3368,28,108,136
"HLA-DQA1*05:01-DQB1*03:02",3368,32,133,165
"HLA-DQA1*05:01-DQB1*03:03",3368,37,129,166
"HLA-DQA1*05:01-DQB1*03:04",3368,34,100,134
"HLA-DQA1*05:01-DQB1*03:05",3368,28,105,133
"HLA-DQA1*05:01-DQB1*03:06",3368,182,371,553
"HLA-DQA1*05:01-DQB1*03:08",3368,80,211,291
"HLA-DQA1*05:01-DQB1*03:10",3368,28,108,136
"HLA-DQA1*05:01-DQB1*03:11",3368,32,133,165
"HLA-DQA1*05:01-DQB1*03:12",3368,40,149,189
"HLA-DQA1*05:01-DQB1*03:13",3368,35,105,140
"HLA-DQA1*05:01-DQB1*03:14",3368,34,100,134
"HLA-DQA1*05:01-DQB1*03:16",3368,28,108,136
"HLA-DQA1*05:01-DQB1*03:17",3368,37,98,135
"HLA-DQA1*05:01-DQB1*03:18",3368,32,133,165
"HLA-DQA1*05:01-DQB1*03:20",3368,37,129,166
"HLA-DQA1*05:01-DQB1*03:25",3368,182,371,553
"HLA-DQA1*05:01-DQB1*03:26",3368,37,129,166
"HLA-DQA1*05:01-DQB1*03:30",3368,20,87,107
"HLA-DQA1*05:01-DQB1*03:36",3368,28,108,136
"HLA-DQA1*05:01-DQB1*03:37",3368,32,133,165
"HLA-DQA1*05:01-DQB1*04:01",3368,82,190,272
"HLA-DQA1*05:01-DQB1*04:02",3368,82,190,272
"HLA-DQA1*05:01-DQB1*04:03",3368,102,244,346
"HLA-DQA1*05:01-DQB1*04:04",3368,140,267,407
"HLA-DQA1*05:01-DQB1*05:01",3368,54,204,258
"HLA-DQA1*05:01-DQB1*05:02",3368,20,123,143
"HLA-DQA1*05:01-DQB1*05:03",3368,17,112,129
"HLA-DQA1*05:01-DQB1*05:05",3368,20,123,143
"HLA-DQA1*05:01-DQB1*05:06",3368,17,112,129
"HLA-DQA1*05:01-DQB1*05:09",3368,17,112,129
"HLA-DQA1*05:01-DQB1*05:11",3368,54,204,258
"HLA-DQA1*05:01-DQB1*05:12",3368,71,228,299
"HLA-DQA1*05:01-DQB1*06:01",3368,16,62,78
"HLA-DQA1*05:01-DQB1*06:02",3368,31,96,127
"HLA-DQA1*05:01-DQB1*06:03",3368,103,338,441
"HLA-DQA1*05:01-DQB1*06:04",3368,29,146,175
"HLA-DQA1*05:01-DQB1*06:07",3368,24,102,126
"HLA-DQA1*05:01-DQB1*06:08",3368,192,406,598
"HLA-DQA1*05:01-DQB1*06:09",3368,10,63,73
"HLA-DQA1*05:01-DQB1*06:10",3368,17,77,94
"HLA-DQA1*05:01-DQB1*06:11",3368,42,119,161
"HLA-DQA1*05:01-DQB1*06:12",3368,38,215,253
"HLA-DQA1*05:01-DQB1*06:14",3368,106,329,435
"HLA-DQA1*05:01-DQB1*06:15",3368,5,40,45
"HLA-DQA1*05:01-DQB1*06:16",3368,31,96,127
"HLA-DQA1*05:01-DQB1*06:18",3368,11,56,67
"HLA-DQA1*05:01-DQB1*06:21",3368,143,340,483
"HLA-DQA1*05:01-DQB1*06:22",3368,10,39,49
"HLA-DQA1*05:01-DQB1*06:23",3368,26,130,156
"HLA-DQA1*05:01-DQB1*06:27",3368,48,183,231
"HLA-DQA1*05:01-DQB1*06:28",3368,103,338,441
"HLA-DQA1*05:01-DQB1*06:29",3368,19,88,107
"HLA-DQA1*05:01-DQB1*06:31",3368,103,338,441
"HLA-DQA1*05:01-DQB1*06:32",3368,45,116,161
"HLA-DQA1*05:01-DQB1*06:33",3368,33,101,134
"HLA-DQA1*05:01-DQB1*06:40",3368,103,338,441
"HLA-DQA1*05:03-DQB1*02:01",3368,30,150,180
"HLA-DQA1*05:03-DQB1*02:03",3368,53,168,221
"HLA-DQA1*05:03-DQB1*02:05",3368,101,330,431
"HLA-DQA1*05:03-DQB1*03:01",3368,28,108,136
"HLA-DQA1*05:03-DQB1*03:02",3368,32,133,165
"HLA-DQA1*05:03-DQB1*03:03",3368,37,129,166
"HLA-DQA1*05:03-DQB1*03:04",3368,34,100,134
"HLA-DQA1*05:03-DQB1*03:05",3368,28,105,133
"HLA-DQA1*05:03-DQB1*03:06",3368,182,371,553
"HLA-DQA1*05:03-DQB1*03:08",3368,80,211,291
"HLA-DQA1*05:03-DQB1*03:10",3368,28,108,136
"HLA-DQA1*05:03-DQB1*03:11",3368,32,133,165
"HLA-DQA1*05:03-DQB1*03:12",3368,40,149,189
"HLA-DQA1*05:03-DQB1*03:13",3368,35,105,140
"HLA-DQA1*05:03-DQB1*03:14",3368,34,100,134
"HLA-DQA1*05:03-DQB1*03:16",3368,28,108,136
"HLA-DQA1*05:03-DQB1*03:17",3368,37,98,135
"HLA-DQA1*05:03-DQB1*03:18",3368,32,133,165
"HLA-DQA1*05:03-DQB1*03:20",3368,37,129,166
"HLA-DQA1*05:03-DQB1*03:25",3368,182,371,553
"HLA-DQA1*05:03-DQB1*03:26",3368,37,129,166
"HLA-DQA1*05:03-DQB1*03:30",3368,20,87,107
"HLA-DQA1*05:03-DQB1*03:36",3368,28,108,136
"HLA-DQA1*05:03-DQB1*03:37",3368,32,133,165
"HLA-DQA1*05:03-DQB1*04:01",3368,82,190,272
"HLA-DQA1*05:03-DQB1*04:02",3368,82,190,272
"HLA-DQA1*05:03-DQB1*04:03",3368,102,244,346
"HLA-DQA1*05:03-DQB1*04:04",3368,140,267,407
"HLA-DQA1*05:03-DQB1*05:01",3368,54,204,258
"HLA-DQA1*05:03-DQB1*05:02",3368,20,123,143
"HLA-DQA1*05:03-DQB1*05:03",3368,17,112,129
"HLA-DQA1*05:03-DQB1*05:05",3368,20,123,143
"HLA-DQA1*05:03-DQB1*05:06",3368,17,112,129
"HLA-DQA1*05:03-DQB1*05:09",3368,17,112,129
"HLA-DQA1*05:03-DQB1*05:11",3368,54,204,258
"HLA-DQA1*05:03-DQB1*05:12",3368,71,228,299
"HLA-DQA1*05:03-DQB1*06:01",3368,16,62,78
"HLA-DQA1*05:03-DQB1*06:02",3368,31,96,127
"HLA-DQA1*05:03-DQB1*06:03",3368,103,338,441
"HLA-DQA1*05:03-DQB1*06:04",3368,29,146,175
"HLA-DQA1*05:03-DQB1*06:07",3368,24,102,126
"HLA-DQA1*05:03-DQB1*06:08",3368,192,406,598
"HLA-DQA1*05:03-DQB1*06:09",3368,10,63,73
"HLA-DQA1*05:03-DQB1*06:10",3368,17,77,94
"HLA-DQA1*05:03-DQB1*06:11",3368,42,119,161
"HLA-DQA1*05:03-DQB1*06:12",3368,38,215,253
"HLA-DQA1*05:03-DQB1*06:14",3368,106,329,435
"HLA-DQA1*05:03-DQB1*06:15",3368,5,40,45
"HLA-DQA1*05:03-DQB1*06:16",3368,31,96,127
"HLA-DQA1*05:03-DQB1*06:18",3368,11,56,67
"HLA-DQA1*05:03-DQB1*06:21",3368,143,340,483
"HLA-DQA1*05:03-DQB1*06:22",3368,10,39,49
"HLA-DQA1*05:03-DQB1*06:23",3368,26,130,156
"HLA-DQA1*05:03-DQB1*06:27",3368,48,183,231
"HLA-DQA1*05:03-DQB1*06:28",3368,103,338,441
"HLA-DQA1*05:03-DQB1*06:29",3368,19,88,107
"HLA-DQA1*05:03-DQB1*06:31",3368,103,338,441
"HLA-DQA1*05:03-DQB1*06:32",3368,45,116,161
"HLA-DQA1*05:03-DQB1*06:33",3368,33,101,134
"HLA-DQA1*05:03-DQB1*06:40",3368,103,338,441
"HLA-DQA1*05:05-DQB1*02:01",3368,30,150,180
"HLA-DQA1*05:05-DQB1*02:03",3368,53,168,221
"HLA-DQA1*05:05-DQB1*02:05",3368,101,330,431
"HLA-DQA1*05:05-DQB1*03:01",3368,28,108,136
"HLA-DQA1*05:05-DQB1*03:02",3368,32,133,165
"HLA-DQA1*05:05-DQB1*03:03",3368,37,129,166
"HLA-DQA1*05:05-DQB1*03:04",3368,34,100,134
"HLA-DQA1*05:05-DQB1*03:05",3368,28,105,133
"HLA-DQA1*05:05-DQB1*03:06",3368,182,371,553
"HLA-DQA1*05:05-DQB1*03:08",3368,80,211,291
"HLA-DQA1*05:05-DQB1*03:10",3368,28,108,136
"HLA-DQA1*05:05-DQB1*03:11",3368,32,133,165
"HLA-DQA1*05:05-DQB1*03:12",3368,40,149,189
"HLA-DQA1*05:05-DQB1*03:13",3368,35,105,140
"HLA-DQA1*05:05-DQB1*03:14",3368,34,100,134
"HLA-DQA1*05:05-DQB1*03:16",3368,28,108,136
"HLA-DQA1*05:05-DQB1*03:17",3368,37,98,135
"HLA-DQA1*05:05-DQB1*03:18",3368,32,133,165
"HLA-DQA1*05:05-DQB1*03:20",3368,37,129,166
"HLA-DQA1*05:05-DQB1*03:25",3368,182,371,553
"HLA-DQA1*05:05-DQB1*03:26",3368,37,129,166
"HLA-DQA1*05:05-DQB1*03:30",3368,20,87,107
"HLA-DQA1*05:05-DQB1*03:36",3368,28,108,136
"HLA-DQA1*05:05-DQB1*03:37",3368,32,133,165
"HLA-DQA1*05:05-DQB1*04:01",3368,82,190,272
"HLA-DQA1*05:05-DQB1*04:02",3368,82,190,272
"HLA-DQA1*05:05-DQB1*04:03",3368,102,244,346
"HLA-DQA1*05:05-DQB1*04:04",3368,140,267,407
"HLA-DQA1*05:05-DQB1*05:01",3368,54,204,258
"HLA-DQA1*05:05-DQB1*05:02",3368,20,123,143
"HLA-DQA1*05:05-DQB1*05:03",3368,17,112,129
"HLA-DQA1*05:05-DQB1*05:05",3368,20,123,143
"HLA-DQA1*05:05-DQB1*05:06",3368,17,112,129
"HLA-DQA1*05:05-DQB1*05:09",3368,17,112,129
"HLA-DQA1*05:05-DQB1*05:11",3368,54,204,258
"HLA-DQA1*05:05-DQB1*05:12",3368,71,228,299
"HLA-DQA1*05:05-DQB1*06:01",3368,16,62,78
"HLA-DQA1*05:05-DQB1*06:02",3368,31,96,127
"HLA-DQA1*05:05-DQB1*06:03",3368,103,338,441
"HLA-DQA1*05:05-DQB1*06:04",3368,29,146,175
"HLA-DQA1*05:05-DQB1*06:07",3368,24,102,126
"HLA-DQA1*05:05-DQB1*06:08",3368,192,406,598
"HLA-DQA1*05:05-DQB1*06:09",3368,10,63,73
"HLA-DQA1*05:05-DQB1*06:10",3368,17,77,94
"HLA-DQA1*05:05-DQB1*06:11",3368,42,119,161
"HLA-DQA1*05:05-DQB1*06:12",3368,38,215,253
"HLA-DQA1*05:05-DQB1*06:14",3368,106,329,435
"HLA-DQA1*05:05-DQB1*06:15",3368,5,40,45
"HLA-DQA1*05:05-DQB1*06:16",3368,31,96,127
"HLA-DQA1*05:05-DQB1*06:18",3368,11,56,67
"HLA-DQA1*05:05-DQB1*06:21",3368,143,340,483
"HLA-DQA1*05:05-DQB1*06:22",3368,10,39,49
"HLA-DQA1*05:05-DQB1*06:23",3368,26,130,156
"HLA-DQA1*05:05-DQB1*06:27",3368,48,183,231
"HLA-DQA1*05:05-DQB1*06:28",3368,103,338,441
"HLA-DQA1*05:05-DQB1*06:29",3368,19,88,107
"HLA-DQA1*05:05-DQB1*06:31",3368,103,338,441
"HLA-DQA1*05:05-DQB1*06:32",3368,45,116,161
"HLA-DQA1*05:05-DQB1*06:33",3368,33,101,134
"HLA-DQA1*05:05-DQB1*06:40",3368,103,338,441
"HLA-DQA1*05:08-DQB1*02:01",3368,30,150,180
"HLA-DQA1*05:08-DQB1*02:03",3368,53,168,221
"HLA-DQA1*05:08-DQB1*02:05",3368,101,330,431
"HLA-DQA1*05:08-DQB1*03:01",3368,28,108,136
"HLA-DQA1*05:08-DQB1*03:02",3368,32,133,165
"HLA-DQA1*05:08-DQB1*03:03",3368,37,129,166
"HLA-DQA1*05:08-DQB1*03:04",3368,34,100,134
"HLA-DQA1*05:08-DQB1*03:05",3368,28,105,133
"HLA-DQA1*05:08-DQB1*03:06",3368,182,371,553
"HLA-DQA1*05:08-DQB1*03:08",3368,80,211,291
"HLA-DQA1*05:08-DQB1*03:10",3368,28,108,136
"HLA-DQA1*05:08-DQB1*03:11",3368,32,133,165
"HLA-DQA1*05:08-DQB1*03:12",3368,40,149,189
"HLA-DQA1*05:08-DQB1*03:13",3368,35,105,140
"HLA-DQA1*05:08-DQB1*03:14",3368,34,100,134
"HLA-DQA1*05:08-DQB1*03:16",3368,28,108,136
"HLA-DQA1*05:08-DQB1*03:17",3368,37,98,135
"HLA-DQA1*05:08-DQB1*03:18",3368,32,133,165
"HLA-DQA1*05:08-DQB1*03:20",3368,37,129,166
"HLA-DQA1*05:08-DQB1*03:25",3368,182,371,553
"HLA-DQA1*05:08-DQB1*03:26",3368,37,129,166
"HLA-DQA1*05:08-DQB1*03:30",3368,20,87,107
"HLA-DQA1*05:08-DQB1*03:36",3368,28,108,136
"HLA-DQA1*05:08-DQB1*03:37",3368,32,133,165
"HLA-DQA1*05:08-DQB1*04:01",3368,82,190,272
"HLA-DQA1*05:08-DQB1*04:02",3368,82,190,272
"HLA-DQA1*05:08-DQB1*04:03",3368,102,244,346
"HLA-DQA1*05:08-DQB1*04:04",3368,140,267,407
"HLA-DQA1*05:08-DQB1*05:01",3368,54,204,258
"HLA-DQA1*05:08-DQB1*05:02",3368,20,123,143
"HLA-DQA1*05:08-DQB1*05:03",3368,17,112,129
"HLA-DQA1*05:08-DQB1*05:05",3368,20,123,143
"HLA-DQA1*05:08-DQB1*05:06",3368,17,112,129
"HLA-DQA1*05:08-DQB1*05:09",3368,17,112,129
"HLA-DQA1*05:08-DQB1*05:11",3368,54,204,258
"HLA-DQA1*05:08-DQB1*05:12",3368,71,228,299
"HLA-DQA1*05:08-DQB1*06:01",3368,16,62,78
"HLA-DQA1*05:08-DQB1*06:02",3368,31,96,127
"HLA-DQA1*05:08-DQB1*06:03",3368,103,338,441
"HLA-DQA1*05:08-DQB1*06:04",3368,29,146,175
"HLA-DQA1*05:08-DQB1*06:07",3368,24,102,126
"HLA-DQA1*05:08-DQB1*06:08",3368,192,406,598
"HLA-DQA1*05:08-DQB1*06:09",3368,10,63,73
"HLA-DQA1*05:08-DQB1*06:10",3368,17,77,94
"HLA-DQA1*05:08-DQB1*06:11",3368,42,119,161
"HLA-DQA1*05:08-DQB1*06:12",3368,38,215,253
"HLA-DQA1*05:08-DQB1*06:14",3368,106,329,435
"HLA-DQA1*05:08-DQB1*06:15",3368,5,40,45
"HLA-DQA1*05:08-DQB1*06:16",3368,31,96,127
"HLA-DQA1*05:08-DQB1*06:18",3368,11,56,67
"HLA-DQA1*05:08-DQB1*06:21",3368,143,340,483
"HLA-DQA1*05:08-DQB1*06:22",3368,10,39,49
"HLA-DQA1*05:08-DQB1*06:23",3368,26,130,156
"HLA-DQA1*05:08-DQB1*06:27",3368,48,183,231
"HLA-DQA1*05:08-DQB1*06:28",3368,103,338,441
"HLA-DQA1*05:08-DQB1*06:29",3368,19,88,107
"HLA-DQA1*05:08-DQB1*06:31",3368,103,338,441
"HLA-DQA1*05:08-DQB1*06:32",3368,45,116,161
"HLA-DQA1*05:08-DQB1*06:33",3368,33,101,134
"HLA-DQA1*05:08-DQB1*06:40",3368,103,338,441
"HLA-DQA1*05:09-DQB1*02:01",3368,30,150,180
"HLA-DQA1*05:09-DQB1*02:03",3368,53,168,221
"HLA-DQA1*05:09-DQB1*02:05",3368,101,330,431
"HLA-DQA1*05:09-DQB1*03:01",3368,28,108,136
"HLA-DQA1*05:09-DQB1*03:02",3368,32,133,165
"HLA-DQA1*05:09-DQB1*03:03",3368,37,129,166
"HLA-DQA1*05:09-DQB1*03:04",3368,34,100,134
"HLA-DQA1*05:09-DQB1*03:05",3368,28,105,133
"HLA-DQA1*05:09-DQB1*03:06",3368,182,371,553
"HLA-DQA1*05:09-DQB1*03:08",3368,80,211,291
"HLA-DQA1*05:09-DQB1*03:10",3368,28,108,136
"HLA-DQA1*05:09-DQB1*03:11",3368,32,133,165
"HLA-DQA1*05:09-DQB1*03:12",3368,40,149,189
"HLA-DQA1*05:09-DQB1*03:13",3368,35,105,140
"HLA-DQA1*05:09-DQB1*03:14",3368,34,100,134
"HLA-DQA1*05:09-DQB1*03:16",3368,28,108,136
"HLA-DQA1*05:09-DQB1*03:17",3368,37,98,135
"HLA-DQA1*05:09-DQB1*03:18",3368,32,133,165
"HLA-DQA1*05:09-DQB1*03:20",3368,37,129,166
"HLA-DQA1*05:09-DQB1*03:25",3368,182,371,553
"HLA-DQA1*05:09-DQB1*03:26",3368,37,129,166
"HLA-DQA1*05:09-DQB1*03:30",3368,20,87,107
"HLA-DQA1*05:09-DQB1*03:36",3368,28,108,136
"HLA-DQA1*05:09-DQB1*03:37",3368,32,133,165
"HLA-DQA1*05:09-DQB1*04:01",3368,82,190,272
"HLA-DQA1*05:09-DQB1*04:02",3368,82,190,272
"HLA-DQA1*05:09-DQB1*04:03",3368,102,244,346
"HLA-DQA1*05:09-DQB1*04:04",3368,140,267,407
"HLA-DQA1*05:09-DQB1*05:01",3368,54,204,258
"HLA-DQA1*05:09-DQB1*05:02",3368,20,123,143
"HLA-DQA1*05:09-DQB1*05:03",3368,17,112,129
"HLA-DQA1*05:09-DQB1*05:05",3368,20,123,143
"HLA-DQA1*05:09-DQB1*05:06",3368,17,112,129
"HLA-DQA1*05:09-DQB1*05:09",3368,17,112,129
"HLA-DQA1*05:09-DQB1*05:11",3368,54,204,258
"HLA-DQA1*05:09-DQB1*05:12",3368,71,228,299
"HLA-DQA1*05:09-DQB1*06:01",3368,16,62,78
"HLA-DQA1*05:09-DQB1*06:02",3368,31,96,127
"HLA-DQA1*05:09-DQB1*06:03",3368,103,338,441
"HLA-DQA1*05:09-DQB1*06:04",3368,29,146,175
"HLA-DQA1*05:09-DQB1*06:07",3368,24,102,126
"HLA-DQA1*05:09-DQB1*06:08",3368,192,406,598
"HLA-DQA1*05:09-DQB1*06:09",3368,10,63,73
"HLA-DQA1*05:09-DQB1*06:10",3368,17,77,94
"HLA-DQA1*05:09-DQB1*06:11",3368,42,119,161
"HLA-DQA1*05:09-DQB1*06:12",3368,38,215,253
"HLA-DQA1*05:09-DQB1*06:14",3368,106,329,435
"HLA-DQA1*05:09-DQB1*06:15",3368,5,40,45
"HLA-DQA1*05:09-DQB1*06:16",3368,31,96,127
"HLA-DQA1*05:09-DQB1*06:18",3368,11,56,67
"HLA-DQA1*05:09-DQB1*06:21",3368,143,340,483
"HLA-DQA1*05:09-DQB1*06:22",3368,10,39,49
"HLA-DQA1*05:09-DQB1*06:23",3368,26,130,156
"HLA-DQA1*05:09-DQB1*06:27",3368,48,183,231
"HLA-DQA1*05:09-DQB1*06:28",3368,103,338,441
"HLA-DQA1*05:09-DQB1*06:29",3368,19,88,107
"HLA-DQA1*05:09-DQB1*06:31",3368,103,338,441
"HLA-DQA1*05:09-DQB1*06:32",3368,45,116,161
"HLA-DQA1*05:09-DQB1*06:33",3368,33,101,134
"HLA-DQA1*05:09-DQB1*06:40",3368,103,338,441
"HLA-DQA1*06:01-DQB1*02:01",3368,64,279,343
"HLA-DQA1*06:01-DQB1*02:03",3368,65,222,287
"HLA-DQA1*06:01-DQB1*02:05",3368,244,602,846
"HLA-DQA1*06:01-DQB1*03:01",3368,38,135,173
"HLA-DQA1*06:01-DQB1*03:02",3368,81,252,333
"HLA-DQA1*06:01-DQB1*03:03",3368,79,190,269
"HLA-DQA1*06:01-DQB1*03:04",3368,60,176,236
"HLA-DQA1*06:01-DQB1*03:05",3368,30,143,173
"HLA-DQA1*06:01-DQB1*03:06",3368,316,494,810
"HLA-DQA1*06:01-DQB1*03:08",3368,122,261,383
"HLA-DQA1*06:01-DQB1*03:10",3368,38,135,173
"HLA-DQA1*06:01-DQB1*03:11",3368,81,252,333
"HLA-DQA1*06:01-DQB1*03:12",3368,75,188,263
"HLA-DQA1*06:01-DQB1*03:13",3368,50,149,199
"HLA-DQA1*06:01-DQB1*03:14",3368,60,176,236
"HLA-DQA1*06:01-DQB1*03:16",3368,38,135,173
"HLA-DQA1*06:01-DQB1*03:17",3368,41,95,136
"HLA-DQA1*06:01-DQB1*03:18",3368,81,252,333
"HLA-DQA1*06:01-DQB1*03:20",3368,79,190,269
"HLA-DQA1*06:01-DQB1*03:25",3368,316,494,810
"HLA-DQA1*06:01-DQB1*03:26",3368,79,190,269
"HLA-DQA1*06:01-DQB1*03:30",3368,41,126,167
"HLA-DQA1*06:01-DQB1*03:36",3368,38,135,173
"HLA-DQA1*06:01-DQB1*03:37",3368,81,252,333
"HLA-DQA1*06:01-DQB1*04:01",3368,98,181,279
"HLA-DQA1*06:01-DQB1*04:02",3368,98,181,279
"HLA-DQA1*06:01-DQB1*04:03",3368,162,321,483
"HLA-DQA1*06:01-DQB1*04:04",3368,186,246,432
"HLA-DQA1*06:01-DQB1*05:01",3368,2,77,79
"HLA-DQA1*06:01-DQB1*05:02",3368,3,59,62
"HLA-DQA1*06:01-DQB1*05:03",3368,2,29,31
"HLA-DQA1*06:01-DQB1*05:05",3368,3,59,62
"HLA-DQA1*06:01-DQB1*05:06",3368,2,29,31
"HLA-DQA1*06:01-DQB1*05:09",3368,2,29,31
"HLA-DQA1*06:01-DQB1*05:11",3368,2,77,79
"HLA-DQA1*06:01-DQB1*05:12",3368,4,83,87
"HLA-DQA1*06:01-DQB1*06:01",3368,6,34,40
"HLA-DQA1*06:01-DQB1*06:02",3368,4,50,54
"HLA-DQA1*06:01-DQB1*06:03",3368,80,223,303
"HLA-DQA1*06:01-DQB1*06:04",3368,56,194,250
"HLA-DQA1*06:01-DQB1*06:07",3368,35,95,130
"HLA-DQA1*06:01-DQB1*06:08",3368,167,367,534
"HLA-DQA1*06:01-DQB1*06:09",3368,17,85,102
"HLA-DQA1*06:01-DQB1*06:10",3368,12,54,66
"HLA-DQA1*06:01-DQB1*06:11",3368,18,62,80
"HLA-DQA1*06:01-DQB1*06:12",3368,29,136,165
"HLA-DQA1*06:01-DQB1*06:14",3368,71,192,263
"HLA-DQA1*06:01-DQB1*06:15",3368,2,32,34
"HLA-DQA1*06:01-DQB1*06:16",3368,4,50,54
"HLA-DQA1*06:01-DQB1*06:18",3368,15,71,86
"HLA-DQA1*06:01-DQB1*06:21",3368,132,325,457
"HLA-DQA1*06:01-DQB1*06:22",3368,9,44,53
"HLA-DQA1*06:01-DQB1*06:23",3368,4,39,43
"HLA-DQA1*06:01-DQB1*06:27",3368,71,220,291
"HLA-DQA1*06:01-DQB1*06:28",3368,80,223,303
"HLA-DQA1*06:01-DQB1*06:29",3368,13,62,75
"HLA-DQA1*06:01-DQB1*06:31",3368,80,223,303
"HLA-DQA1*06:01-DQB1*06:32",3368,42,110,152
"HLA-DQA1*06:01-DQB1*06:33",3368,3,53,56
"HLA-DQA1*06:01-DQB1*06:40",3368,80,223,303
"HLA-DRB1*01:01",3368,45,186,231
"HLA-DRB1*01:02",3368,29,145,174
"HLA-DRB1*01:03",3368,55,238,293
"HLA-DRB1*01:04",3368,36,142,178
"HLA-DRB1*01:07",3368,45,186,231
"HLA-DRB1*01:10",3368,54,204,258
"HLA-DRB1*01:11",3368,26,132,158
"HLA-DRB1*01:16",3368,69,254,323
"HLA-DRB1*01:18",3368,61,226,287
"HLA-DRB1*01:20",3368,41,186,227
"HLA-DRB1*01:22",3368,45,186,231
"HLA-DRB1*01:24",3368,35,169,204
"HLA-DRB1*01:26",3368,29,145,174
"HLA-DRB1*01:27",3368,45,186,231
"HLA-DRB1*01:29",3368,35,196,231
"HLA-DRB1*03:01",3368,28,138,166
"HLA-DRB1*03:02",3368,262,466,728
"HLA-DRB1*03:03",3368,85,296,381
"HLA-DRB1*03:04",3368,28,138,166
"HLA-DRB1*03:05",3368,62,210,272
"HLA-DRB1*03:06",3368,30,151,181
"HLA-DRB1*03:07",3368,33,213,246
"HLA-DRB1*03:08",3368,28,138,166
"HLA-DRB1*03:11",3368,21,85,106
"HLA-DRB1*03:13",3368,28,138,166
"HLA-DRB1*03:15",3368,21,108,129
"HLA-DRB1*03:17",3368,81,262,343
"HLA-DRB1*03:19",3368,29,135,164
"HLA-DRB1*03:22",3368,28,138,166
"HLA-DRB1*03:23",3368,28,138,166
"HLA-DRB1*03:24",3368,29,154,183
"HLA-DRB1*03:25",3368,28,138,166
"HLA-DRB1*03:27",3368,155,328,483
"HLA-DRB1*03:29",3368,205,438,643
"HLA-DRB1*03:30",3368,28,138,166
"HLA-DRB1*03:36",3368,28,138,166
"HLA-DRB1*03:37",3368,28,138,166
"HLA-DRB1*03:39",3368,28,138,166
"HLA-DRB1*03:42",3368,18,97,115
"HLA-DRB1*03:43",3368,28,138,166
"HLA-DRB1*03:44",3368,28,138,166
"HLA-DRB1*03:47",3368,28,138,166
"HLA-DRB1*04:01",3368,39,183,222
"HLA-DRB1*04:02",3368,53,240,293
"HLA-DRB1*04:03",3368,50,201,251
"HLA-DRB1*04:04",3368,33,120,153
"HLA-DRB1*04:05",3368,34,167,201
"HLA-DRB1*04:06",3368,50,201,251
"HLA-DRB1*04:07",3368,55,227,282
"HLA-DRB1*04:08",3368,28,146,174
"HLA-DRB1*04:09",3368,51,168,219
"HLA-DRB1*04:10",3368,18,106,124
"HLA-DRB1*04:11",3368,33,171,204
"HLA-DRB1*04:13",3368,34,148,182
"HLA-DRB1*04:14",3368,36,178,214
"HLA-DRB1*04:15",3368,74,229,303
"HLA-DRB1*04:16",3368,39,183,222
"HLA-DRB1*04:17",3368,69,219,288
"HLA-DRB1*04:18",3368,83,245,328
"HLA-DRB1*04:19",3368,28,146,174
"HLA-DRB1*04:21",3368,39,183,222
"HLA-DRB1*04:23",3368,33,120,153
"HLA-DRB1*04:26",3368,39,183,222
"HLA-DRB1*04:27",3368,36,138,174
"HLA-DRB1*04:31",3368,69,210,279
"HLA-DRB1*04:33",3368,39,183,222
"HLA-DRB1*04:34",3368,37,184,221
"HLA-DRB1*04:35",3368,57,217,274
"HLA-DRB1*04:36",3368,74,229,303
"HLA-DRB1*04:37",3368,87,277,364
"HLA-DRB1*04:38",3368,41,157,198
"HLA-DRB1*04:39",3368,50,201,251
"HLA-DRB1*04:40",3368,33,120,153
"HLA-DRB1*04:41",3368,50,201,251
"HLA-DRB1*04:42",3368,26,128,154
"HLA-DRB1*04:43",3368,34,175,209
"HLA-DRB1*04:44",3368,27,87,114
"HLA-DRB1*04:50",3368,55,200,255
"HLA-DRB1*04:51",3368,49,197,246
"HLA-DRB1*04:54",3368,49,202,251
"HLA-DRB1*04:56",3368,26,113,139
"HLA-DRB1*04:59",3368,52,214,266
"HLA-DRB1*04:60",3368,50,201,251
"HLA-DRB1*04:62",3368,70,225,295
"HLA-DRB1*04:64",3368,37,172,209
"HLA-DRB1*04:68",3368,33,120,153
"HLA-DRB1*04:70",3368,31,124,155
"HLA-DRB1*04:71",3368,50,201,251
"HLA-DRB1*04:72",3368,47,178,225
"HLA-DRB1*04:76",3368,39,183,222
"HLA-DRB1*04:79",3368,30,117,147
"HLA-DRB1*04:83",3368,34,167,201
"HLA-DRB1*04:88",3368,55,194,249
"HLA-DRB1*07:01",3368,51,178,229
"HLA-DRB1*07:03",3368,51,178,229
"HLA-DRB1*07:05",3368,51,178,229
"HLA-DRB1*07:07",3368,51,178,229
"HLA-DRB1*07:11",3368,99,288,387
"HLA-DRB1*07:13",3368,51,178,229
"HLA-DRB1*07:15",3368,51,178,229
"HLA-DRB1*07:16",3368,51,178,229
"HLA-DRB1*08:01",3368,40,130,170
"HLA-DRB1*08:02",3368,57,136,193
"HLA-DRB1*08:03",3368,194,301,495
"HLA-DRB1*08:04",3368,62,134,196
"HLA-DRB1*08:05",3368,19,107,126
"HLA-DRB1*08:06",3368,28,123,151
"HLA-DRB1*08:07",3368,127,261,388
"HLA-DRB1*08:08",3368,59,190,249
"HLA-DRB1*08:09",3368,57,136,193
"HLA-DRB1*08:10",3368,73,164,237
"HLA-DRB1*08:11",3368,59,190,249
"HLA-DRB1*08:12",3368,67,179,246
"HLA-DRB1*08:13",3368,123,280,403
"HLA-DRB1*08:14",3368,194,301,495
"HLA-DRB1*08:16",3368,40,130,170
"HLA-DRB1*08:18",3368,36,163,199
"HLA-DRB1*08:19",3368,225,408,633
"HLA-DRB1*08:20",3368,60,135,195
"HLA-DRB1*08:22",3368,15,79,94
"HLA-DRB1*08:26",3368,40,130,170
"HLA-DRB1*08:28",3368,54,136,190
"HLA-DRB1*08:34",3368,237,404,641
"HLA-DRB1*09:01",3368,31,172,203
"HLA-DRB1*09:02",3368,24,123,147
"HLA-DRB1*09:04",3368,38,183,221
"HLA-DRB1*09:06",3368,34,130,164
"HLA-DRB1*10:01",3368,37,170,207
"HLA-DRB1*10:02",3368,43,144,187
"HLA-DRB1*11:01",3368,47,126,173
"HLA-DRB1*11:02",3368,36,131,167
"HLA-DRB1*11:03",3368,42,139,181
"HLA-DRB1*11:04",3368,40,121,161
"HLA-DRB1*11:05",3368,37,118,155
"HLA-DRB1*11:06",3368,20,88,108
"HLA-DRB1*11:07",3368,33,213,246
"HLA-DRB1*11:08",3368,48,163,211
"HLA-DRB1*11:09",3368,47,126,173
"HLA-DRB1*11:10",3368,47,126,173
"HLA-DRB1*11:11",3368,44,134,178
"HLA-DRB1*11:12",3368,47,126,173
"HLA-DRB1*11:13",3368,21,76,97
"HLA-DRB1*11:14",3368,44,203,247
"HLA-DRB1*11:15",3368,47,126,173
"HLA-DRB1*11:16",3368,36,131,167
"HLA-DRB1*11:17",3368,62,175,237
"HLA-DRB1*11:18",3368,29,101,130
"HLA-DRB1*11:19",3368,34,162,196
"HLA-DRB1*11:20",3368,44,203,247
"HLA-DRB1*11:21",3368,21,93,114
"HLA-DRB1*11:24",3368,47,126,173
"HLA-DRB1*11:25",3368,58,139,197
"HLA-DRB1*11:27",3368,33,103,136
"HLA-DRB1*11:28",3368,47,126,173
"HLA-DRB1*11:29",3368,47,126,173
"HLA-DRB1*11:32",3368,55,131,186
"HLA-DRB1*11:33",3368,47,126,173
"HLA-DRB1*11:34",3368,20,83,103
"HLA-DRB1*11:35",3368,40,121,161
"HLA-DRB1*11:36",3368,35,137,172
"HLA-DRB1*11:37",3368,41,118,159
"HLA-DRB1*11:39",3368,47,126,173
"HLA-DRB1*11:41",3368,30,118,148
"HLA-DRB1*11:42",3368,26,108,134
"HLA-DRB1*11:43",3368,40,121,161
"HLA-DRB1*11:44",3368,40,121,161
"HLA-DRB1*11:45",3368,91,259,350
"HLA-DRB1*11:47",3368,20,88,108
"HLA-DRB1*11:48",3368,34,129,163
"HLA-DRB1*11:49",3368,47,126,173
"HLA-DRB1*11:51",3368,47,126,173
"HLA-DRB1*11:56",3368,36,109,145
"HLA-DRB1*11:58",3368,40,121,161
"HLA-DRB1*11:60",3368,40,121,161
"HLA-DRB1*11:61",3368,47,126,173
"HLA-DRB1*11:62",3368,47,126,173
"HLA-DRB1*11:65",3368,36,131,167
"HLA-DRB1*11:66",3368,47,126,173
"HLA-DRB1*11:69",3368,50,120,170
"HLA-DRB1*11:76",3368,42,139,181
"HLA-DRB1*11:78",3368,40,121,161
"HLA-DRB1*11:81",3368,50,125,175
"HLA-DRB1*11:84",3368,18,99,117
"HLA-DRB1*11:88",3368,36,109,145
"HLA-DRB1*11:93",3368,53,159,212
"HLA-DRB1*11:94",3368,47,126,173
"HLA-DRB1*11:96",3368,47,126,173
"HLA-DRB1*12:01",3368,24,124,148
"HLA-DRB1*12:02",3368,59,214,273
"HLA-DRB1*12:03",3368,41,143,184
"HLA-DRB1*12:04",3368,24,96,120
"HLA-DRB1*12:05",3368,24,124,148
"HLA-DRB1*12:08",3368,36,149,185
"HLA-DRB1*12:11",3368,24,126,150
"HLA-DRB1*12:20",3368,66,225,291
"HLA-DRB1*13:01",3368,36,131,167
"HLA-DRB1*13:02",3368,44,203,247
"HLA-DRB1*13:03",3368,29,160,189
"HLA-DRB1*13:04",3368,27,123,150
"HLA-DRB1*13:05",3368,47,126,173
"HLA-DRB1*13:06",3368,29,101,130
"HLA-DRB1*13:07",3368,41,118,159
"HLA-DRB1*13:08",3368,34,129,163
"HLA-DRB1*13:09",3368,24,82,106
"HLA-DRB1*13:10",3368,42,192,234
"HLA-DRB1*13:11",3368,40,121,161
"HLA-DRB1*13:12",3368,36,147,183
"HLA-DRB1*13:13",3368,169,304,473
"HLA-DRB1*13:14",3368,47,126,173
"HLA-DRB1*13:15",3368,23,112,135
"HLA-DRB1*13:16",3368,38,164,202
"HLA-DRB1*13:17",3368,25,124,149
"HLA-DRB1*13:18",3368,58,139,197
"HLA-DRB1*13:19",3368,23,112,135
"HLA-DRB1*13:20",3368,35,137,172
"HLA-DRB1*13:21",3368,47,122,169
"HLA-DRB1*13:22",3368,36,131,167
"HLA-DRB1*13:23",3368,44,203,247
"HLA-DRB1*13:24",3368,42,139,181
"HLA-DRB1*13:26",3368,30,94,124
"HLA-DRB1*13:27",3368,14,81,95
"HLA-DRB1*13:29",3368,52,209,261
"HLA-DRB1*13:31",3368,134,304,438
"HLA-DRB1*13:32",3368,15,91,106
"HLA-DRB1*13:33",3368,37,182,219
"HLA-DRB1*13:34",3368,44,203,247
"HLA-DRB1*13:36",3368,51,214,265
"HLA-DRB1*13:37",3368,51,205,256
"HLA-DRB1*13:38",3368,47,187,234
"HLA-DRB1*13:39",3368,44,203,247
"HLA-DRB1*13:41",3368,18,136,154
"HLA-DRB1*13:42",3368,40,121,161
"HLA-DRB1*13:48",3368,15,91,106
"HLA-DRB1*13:49",3368,21,102,123
"HLA-DRB1*13:50",3368,47,126,173
"HLA-DRB1*13:52",3368,36,131,167
"HLA-DRB1*13:53",3368,23,112,135
"HLA-DRB1*13:54",3368,86,198,284
"HLA-DRB1*13:56",3368,48,163,211
"HLA-DRB1*13:59",3368,36,131,167
"HLA-DRB1*13:61",3368,23,109,132
"HLA-DRB1*13:62",3368,47,126,173
"HLA-DRB1*13:63",3368,44,134,178
"HLA-DRB1*13:65",3368,47,187,234
"HLA-DRB1*13:66",3368,69,213,282
"HLA-DRB1*13:67",3368,44,210,254
"HLA-DRB1*13:69",3368,36,131,167
"HLA-DRB1*13:70",3368,34,129,163
"HLA-DRB1*13:75",3368,36,127,163
"HLA-DRB1*13:77",3368,41,117,158
"HLA-DRB1*13:79",3368,36,131,167
"HLA-DRB1*13:80",3368,36,131,167
"HLA-DRB1*13:81",3368,7,39,46
"HLA-DRB1*13:82",3368,34,162,196
"HLA-DRB1*13:87",3368,36,131,167
"HLA-DRB1*13:88",3368,19,130,149
"HLA-DRB1*13:90",3368,29,160,189
"HLA-DRB1*13:91",3368,36,131,167
"HLA-DRB1*13:93",3368,27,123,150
"HLA-DRB1*13:95",3368,29,160,189
"HLA-DRB1*13:96",3368,37,228,265
"HLA-DRB1*13:97",3368,44,203,247
"HLA-DRB1*14:01",3368,76,214,290
"HLA-DRB1*14:02",3368,84,237,321
"HLA-DRB1*14:03",3368,94,226,320
"HLA-DRB1*14:04",3368,80,191,271
"HLA-DRB1*14:05",3368,62,175,237
"HLA-DRB1*14:06",3368,25,120,145
"HLA-DRB1*14:07",3368,175,396,571
"HLA-DRB1*14:08",3368,62,175,237
"HLA-DRB1*14:09",3368,52,223,275
"HLA-DRB1*14:10",3368,52,189,241
"HLA-DRB1*14:11",3368,63,173,236
"HLA-DRB1*14:12",3368,58,149,207
"HLA-DRB1*14:13",3368,70,195,265
"HLA-DRB1*14:15",3368,62,134,196
"HLA-DRB1*14:16",3368,38,131,169
"HLA-DRB1*14:17",3368,20,83,103
"HLA-DRB1*14:18",3368,61,169,230
"HLA-DRB1*14:19",3368,111,267,378
"HLA-DRB1*14:20",3368,25,120,145
"HLA-DRB1*14:21",3368,16,91,107
"HLA-DRB1*14:22",3368,34,127,161
"HLA-DRB1*14:23",3368,62,175,237
"HLA-DRB1*14:24",3368,39,235,274
"HLA-DRB1*14:25",3368,34,127,161
"HLA-DRB1*14:27",3368,34,112,146
"HLA-DRB1*14:28",3368,103,235,338
"HLA-DRB1*14:32",3368,28,74,102
"HLA-DRB1*14:33",3368,60,169,229
"HLA-DRB1*14:35",3368,91,248,339
"HLA-DRB1*14:41",3368,84,237,321
"HLA-DRB1*14:44",3368,110,316,426
"HLA-DRB1*14:46",3368,47,184,231
"HLA-DRB1*14:47",3368,108,292,400
"HLA-DRB1*14:48",3368,204,387,591
"HLA-DRB1*14:50",3368,49,172,221
"HLA-DRB1*14:52",3368,27,99,126
"HLA-DRB1*14:58",3368,76,214,290
"HLA-DRB1*14:60",3368,76,214,290
"HLA-DRB1*14:61",3368,80,191,271
"HLA-DRB1*14:68",3368,191,421,612
"HLA-DRB1*14:69",3368,49,189,238
"HLA-DRB1*14:70",3368,91,290,381
"HLA-DRB1*14:75",3368,80,218,298
"HLA-DRB1*14:79",3368,57,223,280
"HLA-DRB1*14:86",3368,76,214,290
"HLA-DRB1*14:87",3368,76,214,290
"HLA-DRB1*14:90",3368,76,214,290
"HLA-DRB1*14:95",3368,20,107,127
"HLA-DRB1*14:97",3368,76,214,290
"HLA-DRB1*14:99",3368,82,229,311
"HLA-DRB1*15:01",3368,31,155,186
"HLA-DRB1*15:02",3368,107,244,351
"HLA-DRB1*15:03",3368,72,330,402
"HLA-DRB1*15:04",3368,40,189,229
"HLA-DRB1*15:05",3368,37,172,209
"HLA-DRB1*15:06",3368,31,155,186
"HLA-DRB1*15:07",3368,23,118,141
"HLA-DRB1*15:10",3368,46,184,230
"HLA-DRB1*15:11",3368,86,222,308
"HLA-DRB1*15:13",3368,31,155,186
"HLA-DRB1*15:14",3368,107,244,351
"HLA-DRB1*15:15",3368,94,266,360
"HLA-DRB1*15:18",3368,32,169,201
"HLA-DRB1*15:20",3368,31,155,186
"HLA-DRB1*15:22",3368,31,155,186
"HLA-DRB1*15:23",3368,91,375,466
"HLA-DRB1*15:24",3368,31,155,186
"HLA-DRB1*15:31",3368,136,304,440
"HLA-DRB1*15:33",3368,31,155,186
"HLA-DRB1*15:36",3368,30,151,181
"HLA-DRB1*15:37",3368,33,129,162
"HLA-DRB1*15:38",3368,107,244,351
"HLA-DRB1*15:40",3368,31,155,186
"HLA-DRB1*15:47",3368,107,244,351
"HLA-DRB1*16:01",3368,35,179,214
"HLA-DRB1*16:02",3368,51,203,254
"HLA-DRB1*16:04",3368,32,177,209
"HLA-DRB1*16:05",3368,50,214,264
"HLA-DRB1*16:07",3368,50,214,264
"HLA-DRB1*16:08",3368,35,179,214
"HLA-DRB1*16:09",3368,65,214,279
"HLA-DRB1*16:10",3368,85,256,341
"HLA-DRB1*16:12",3368,48,216,264
"HLA-DRB1*16:15",3368,14,128,142
"HLA-DRB3*01:01",3368,37,192,229
"HLA-DRB3*01:05",3368,51,203,254
"HLA-DRB3*01:11",3368,37,192,229
"HLA-DRB3*01:13",3368,37,192,229
"HLA-DRB3*02:01",3368,41,169,210
"HLA-DRB3*02:02",3368,77,218,295
"HLA-DRB3*02:04",3368,67,235,302
"HLA-DRB3*02:05",3368,60,216,276
"HLA-DRB3*02:09",3368,102,290,392
"HLA-DRB3*02:10",3368,77,218,295
"HLA-DRB3*02:11",3368,84,223,307
"HLA-DRB3*02:12",3368,80,224,304
"HLA-DRB3*02:13",3368,57,206,263
"HLA-DRB3*02:16",3368,105,287,392
"HLA-DRB3*02:17",3368,60,172,232
"HLA-DRB3*02:19",3368,119,300,419
"HLA-DRB3*02:20",3368,77,218,295
"HLA-DRB3*02:21",3368,102,290,392
"HLA-DRB3*02:22",3368,119,300,419
"HLA-DRB3*02:23",3368,77,218,295
"HLA-DRB3*02:25",3368,77,218,295
"HLA-DRB3*03:01",3368,88,181,269
"HLA-DRB3*03:03",3368,200,420,620
"HLA-DRB4*01:01",3368,23,113,136
"HLA-DRB4*01:04",3368,13,69,82
"HLA-DRB4*01:07",3368,23,113,136
"HLA-DRB5*01:03",3368,81,248,329
"HLA-DRB5*01:04",3368,47,153,200
"HLA-DRB5*01:05",3368,52,137,189
"HLA-DRB5*01:06",3368,11,67,78
"HLA-DRB5*01:11",3368,31,122,153
"HLA-DRB5*02:03",3368,54,178,232
"HLA-DRB5*02:04",3368,33,138,171
