"Alleles","AllBinders","StrongBinders","WeakBinders","WeakandStrongBinders"
"HLA-A*01:01",15248,234,610,844
"HLA-A*01:02",15248,236,648,884
"HLA-A*01:03",15248,228,617,845
"HLA-A*01:06",15248,254,579,833
"HLA-A*01:09",15248,234,610,844
"HLA-A*01:100",15248,234,610,844
"HLA-A*01:104",15248,232,625,857
"HLA-A*01:113",15248,234,610,844
"HLA-A*01:12",15248,240,573,813
"HLA-A*01:126",15248,238,606,844
"HLA-A*01:14",15248,231,633,864
"HLA-A*01:156",15248,234,610,844
"HLA-A*01:17",15248,231,623,854
"HLA-A*01:190",15248,236,648,884
"HLA-A*01:23",15248,236,642,878
"HLA-A*01:24",15248,234,610,844
"HLA-A*01:25",15248,237,622,859
"HLA-A*01:26",15248,228,637,865
"HLA-A*01:29",15248,234,610,844
"HLA-A*01:30",15248,198,477,675
"HLA-A*01:38",15248,234,610,844
"HLA-A*01:39",15248,234,610,844
"HLA-A*01:40",15248,234,610,844
"HLA-A*01:42",15248,234,610,844
"HLA-A*01:43",15248,237,618,855
"HLA-A*01:44",15248,234,610,844
"HLA-A*01:46",15248,234,610,844
"HLA-A*01:48",15248,234,610,844
"HLA-A*01:51",15248,242,632,874
"HLA-A*01:61",15248,234,610,844
"HLA-A*01:67",15248,234,610,844
"HLA-A*01:68",15248,234,610,844
"HLA-A*01:69",15248,234,610,844
"HLA-A*01:72",15248,234,623,857
"HLA-A*01:74",15248,234,610,844
"HLA-A*01:82",15248,234,610,844
"HLA-A*01:86",15248,234,610,844
"HLA-A*01:92",15248,234,610,844
"HLA-A*01:98",15248,237,636,873
"HLA-A*02:01",15248,147,408,555
"HLA-A*02:02",15248,142,389,531
"HLA-A*02:03",15248,134,345,479
"HLA-A*02:04",15248,155,418,573
"HLA-A*02:05",15248,136,373,509
"HLA-A*02:06",15248,136,388,524
"HLA-A*02:07",15248,157,437,594
"HLA-A*02:08",15248,139,387,526
"HLA-A*02:10",15248,139,416,555
"HLA-A*02:101",15248,138,413,551
"HLA-A*02:102",15248,142,389,531
"HLA-A*02:105",15248,144,403,547
"HLA-A*02:107",15248,147,408,555
"HLA-A*02:109",15248,147,408,555
"HLA-A*02:11",15248,140,427,567
"HLA-A*02:110",15248,158,429,587
"HLA-A*02:114",15248,157,438,595
"HLA-A*02:118",15248,147,408,555
"HLA-A*02:119",15248,147,408,555
"HLA-A*02:12",15248,141,393,534
"HLA-A*02:120",15248,147,408,555
"HLA-A*02:121",15248,147,408,555
"HLA-A*02:122",15248,127,381,508
"HLA-A*02:123",15248,147,408,555
"HLA-A*02:128",15248,142,443,585
"HLA-A*02:13",15248,117,391,508
"HLA-A*02:133",15248,147,408,555
"HLA-A*02:135",15248,150,390,540
"HLA-A*02:136",15248,139,418,557
"HLA-A*02:137",15248,136,388,524
"HLA-A*02:138",15248,147,408,555
"HLA-A*02:139",15248,137,412,549
"HLA-A*02:14",15248,143,401,544
"HLA-A*02:141",15248,141,404,545
"HLA-A*02:147",15248,138,409,547
"HLA-A*02:149",15248,147,408,555
"HLA-A*02:151",15248,138,409,547
"HLA-A*02:154",15248,136,379,515
"HLA-A*02:156",15248,152,426,578
"HLA-A*02:157",15248,147,408,555
"HLA-A*02:158",15248,146,401,547
"HLA-A*02:16",15248,139,399,538
"HLA-A*02:160",15248,147,408,555
"HLA-A*02:161",15248,142,402,544
"HLA-A*02:162",15248,147,408,555
"HLA-A*02:163",15248,147,408,555
"HLA-A*02:164",15248,147,408,555
"HLA-A*02:165",15248,147,408,555
"HLA-A*02:166",15248,147,408,555
"HLA-A*02:17",15248,158,429,587
"HLA-A*02:172",15248,136,373,509
"HLA-A*02:173",15248,147,408,555
"HLA-A*02:174",15248,147,408,555
"HLA-A*02:177",15248,147,408,555
"HLA-A*02:18",15248,157,437,594
"HLA-A*02:180",15248,136,388,524
"HLA-A*02:182",15248,147,408,555
"HLA-A*02:183",15248,147,408,555
"HLA-A*02:186",15248,142,389,531
"HLA-A*02:188",15248,153,441,594
"HLA-A*02:189",15248,147,408,555
"HLA-A*02:19",15248,140,400,540
"HLA-A*02:190",15248,147,408,555
"HLA-A*02:194",15248,147,408,555
"HLA-A*02:195",15248,146,404,550
"HLA-A*02:197",15248,147,408,555
"HLA-A*02:198",15248,147,408,555
"HLA-A*02:199",15248,147,408,555
"HLA-A*02:20",15248,138,424,562
"HLA-A*02:203",15248,147,408,555
"HLA-A*02:205",15248,147,408,555
"HLA-A*02:206",15248,147,408,555
"HLA-A*02:209",15248,142,389,531
"HLA-A*02:21",15248,136,388,524
"HLA-A*02:210",15248,147,408,555
"HLA-A*02:211",15248,147,408,555
"HLA-A*02:212",15248,147,408,555
"HLA-A*02:217",15248,155,431,586
"HLA-A*02:218",15248,147,408,555
"HLA-A*02:22",15248,132,409,541
"HLA-A*02:221",15248,147,408,555
"HLA-A*02:235",15248,147,408,555
"HLA-A*02:236",15248,147,408,555
"HLA-A*02:237",15248,147,408,555
"HLA-A*02:24",15248,147,408,555
"HLA-A*02:245",15248,145,412,557
"HLA-A*02:246",15248,157,438,595
"HLA-A*02:26",15248,134,387,521
"HLA-A*02:263",15248,143,409,552
"HLA-A*02:27",15248,128,392,520
"HLA-A*02:273",15248,147,408,555
"HLA-A*02:277",15248,147,408,555
"HLA-A*02:278",15248,136,388,524
"HLA-A*02:28",15248,136,388,524
"HLA-A*02:283",15248,147,408,555
"HLA-A*02:289",15248,143,409,552
"HLA-A*02:29",15248,144,407,551
"HLA-A*02:299",15248,147,408,555
"HLA-A*02:30",15248,147,408,555
"HLA-A*02:306",15248,147,408,555
"HLA-A*02:31",15248,147,408,555
"HLA-A*02:312",15248,147,408,555
"HLA-A*02:325",15248,147,408,555
"HLA-A*02:326",15248,147,408,555
"HLA-A*02:33",15248,138,430,568
"HLA-A*02:332",15248,161,413,574
"HLA-A*02:338",15248,152,426,578
"HLA-A*02:34",15248,147,390,537
"HLA-A*02:342",15248,147,408,555
"HLA-A*02:343",15248,147,408,555
"HLA-A*02:346",15248,147,408,555
"HLA-A*02:35",15248,147,414,561
"HLA-A*02:359",15248,136,373,509
"HLA-A*02:36",15248,152,401,553
"HLA-A*02:367",15248,147,408,555
"HLA-A*02:37",15248,140,400,540
"HLA-A*02:38",15248,128,386,514
"HLA-A*02:380",15248,147,408,555
"HLA-A*02:382",15248,130,368,498
"HLA-A*02:39",15248,153,422,575
"HLA-A*02:392",15248,147,408,555
"HLA-A*02:393",15248,134,387,521
"HLA-A*02:40",15248,147,408,555
"HLA-A*02:42",15248,139,395,534
"HLA-A*02:423",15248,135,407,542
"HLA-A*02:433",15248,136,373,509
"HLA-A*02:434",15248,147,408,555
"HLA-A*02:436",15248,147,408,555
"HLA-A*02:44",15248,142,381,523
"HLA-A*02:45",15248,141,435,576
"HLA-A*02:46",15248,136,443,579
"HLA-A*02:47",15248,147,384,531
"HLA-A*02:48",15248,148,447,595
"HLA-A*02:484",15248,136,373,509
"HLA-A*02:49",15248,146,389,535
"HLA-A*02:498",15248,147,408,555
"HLA-A*02:51",15248,136,388,524
"HLA-A*02:52",15248,132,407,539
"HLA-A*02:56",15248,139,404,543
"HLA-A*02:562",15248,147,408,555
"HLA-A*02:57",15248,137,431,568
"HLA-A*02:58",15248,149,411,560
"HLA-A*02:580",15248,147,414,561
"HLA-A*02:59",15248,147,408,555
"HLA-A*02:60",15248,144,405,549
"HLA-A*02:623",15248,136,388,524
"HLA-A*02:63",15248,142,389,531
"HLA-A*02:64",15248,151,404,555
"HLA-A*02:67",15248,147,408,555
"HLA-A*02:74",15248,147,408,555
"HLA-A*02:76",15248,151,429,580
"HLA-A*02:77",15248,147,408,555
"HLA-A*02:81",15248,141,436,577
"HLA-A*02:84",15248,139,377,516
"HLA-A*02:85",15248,147,408,555
"HLA-A*02:86",15248,147,408,555
"HLA-A*02:87",15248,145,433,578
"HLA-A*02:90",15248,145,430,575
"HLA-A*02:93",15248,147,408,555
"HLA-A*02:95",15248,147,408,555
"HLA-A*02:96",15248,147,408,555
"HLA-A*03:01",15248,178,432,610
"HLA-A*03:02",15248,175,423,598
"HLA-A*03:04",15248,178,432,610
"HLA-A*03:05",15248,178,432,610
"HLA-A*03:06",15248,178,432,610
"HLA-A*03:07",15248,182,413,595
"HLA-A*03:08",15248,155,406,561
"HLA-A*03:09",15248,177,435,612
"HLA-A*03:10",15248,175,423,598
"HLA-A*03:102",15248,178,432,610
"HLA-A*03:103",15248,155,410,565
"HLA-A*03:107",15248,182,514,696
"HLA-A*03:108",15248,159,415,574
"HLA-A*03:111",15248,178,432,610
"HLA-A*03:12",15248,173,440,613
"HLA-A*03:120",15248,176,421,597
"HLA-A*03:123",15248,178,432,610
"HLA-A*03:13",15248,178,432,610
"HLA-A*03:14",15248,178,432,610
"HLA-A*03:144",15248,178,432,610
"HLA-A*03:149",15248,178,432,610
"HLA-A*03:15",15248,172,431,603
"HLA-A*03:154",15248,178,432,610
"HLA-A*03:157",15248,171,432,603
"HLA-A*03:16",15248,178,432,610
"HLA-A*03:167",15248,176,434,610
"HLA-A*03:17",15248,178,432,610
"HLA-A*03:18",15248,266,520,786
"HLA-A*03:202",15248,178,432,610
"HLA-A*03:216",15248,178,432,610
"HLA-A*03:22",15248,178,432,610
"HLA-A*03:228",15248,178,432,610
"HLA-A*03:23",15248,167,429,596
"HLA-A*03:25",15248,178,432,610
"HLA-A*03:27",15248,178,432,610
"HLA-A*03:28",15248,178,432,610
"HLA-A*03:29",15248,179,422,601
"HLA-A*03:33",15248,178,432,610
"HLA-A*03:38",15248,178,432,610
"HLA-A*03:46",15248,178,432,610
"HLA-A*03:47",15248,178,432,610
"HLA-A*03:48",15248,178,432,610
"HLA-A*03:49",15248,178,432,610
"HLA-A*03:50",15248,170,411,581
"HLA-A*03:51",15248,178,432,610
"HLA-A*03:53",15248,178,432,610
"HLA-A*03:56",15248,178,432,610
"HLA-A*03:57",15248,180,498,678
"HLA-A*03:62",15248,178,432,610
"HLA-A*03:63",15248,178,432,610
"HLA-A*03:65",15248,172,430,602
"HLA-A*03:74",15248,178,432,610
"HLA-A*03:81",15248,178,432,610
"HLA-A*03:86",15248,178,432,610
"HLA-A*03:87",15248,178,432,610
"HLA-A*03:89",15248,152,402,554
"HLA-A*03:93",15248,178,432,610
"HLA-A*03:94",15248,178,432,610
"HLA-A*11:01",15248,195,449,644
"HLA-A*11:02",15248,195,449,644
"HLA-A*11:03",15248,192,462,654
"HLA-A*11:04",15248,182,443,625
"HLA-A*11:05",15248,195,449,644
"HLA-A*11:06",15248,191,454,645
"HLA-A*11:08",15248,205,481,686
"HLA-A*11:09",15248,195,449,644
"HLA-A*11:10",15248,186,445,631
"HLA-A*11:117",15248,195,449,644
"HLA-A*11:12",15248,195,449,644
"HLA-A*11:15",15248,195,449,644
"HLA-A*11:159",15248,195,449,644
"HLA-A*11:160",15248,195,449,644
"HLA-A*11:161",15248,203,447,650
"HLA-A*11:18",15248,191,397,588
"HLA-A*11:183",15248,188,406,594
"HLA-A*11:187",15248,195,449,644
"HLA-A*11:19",15248,184,382,566
"HLA-A*11:20",15248,192,462,654
"HLA-A*11:211",15248,219,497,716
"HLA-A*11:221",15248,199,423,622
"HLA-A*11:25",15248,190,471,661
"HLA-A*11:29",15248,195,449,644
"HLA-A*11:30",15248,195,449,644
"HLA-A*11:32",15248,195,449,644
"HLA-A*11:37",15248,195,449,644
"HLA-A*11:39",15248,201,468,669
"HLA-A*11:41",15248,195,449,644
"HLA-A*11:44",15248,209,468,677
"HLA-A*11:45",15248,205,479,684
"HLA-A*11:47",15248,199,423,622
"HLA-A*11:58",15248,195,449,644
"HLA-A*11:64",15248,193,456,649
"HLA-A*11:67",15248,195,449,644
"HLA-A*11:70",15248,198,423,621
"HLA-A*11:74",15248,195,449,644
"HLA-A*11:81",15248,195,449,644
"HLA-A*11:89",15248,195,449,644
"HLA-A*11:91",15248,195,449,644
"HLA-A*11:92",15248,195,449,644
"HLA-A*23:01",15248,143,509,652
"HLA-A*23:02",15248,171,482,653
"HLA-A*23:03",15248,143,509,652
"HLA-A*23:04",15248,159,509,668
"HLA-A*23:05",15248,139,523,662
"HLA-A*23:06",15248,143,509,652
"HLA-A*23:12",15248,143,529,672
"HLA-A*23:13",15248,143,513,656
"HLA-A*23:14",15248,143,509,652
"HLA-A*23:15",15248,143,509,652
"HLA-A*23:23",15248,143,509,652
"HLA-A*23:30",15248,147,518,665
"HLA-A*23:39",15248,143,509,652
"HLA-A*23:47",15248,143,509,652
"HLA-A*23:48",15248,143,509,652
"HLA-A*23:53",15248,165,533,698
"HLA-A*23:56",15248,143,509,652
"HLA-A*24:02",15248,154,498,652
"HLA-A*24:03",15248,158,509,667
"HLA-A*24:04",15248,183,494,677
"HLA-A*24:05",15248,154,498,652
"HLA-A*24:06",15248,171,482,653
"HLA-A*24:07",15248,156,509,665
"HLA-A*24:08",15248,160,512,672
"HLA-A*24:10",15248,166,495,661
"HLA-A*24:103",15248,154,498,652
"HLA-A*24:104",15248,159,472,631
"HLA-A*24:105",15248,154,498,652
"HLA-A*24:106",15248,162,535,697
"HLA-A*24:107",15248,145,502,647
"HLA-A*24:108",15248,156,509,665
"HLA-A*24:110",15248,154,498,652
"HLA-A*24:118",15248,154,498,652
"HLA-A*24:120",15248,146,510,656
"HLA-A*24:121",15248,154,507,661
"HLA-A*24:122",15248,154,498,652
"HLA-A*24:123",15248,154,498,652
"HLA-A*24:13",15248,143,509,652
"HLA-A*24:130",15248,154,498,652
"HLA-A*24:138",15248,158,489,647
"HLA-A*24:14",15248,155,485,640
"HLA-A*24:140",15248,151,502,653
"HLA-A*24:145",15248,154,495,649
"HLA-A*24:146",15248,167,494,661
"HLA-A*24:15",15248,147,499,646
"HLA-A*24:159",15248,154,498,652
"HLA-A*24:164",15248,175,483,658
"HLA-A*24:165",15248,154,498,652
"HLA-A*24:168",15248,154,498,652
"HLA-A*24:169",15248,154,498,652
"HLA-A*24:17",15248,170,546,716
"HLA-A*24:173",15248,154,498,652
"HLA-A*24:175",15248,154,498,652
"HLA-A*24:176",15248,154,498,652
"HLA-A*24:18",15248,148,501,649
"HLA-A*24:180",15248,154,498,652
"HLA-A*24:192",15248,154,498,652
"HLA-A*24:193",15248,154,498,652
"HLA-A*24:194",15248,154,498,652
"HLA-A*24:196",15248,154,498,652
"HLA-A*24:20",15248,154,498,652
"HLA-A*24:203",15248,154,498,652
"HLA-A*24:205",15248,154,498,652
"HLA-A*24:206",15248,154,498,652
"HLA-A*24:207",15248,159,509,668
"HLA-A*24:21",15248,154,498,652
"HLA-A*24:22",15248,167,495,662
"HLA-A*24:220",15248,150,516,666
"HLA-A*24:226",15248,154,498,652
"HLA-A*24:228",15248,143,509,652
"HLA-A*24:23",15248,158,509,667
"HLA-A*24:234",15248,154,498,652
"HLA-A*24:24",15248,182,468,650
"HLA-A*24:25",15248,154,501,655
"HLA-A*24:26",15248,154,498,652
"HLA-A*24:28",15248,189,442,631
"HLA-A*24:29",15248,154,498,652
"HLA-A*24:30",15248,160,502,662
"HLA-A*24:31",15248,159,501,660
"HLA-A*24:32",15248,160,507,667
"HLA-A*24:35",15248,154,498,652
"HLA-A*24:37",15248,154,498,652
"HLA-A*24:38",15248,154,498,652
"HLA-A*24:39",15248,154,498,652
"HLA-A*24:42",15248,159,501,660
"HLA-A*24:43",15248,154,498,652
"HLA-A*24:46",15248,159,505,664
"HLA-A*24:47",15248,154,498,652
"HLA-A*24:50",15248,156,478,634
"HLA-A*24:52",15248,157,496,653
"HLA-A*24:53",15248,147,499,646
"HLA-A*24:56",15248,151,501,652
"HLA-A*24:57",15248,152,499,651
"HLA-A*24:58",15248,154,498,652
"HLA-A*24:64",15248,154,512,666
"HLA-A*24:68",15248,154,498,652
"HLA-A*24:71",15248,154,498,652
"HLA-A*24:72",15248,154,498,652
"HLA-A*24:81",15248,154,498,652
"HLA-A*24:87",15248,160,502,662
"HLA-A*24:95",15248,154,498,652
"HLA-A*24:97",15248,154,498,652
"HLA-A*25:01",15248,159,432,591
"HLA-A*25:02",15248,167,434,601
"HLA-A*25:03",15248,153,459,612
"HLA-A*25:04",15248,168,460,628
"HLA-A*25:08",15248,159,432,591
"HLA-A*25:11",15248,164,437,601
"HLA-A*25:13",15248,159,432,591
"HLA-A*25:14",15248,159,432,591
"HLA-A*25:16",15248,159,432,591
"HLA-A*25:24",15248,159,432,591
"HLA-A*26:01",15248,179,465,644
"HLA-A*26:02",15248,170,467,637
"HLA-A*26:03",15248,136,427,563
"HLA-A*26:05",15248,181,468,649
"HLA-A*26:06",15248,136,427,563
"HLA-A*26:07",15248,186,448,634
"HLA-A*26:08",15248,203,479,682
"HLA-A*26:09",15248,184,457,641
"HLA-A*26:10",15248,179,465,644
"HLA-A*26:104",15248,179,465,644
"HLA-A*26:12",15248,191,474,665
"HLA-A*26:13",15248,179,488,667
"HLA-A*26:14",15248,179,465,644
"HLA-A*26:15",15248,179,465,644
"HLA-A*26:16",15248,187,475,662
"HLA-A*26:17",15248,179,465,644
"HLA-A*26:18",15248,191,474,665
"HLA-A*26:20",15248,176,482,658
"HLA-A*26:27",15248,179,465,644
"HLA-A*26:30",15248,136,427,563
"HLA-A*26:31",15248,183,463,646
"HLA-A*26:37",15248,179,465,644
"HLA-A*26:38",15248,179,465,644
"HLA-A*26:39",15248,179,465,644
"HLA-A*26:42",15248,173,461,634
"HLA-A*26:45",15248,179,465,644
"HLA-A*26:47",15248,179,465,644
"HLA-A*26:49",15248,187,487,674
"HLA-A*26:52",15248,179,465,644
"HLA-A*26:59",15248,179,465,644
"HLA-A*26:62",15248,206,454,660
"HLA-A*26:63",15248,179,465,644
"HLA-A*26:65",15248,179,465,644
"HLA-A*26:75",15248,179,465,644
"HLA-A*26:76",15248,179,465,644
"HLA-A*29:01",15248,196,555,751
"HLA-A*29:02",15248,196,555,751
"HLA-A*29:03",15248,198,597,795
"HLA-A*29:04",15248,187,572,759
"HLA-A*29:07",15248,193,558,751
"HLA-A*29:09",15248,196,555,751
"HLA-A*29:10",15248,196,555,751
"HLA-A*29:11",15248,196,555,751
"HLA-A*29:12",15248,196,555,751
"HLA-A*29:13",15248,169,523,692
"HLA-A*29:14",15248,194,557,751
"HLA-A*29:16",15248,196,555,751
"HLA-A*29:21",15248,196,555,751
"HLA-A*29:23",15248,196,555,751
"HLA-A*29:32",15248,183,572,755
"HLA-A*29:34",15248,188,582,770
"HLA-A*29:40",15248,196,555,751
"HLA-A*29:44",15248,196,555,751
"HLA-A*29:48",15248,138,353,491
"HLA-A*29:64",15248,196,555,751
"HLA-A*29:88",15248,196,555,751
"HLA-A*30:01",15248,112,299,411
"HLA-A*30:02",15248,158,578,736
"HLA-A*30:03",15248,158,578,736
"HLA-A*30:04",15248,189,524,713
"HLA-A*30:07",15248,165,587,752
"HLA-A*30:08",15248,114,358,472
"HLA-A*30:09",15248,190,566,756
"HLA-A*30:10",15248,159,555,714
"HLA-A*30:11",15248,112,299,411
"HLA-A*30:15",15248,112,299,411
"HLA-A*30:16",15248,97,326,423
"HLA-A*30:18",15248,112,299,411
"HLA-A*30:25",15248,166,527,693
"HLA-A*30:28",15248,155,576,731
"HLA-A*30:29",15248,207,533,740
"HLA-A*30:30",15248,112,299,411
"HLA-A*30:31",15248,116,306,422
"HLA-A*30:36",15248,112,299,411
"HLA-A*30:40",15248,112,299,411
"HLA-A*30:47",15248,158,567,725
"HLA-A*30:51",15248,158,578,736
"HLA-A*30:54",15248,112,299,411
"HLA-A*30:56",15248,112,299,411
"HLA-A*30:58",15248,112,299,411
"HLA-A*31:01",15248,101,272,373
"HLA-A*31:02",15248,101,283,384
"HLA-A*31:04",15248,107,297,404
"HLA-A*31:05",15248,102,301,403
"HLA-A*31:06",15248,106,289,395
"HLA-A*31:07",15248,160,482,642
"HLA-A*31:08",15248,167,474,641
"HLA-A*31:09",15248,101,285,386
"HLA-A*31:11",15248,101,272,373
"HLA-A*31:12",15248,119,332,451
"HLA-A*31:13",15248,101,272,373
"HLA-A*31:15",15248,107,306,413
"HLA-A*31:16",15248,101,272,373
"HLA-A*31:18",15248,98,287,385
"HLA-A*31:19",15248,101,272,373
"HLA-A*31:20",15248,101,272,373
"HLA-A*31:25",15248,102,296,398
"HLA-A*31:26",15248,101,272,373
"HLA-A*31:27",15248,101,272,373
"HLA-A*31:28",15248,101,264,365
"HLA-A*31:30",15248,90,287,377
"HLA-A*31:36",15248,101,272,373
"HLA-A*31:38",15248,101,272,373
"HLA-A*31:39",15248,101,272,373
"HLA-A*31:40",15248,101,272,373
"HLA-A*31:68",15248,101,272,373
"HLA-A*31:88",15248,106,281,387
"HLA-A*32:01",15248,155,418,573
"HLA-A*32:02",15248,150,424,574
"HLA-A*32:03",15248,159,422,581
"HLA-A*32:04",15248,173,428,601
"HLA-A*32:05",15248,172,403,575
"HLA-A*32:06",15248,155,418,573
"HLA-A*32:07",15248,151,445,596
"HLA-A*32:08",15248,168,415,583
"HLA-A*32:12",15248,155,418,573
"HLA-A*32:16",15248,155,418,573
"HLA-A*32:17",15248,160,428,588
"HLA-A*32:18",15248,155,418,573
"HLA-A*32:21",15248,155,418,573
"HLA-A*32:22",15248,150,424,574
"HLA-A*32:26",15248,170,402,572
"HLA-A*32:28",15248,155,418,573
"HLA-A*32:31",15248,172,403,575
"HLA-A*32:44",15248,155,418,573
"HLA-A*32:47",15248,155,418,573
"HLA-A*32:55",15248,155,418,573
"HLA-A*32:60",15248,157,404,561
"HLA-A*32:62",15248,155,418,573
"HLA-A*33:01",15248,110,313,423
"HLA-A*33:03",15248,98,312,410
"HLA-A*33:04",15248,110,313,423
"HLA-A*33:05",15248,110,313,423
"HLA-A*33:08",15248,109,298,407
"HLA-A*33:09",15248,91,272,363
"HLA-A*33:10",15248,103,324,427
"HLA-A*33:11",15248,101,319,420
"HLA-A*33:12",15248,98,312,410
"HLA-A*33:13",15248,194,515,709
"HLA-A*33:16",15248,110,313,423
"HLA-A*33:26",15248,98,312,410
"HLA-A*33:27",15248,110,313,423
"HLA-A*33:33",15248,98,312,410
"HLA-A*33:34",15248,110,313,423
"HLA-A*33:48",15248,194,515,709
"HLA-A*33:55",15248,98,312,410
"HLA-A*33:60",15248,104,312,416
"HLA-A*33:64",15248,110,313,423
"HLA-A*33:65",15248,98,312,410
"HLA-A*34:01",15248,137,413,550
"HLA-A*34:02",15248,181,404,585
"HLA-A*34:04",15248,181,404,585
"HLA-A*34:05",15248,137,413,550
"HLA-A*34:06",15248,148,454,602
"HLA-A*34:07",15248,183,422,605
"HLA-A*34:08",15248,184,450,634
"HLA-A*36:01",15248,235,577,812
"HLA-A*36:02",15248,254,567,821
"HLA-A*36:03",15248,233,574,807
"HLA-A*36:04",15248,234,623,857
"HLA-A*43:01",15248,198,449,647
"HLA-A*66:01",15248,157,421,578
"HLA-A*66:02",15248,148,391,539
"HLA-A*66:03",15248,145,382,527
"HLA-A*66:04",15248,143,428,571
"HLA-A*66:05",15248,153,400,553
"HLA-A*66:13",15248,157,421,578
"HLA-A*66:15",15248,130,372,502
"HLA-A*68:01",15248,142,386,528
"HLA-A*68:02",15248,152,383,535
"HLA-A*68:03",15248,112,369,481
"HLA-A*68:04",15248,101,359,460
"HLA-A*68:05",15248,121,383,504
"HLA-A*68:06",15248,147,385,532
"HLA-A*68:07",15248,158,388,546
"HLA-A*68:08",15248,146,415,561
"HLA-A*68:10",15248,159,363,522
"HLA-A*68:101",15248,142,386,528
"HLA-A*68:104",15248,155,391,546
"HLA-A*68:12",15248,142,386,528
"HLA-A*68:13",15248,162,365,527
"HLA-A*68:15",15248,145,368,513
"HLA-A*68:16",15248,142,386,528
"HLA-A*68:17",15248,159,381,540
"HLA-A*68:19",15248,142,386,528
"HLA-A*68:20",15248,121,383,504
"HLA-A*68:21",15248,142,386,528
"HLA-A*68:22",15248,142,386,528
"HLA-A*68:23",15248,173,417,590
"HLA-A*68:24",15248,142,386,528
"HLA-A*68:25",15248,142,386,528
"HLA-A*68:26",15248,162,444,606
"HLA-A*68:27",15248,152,383,535
"HLA-A*68:29",15248,125,387,512
"HLA-A*68:30",15248,155,365,520
"HLA-A*68:31",15248,148,393,541
"HLA-A*68:32",15248,142,386,528
"HLA-A*68:35",15248,142,386,528
"HLA-A*68:36",15248,201,481,682
"HLA-A*68:37",15248,142,386,528
"HLA-A*68:38",15248,142,386,528
"HLA-A*68:40",15248,155,399,554
"HLA-A*68:43",15248,142,386,528
"HLA-A*68:45",15248,133,379,512
"HLA-A*68:46",15248,157,470,627
"HLA-A*68:54",15248,141,346,487
"HLA-A*68:55",15248,142,386,528
"HLA-A*68:57",15248,142,386,528
"HLA-A*68:60",15248,152,383,535
"HLA-A*68:67",15248,152,383,535
"HLA-A*68:68",15248,142,386,528
"HLA-A*68:72",15248,148,389,537
"HLA-A*68:85",15248,148,378,526
"HLA-A*68:91",15248,142,386,528
"HLA-A*68:95",15248,142,386,528
"HLA-A*68:99",15248,142,386,528
"HLA-A*69:01",15248,152,396,548
"HLA-A*74:01",15248,131,359,490
"HLA-A*74:03",15248,131,359,490
"HLA-A*74:05",15248,124,362,486
"HLA-A*74:06",15248,132,397,529
"HLA-A*74:07",15248,107,368,475
"HLA-A*74:08",15248,131,359,490
"HLA-A*74:09",15248,131,359,490
"HLA-A*74:10",15248,191,493,684
"HLA-A*74:11",15248,131,359,490
"HLA-A*74:13",15248,150,402,552
"HLA-A*74:16",15248,131,359,490
"HLA-A*80:01",15248,201,511,712
"HLA-B*07:02",15248,93,308,401
"HLA-B*07:03",15248,95,312,407
"HLA-B*07:04",15248,94,308,402
"HLA-B*07:05",15248,90,311,401
"HLA-B*07:07",15248,97,335,432
"HLA-B*07:08",15248,102,317,419
"HLA-B*07:09",15248,107,313,420
"HLA-B*07:10",15248,99,340,439
"HLA-B*07:102",15248,93,308,401
"HLA-B*07:103",15248,93,308,401
"HLA-B*07:104",15248,93,308,401
"HLA-B*07:105",15248,98,323,421
"HLA-B*07:106",15248,92,332,424
"HLA-B*07:109",15248,93,308,401
"HLA-B*07:110",15248,93,308,401
"HLA-B*07:112",15248,90,311,401
"HLA-B*07:113",15248,93,308,401
"HLA-B*07:12",15248,99,336,435
"HLA-B*07:122",15248,93,308,401
"HLA-B*07:13",15248,137,374,511
"HLA-B*07:131",15248,103,316,419
"HLA-B*07:132",15248,93,308,401
"HLA-B*07:136",15248,93,308,401
"HLA-B*07:14",15248,99,336,435
"HLA-B*07:143",15248,89,312,401
"HLA-B*07:15",15248,95,307,402
"HLA-B*07:151",15248,89,346,435
"HLA-B*07:158",15248,93,308,401
"HLA-B*07:16",15248,99,347,446
"HLA-B*07:165",15248,93,308,401
"HLA-B*07:17",15248,107,313,420
"HLA-B*07:18",15248,99,336,435
"HLA-B*07:188",15248,93,308,401
"HLA-B*07:19",15248,100,293,393
"HLA-B*07:193",15248,104,335,439
"HLA-B*07:20",15248,97,335,432
"HLA-B*07:206",15248,92,313,405
"HLA-B*07:208",15248,93,308,401
"HLA-B*07:22",15248,93,308,401
"HLA-B*07:222",15248,91,310,401
"HLA-B*07:23",15248,94,306,400
"HLA-B*07:237",15248,107,313,420
"HLA-B*07:24",15248,91,325,416
"HLA-B*07:26",15248,103,300,403
"HLA-B*07:29",15248,92,284,376
"HLA-B*07:31",15248,99,300,399
"HLA-B*07:33",15248,93,308,401
"HLA-B*07:36",15248,107,349,456
"HLA-B*07:37",15248,98,344,442
"HLA-B*07:38",15248,116,341,457
"HLA-B*07:42",15248,93,308,401
"HLA-B*07:46",15248,93,308,401
"HLA-B*07:47",15248,93,308,401
"HLA-B*07:48",15248,103,311,414
"HLA-B*07:51",15248,95,320,415
"HLA-B*07:53",15248,90,311,401
"HLA-B*07:56",15248,86,310,396
"HLA-B*07:57",15248,90,302,392
"HLA-B*07:62",15248,93,308,401
"HLA-B*07:63",15248,96,307,403
"HLA-B*07:68",15248,93,308,401
"HLA-B*07:71",15248,93,308,401
"HLA-B*07:73",15248,93,308,401
"HLA-B*07:74",15248,93,308,401
"HLA-B*07:77",15248,104,335,439
"HLA-B*07:80",15248,98,312,410
"HLA-B*07:81",15248,110,329,439
"HLA-B*07:85",15248,111,356,467
"HLA-B*07:86",15248,93,308,401
"HLA-B*07:87",15248,93,308,401
"HLA-B*07:88",15248,93,308,401
"HLA-B*07:92",15248,93,315,408
"HLA-B*07:94",15248,88,314,402
"HLA-B*07:95",15248,96,276,372
"HLA-B*07:96",15248,93,308,401
"HLA-B*07:98",15248,94,337,431
"HLA-B*08:01",15248,125,337,462
"HLA-B*08:02",15248,139,377,516
"HLA-B*08:03",15248,129,368,497
"HLA-B*08:04",15248,122,361,483
"HLA-B*08:07",15248,128,329,457
"HLA-B*08:09",15248,111,284,395
"HLA-B*08:104",15248,125,337,462
"HLA-B*08:11",15248,126,340,466
"HLA-B*08:110",15248,119,328,447
"HLA-B*08:12",15248,129,362,491
"HLA-B*08:13",15248,135,350,485
"HLA-B*08:14",15248,136,312,448
"HLA-B*08:15",15248,139,343,482
"HLA-B*08:16",15248,132,370,502
"HLA-B*08:18",15248,125,337,462
"HLA-B*08:20",15248,122,323,445
"HLA-B*08:22",15248,125,337,462
"HLA-B*08:23",15248,132,349,481
"HLA-B*08:24",15248,125,337,462
"HLA-B*08:25",15248,136,360,496
"HLA-B*08:26",15248,108,351,459
"HLA-B*08:28",15248,142,325,467
"HLA-B*08:31",15248,125,337,462
"HLA-B*08:33",15248,125,337,462
"HLA-B*08:34",15248,125,337,462
"HLA-B*08:35",15248,145,327,472
"HLA-B*08:36",15248,125,337,462
"HLA-B*08:37",15248,142,325,467
"HLA-B*08:39",15248,125,337,462
"HLA-B*08:41",15248,125,337,462
"HLA-B*08:50",15248,113,339,452
"HLA-B*08:52",15248,138,357,495
"HLA-B*08:56",15248,136,321,457
"HLA-B*08:59",15248,125,337,462
"HLA-B*08:63",15248,125,337,462
"HLA-B*08:71",15248,125,337,462
"HLA-B*08:75",15248,125,337,462
"HLA-B*08:78",15248,136,375,511
"HLA-B*08:88",15248,125,337,462
"HLA-B*08:97",15248,125,337,462
"HLA-B*13:01",15248,125,381,506
"HLA-B*13:02",15248,121,370,491
"HLA-B*13:03",15248,112,393,505
"HLA-B*13:04",15248,144,403,547
"HLA-B*13:06",15248,127,394,521
"HLA-B*13:08",15248,127,370,497
"HLA-B*13:10",15248,148,399,547
"HLA-B*13:11",15248,125,385,510
"HLA-B*13:12",15248,123,390,513
"HLA-B*13:14",15248,121,370,491
"HLA-B*13:45",15248,121,370,491
"HLA-B*13:47",15248,121,370,491
"HLA-B*13:57",15248,125,381,506
"HLA-B*14:01",15248,122,365,487
"HLA-B*14:02",15248,122,365,487
"HLA-B*14:03",15248,129,357,486
"HLA-B*14:05",15248,133,313,446
"HLA-B*14:06",15248,113,373,486
"HLA-B*14:08",15248,113,373,486
"HLA-B*14:09",15248,122,365,487
"HLA-B*14:10",15248,122,368,490
"HLA-B*14:19",15248,136,350,486
"HLA-B*14:20",15248,122,365,487
"HLA-B*14:23",15248,122,352,474
"HLA-B*14:29",15248,122,365,487
"HLA-B*14:32",15248,122,365,487
"HLA-B*15:01",15248,151,453,604
"HLA-B*15:02",15248,168,505,673
"HLA-B*15:03",15248,160,430,590
"HLA-B*15:04",15248,123,367,490
"HLA-B*15:05",15248,174,449,623
"HLA-B*15:06",15248,180,435,615
"HLA-B*15:07",15248,162,436,598
"HLA-B*15:08",15248,177,436,613
"HLA-B*15:09",15248,128,378,506
"HLA-B*15:10",15248,126,369,495
"HLA-B*15:106",15248,163,443,606
"HLA-B*15:108",15248,161,445,606
"HLA-B*15:11",15248,182,442,624
"HLA-B*15:110",15248,178,436,614
"HLA-B*15:113",15248,151,453,604
"HLA-B*15:117",15248,148,435,583
"HLA-B*15:12",15248,154,467,621
"HLA-B*15:122",15248,151,453,604
"HLA-B*15:123",15248,156,449,605
"HLA-B*15:125",15248,151,453,604
"HLA-B*15:128",15248,151,453,604
"HLA-B*15:13",15248,159,446,605
"HLA-B*15:132",15248,160,430,590
"HLA-B*15:135",15248,154,471,625
"HLA-B*15:14",15248,148,473,621
"HLA-B*15:141",15248,165,446,611
"HLA-B*15:142",15248,164,450,614
"HLA-B*15:147",15248,151,453,604
"HLA-B*15:15",15248,167,498,665
"HLA-B*15:150",15248,118,380,498
"HLA-B*15:153",15248,171,446,617
"HLA-B*15:154",15248,151,454,605
"HLA-B*15:157",15248,134,410,544
"HLA-B*15:158",15248,161,424,585
"HLA-B*15:159",15248,150,445,595
"HLA-B*15:16",15248,144,469,613
"HLA-B*15:160",15248,158,446,604
"HLA-B*15:162",15248,143,474,617
"HLA-B*15:164",15248,151,453,604
"HLA-B*15:167",15248,151,453,604
"HLA-B*15:17",15248,153,448,601
"HLA-B*15:170",15248,168,505,673
"HLA-B*15:172",15248,151,453,604
"HLA-B*15:173",15248,160,430,590
"HLA-B*15:174",15248,151,453,604
"HLA-B*15:175",15248,150,450,600
"HLA-B*15:18",15248,171,446,617
"HLA-B*15:183",15248,145,436,581
"HLA-B*15:20",15248,174,447,621
"HLA-B*15:204",15248,160,446,606
"HLA-B*15:207",15248,162,436,598
"HLA-B*15:208",15248,153,448,601
"HLA-B*15:21",15248,174,460,634
"HLA-B*15:211",15248,151,453,604
"HLA-B*15:23",15248,139,445,584
"HLA-B*15:237",15248,190,447,637
"HLA-B*15:239",15248,156,436,592
"HLA-B*15:24",15248,134,410,544
"HLA-B*15:240",15248,165,443,608
"HLA-B*15:248",15248,121,382,503
"HLA-B*15:25",15248,165,443,608
"HLA-B*15:27",15248,161,451,612
"HLA-B*15:29",15248,154,439,593
"HLA-B*15:290",15248,149,394,543
"HLA-B*15:30",15248,118,380,498
"HLA-B*15:31",15248,188,504,692
"HLA-B*15:319",15248,168,505,673
"HLA-B*15:32",15248,160,449,609
"HLA-B*15:33",15248,151,453,604
"HLA-B*15:335",15248,166,468,634
"HLA-B*15:34",15248,151,453,604
"HLA-B*15:35",15248,165,446,611
"HLA-B*15:37",15248,116,379,495
"HLA-B*15:38",15248,168,479,647
"HLA-B*15:39",15248,162,441,603
"HLA-B*15:40",15248,164,429,593
"HLA-B*15:42",15248,89,311,400
"HLA-B*15:44",15248,175,466,641
"HLA-B*15:45",15248,106,375,481
"HLA-B*15:46",15248,154,424,578
"HLA-B*15:47",15248,130,447,577
"HLA-B*15:48",15248,142,362,504
"HLA-B*15:52",15248,156,411,567
"HLA-B*15:53",15248,143,397,540
"HLA-B*15:54",15248,143,416,559
"HLA-B*15:55",15248,184,484,668
"HLA-B*15:56",15248,164,423,587
"HLA-B*15:57",15248,170,453,623
"HLA-B*15:58",15248,112,379,491
"HLA-B*15:62",15248,161,414,575
"HLA-B*15:63",15248,121,382,503
"HLA-B*15:64",15248,154,468,622
"HLA-B*15:65",15248,172,442,614
"HLA-B*15:67",15248,144,469,613
"HLA-B*15:69",15248,155,397,552
"HLA-B*15:70",15248,160,426,586
"HLA-B*15:71",15248,150,450,600
"HLA-B*15:72",15248,171,446,617
"HLA-B*15:73",15248,117,379,496
"HLA-B*15:75",15248,152,462,614
"HLA-B*15:76",15248,164,432,596
"HLA-B*15:78",15248,151,453,604
"HLA-B*15:80",15248,171,447,618
"HLA-B*15:82",15248,151,453,604
"HLA-B*15:83",15248,100,313,413
"HLA-B*15:87",15248,151,405,556
"HLA-B*15:88",15248,187,503,690
"HLA-B*15:89",15248,163,470,633
"HLA-B*15:96",15248,151,453,604
"HLA-B*15:98",15248,160,430,590
"HLA-B*18:01",15248,111,359,470
"HLA-B*18:02",15248,117,351,468
"HLA-B*18:03",15248,118,362,480
"HLA-B*18:04",15248,165,468,633
"HLA-B*18:05",15248,111,359,470
"HLA-B*18:06",15248,118,406,524
"HLA-B*18:07",15248,169,453,622
"HLA-B*18:08",15248,133,421,554
"HLA-B*18:09",15248,122,386,508
"HLA-B*18:10",15248,126,350,476
"HLA-B*18:11",15248,117,357,474
"HLA-B*18:114",15248,111,359,470
"HLA-B*18:12",15248,116,354,470
"HLA-B*18:13",15248,115,374,489
"HLA-B*18:14",15248,114,359,473
"HLA-B*18:15",15248,121,412,533
"HLA-B*18:18",15248,123,394,517
"HLA-B*18:19",15248,125,402,527
"HLA-B*18:20",15248,111,359,470
"HLA-B*18:22",15248,122,353,475
"HLA-B*18:25",15248,141,437,578
"HLA-B*18:28",15248,111,359,470
"HLA-B*18:30",15248,121,398,519
"HLA-B*18:32",15248,111,359,470
"HLA-B*18:33",15248,133,415,548
"HLA-B*18:34",15248,111,359,470
"HLA-B*18:36",15248,120,415,535
"HLA-B*18:37",15248,117,385,502
"HLA-B*18:40",15248,111,359,470
"HLA-B*18:43",15248,141,437,578
"HLA-B*18:44",15248,132,390,522
"HLA-B*18:49",15248,119,370,489
"HLA-B*18:60",15248,111,359,470
"HLA-B*18:68",15248,111,359,470
"HLA-B*18:69",15248,109,371,480
"HLA-B*18:73",15248,111,359,470
"HLA-B*18:95",15248,109,361,470
"HLA-B*27:01",15248,78,265,343
"HLA-B*27:02",15248,108,286,394
"HLA-B*27:03",15248,79,260,339
"HLA-B*27:04",15248,98,262,360
"HLA-B*27:05",15248,76,242,318
"HLA-B*27:06",15248,105,259,364
"HLA-B*27:07",15248,88,288,376
"HLA-B*27:08",15248,90,246,336
"HLA-B*27:09",15248,90,270,360
"HLA-B*27:10",15248,68,248,316
"HLA-B*27:12",15248,98,261,359
"HLA-B*27:14",15248,78,214,292
"HLA-B*27:15",15248,101,264,365
"HLA-B*27:17",15248,75,238,313
"HLA-B*27:18",15248,119,327,446
"HLA-B*27:19",15248,89,267,356
"HLA-B*27:20",15248,108,273,381
"HLA-B*27:23",15248,139,399,538
"HLA-B*27:24",15248,104,272,376
"HLA-B*27:25",15248,111,284,395
"HLA-B*27:26",15248,93,251,344
"HLA-B*27:27",15248,90,288,378
"HLA-B*27:30",15248,116,303,419
"HLA-B*27:32",15248,77,242,319
"HLA-B*27:34",15248,86,281,367
"HLA-B*27:35",15248,92,273,365
"HLA-B*27:41",15248,87,290,377
"HLA-B*27:42",15248,75,236,311
"HLA-B*27:43",15248,88,288,376
"HLA-B*27:46",15248,97,235,332
"HLA-B*27:47",15248,95,274,369
"HLA-B*27:48",15248,76,242,318
"HLA-B*27:49",15248,76,242,318
"HLA-B*27:51",15248,76,242,318
"HLA-B*27:53",15248,86,289,375
"HLA-B*27:56",15248,76,242,318
"HLA-B*27:60",15248,76,242,318
"HLA-B*27:61",15248,92,264,356
"HLA-B*27:70",15248,89,267,356
"HLA-B*27:73",15248,76,242,318
"HLA-B*27:80",15248,76,242,318
"HLA-B*27:82",15248,76,242,318
"HLA-B*27:83",15248,108,286,394
"HLA-B*27:84",15248,76,242,318
"HLA-B*27:85",15248,76,242,318
"HLA-B*27:90",15248,76,242,318
"HLA-B*35:01",15248,168,442,610
"HLA-B*35:02",15248,130,387,517
"HLA-B*35:03",15248,132,358,490
"HLA-B*35:04",15248,130,387,517
"HLA-B*35:05",15248,162,415,577
"HLA-B*35:06",15248,129,377,506
"HLA-B*35:08",15248,175,456,631
"HLA-B*35:09",15248,130,387,517
"HLA-B*35:10",15248,182,432,614
"HLA-B*35:100",15248,175,456,631
"HLA-B*35:103",15248,168,442,610
"HLA-B*35:104",15248,168,442,610
"HLA-B*35:106",15248,132,358,490
"HLA-B*35:108",15248,168,442,610
"HLA-B*35:109",15248,139,374,513
"HLA-B*35:11",15248,171,439,610
"HLA-B*35:112",15248,168,442,610
"HLA-B*35:115",15248,165,464,629
"HLA-B*35:116",15248,168,442,610
"HLA-B*35:12",15248,130,387,517
"HLA-B*35:121",15248,161,460,621
"HLA-B*35:123",15248,168,442,610
"HLA-B*35:128",15248,132,358,490
"HLA-B*35:13",15248,137,368,505
"HLA-B*35:132",15248,168,442,610
"HLA-B*35:136",15248,139,348,487
"HLA-B*35:139",15248,168,442,610
"HLA-B*35:14",15248,172,433,605
"HLA-B*35:15",15248,163,442,605
"HLA-B*35:157",15248,140,380,520
"HLA-B*35:158",15248,175,456,631
"HLA-B*35:16",15248,162,410,572
"HLA-B*35:163",15248,137,338,475
"HLA-B*35:167",15248,135,337,472
"HLA-B*35:17",15248,167,404,571
"HLA-B*35:174",15248,175,456,631
"HLA-B*35:178",15248,168,442,610
"HLA-B*35:18",15248,147,377,524
"HLA-B*35:183",15248,130,387,517
"HLA-B*35:19",15248,170,437,607
"HLA-B*35:191",15248,168,442,610
"HLA-B*35:193",15248,132,358,490
"HLA-B*35:20",15248,184,483,667
"HLA-B*35:204",15248,132,358,490
"HLA-B*35:21",15248,169,473,642
"HLA-B*35:214",15248,168,442,610
"HLA-B*35:22",15248,137,330,467
"HLA-B*35:225",15248,175,456,631
"HLA-B*35:23",15248,168,455,623
"HLA-B*35:24",15248,173,466,639
"HLA-B*35:247",15248,168,442,610
"HLA-B*35:25",15248,164,435,599
"HLA-B*35:259",15248,170,433,603
"HLA-B*35:26",15248,167,455,622
"HLA-B*35:263",15248,168,442,610
"HLA-B*35:27",15248,182,465,647
"HLA-B*35:278",15248,132,358,490
"HLA-B*35:28",15248,168,464,632
"HLA-B*35:29",15248,153,442,595
"HLA-B*35:30",15248,167,404,571
"HLA-B*35:31",15248,131,336,467
"HLA-B*35:32",15248,170,456,626
"HLA-B*35:321",15248,130,387,517
"HLA-B*35:33",15248,133,350,483
"HLA-B*35:34",15248,132,373,505
"HLA-B*35:36",15248,132,358,490
"HLA-B*35:37",15248,121,328,449
"HLA-B*35:38",15248,127,352,479
"HLA-B*35:41",15248,173,432,605
"HLA-B*35:43",15248,172,432,604
"HLA-B*35:44",15248,135,354,489
"HLA-B*35:45",15248,182,496,678
"HLA-B*35:47",15248,170,437,607
"HLA-B*35:48",15248,166,459,625
"HLA-B*35:49",15248,164,449,613
"HLA-B*35:55",15248,132,358,490
"HLA-B*35:58",15248,160,422,582
"HLA-B*35:59",15248,129,377,506
"HLA-B*35:61",15248,175,456,631
"HLA-B*35:68",15248,170,456,626
"HLA-B*35:72",15248,181,481,662
"HLA-B*35:74",15248,137,376,513
"HLA-B*35:77",15248,168,442,610
"HLA-B*35:80",15248,194,452,646
"HLA-B*35:81",15248,144,381,525
"HLA-B*35:87",15248,123,351,474
"HLA-B*35:90",15248,160,442,602
"HLA-B*35:93",15248,161,456,617
"HLA-B*35:95",15248,129,422,551
"HLA-B*35:96",15248,135,337,472
"HLA-B*37:01",15248,94,375,469
"HLA-B*37:02",15248,116,319,435
"HLA-B*37:04",15248,100,389,489
"HLA-B*37:05",15248,93,355,448
"HLA-B*37:07",15248,89,298,387
"HLA-B*37:09",15248,89,338,427
"HLA-B*37:10",15248,103,352,455
"HLA-B*37:17",15248,99,382,481
"HLA-B*37:18",15248,94,375,469
"HLA-B*37:21",15248,129,361,490
"HLA-B*37:22",15248,95,391,486
"HLA-B*37:27",15248,94,375,469
"HLA-B*37:35",15248,128,358,486
"HLA-B*37:48",15248,99,374,473
"HLA-B*38:01",15248,127,394,521
"HLA-B*38:02",15248,127,382,509
"HLA-B*38:03",15248,107,391,498
"HLA-B*38:06",15248,128,427,555
"HLA-B*38:09",15248,127,394,521
"HLA-B*38:12",15248,127,394,521
"HLA-B*38:13",15248,127,394,521
"HLA-B*38:14",15248,125,381,506
"HLA-B*38:15",15248,127,382,509
"HLA-B*38:17",15248,120,342,462
"HLA-B*38:24",15248,127,394,521
"HLA-B*38:27",15248,127,394,521
"HLA-B*38:31",15248,127,394,521
"HLA-B*38:32",15248,129,362,491
"HLA-B*38:35",15248,127,382,509
"HLA-B*38:37",15248,127,387,514
"HLA-B*39:01",15248,120,368,488
"HLA-B*39:02",15248,108,365,473
"HLA-B*39:03",15248,116,362,478
"HLA-B*39:04",15248,120,368,488
"HLA-B*39:05",15248,124,343,467
"HLA-B*39:06",15248,94,272,366
"HLA-B*39:07",15248,158,419,577
"HLA-B*39:08",15248,93,375,468
"HLA-B*39:09",15248,122,375,497
"HLA-B*39:10",15248,130,338,468
"HLA-B*39:11",15248,127,357,484
"HLA-B*39:12",15248,127,336,463
"HLA-B*39:13",15248,105,359,464
"HLA-B*39:14",15248,125,354,479
"HLA-B*39:15",15248,124,372,496
"HLA-B*39:19",15248,127,417,544
"HLA-B*39:20",15248,133,353,486
"HLA-B*39:22",15248,128,355,483
"HLA-B*39:24",15248,116,362,478
"HLA-B*39:26",15248,120,368,488
"HLA-B*39:29",15248,117,348,465
"HLA-B*39:31",15248,115,350,465
"HLA-B*39:33",15248,113,297,410
"HLA-B*39:34",15248,97,274,371
"HLA-B*39:37",15248,124,346,470
"HLA-B*39:39",15248,111,392,503
"HLA-B*39:43",15248,136,423,559
"HLA-B*39:47",15248,119,372,491
"HLA-B*39:53",15248,120,368,488
"HLA-B*39:57",15248,94,272,366
"HLA-B*39:62",15248,94,272,366
"HLA-B*39:68",15248,120,368,488
"HLA-B*39:75",15248,120,368,488
"HLA-B*39:79",15248,117,371,488
"HLA-B*39:93",15248,120,368,488
"HLA-B*40:01",15248,101,289,390
"HLA-B*40:02",15248,89,292,381
"HLA-B*40:03",15248,99,319,418
"HLA-B*40:04",15248,96,288,384
"HLA-B*40:05",15248,93,319,412
"HLA-B*40:06",15248,69,235,304
"HLA-B*40:07",15248,97,386,483
"HLA-B*40:08",15248,115,345,460
"HLA-B*40:09",15248,89,281,370
"HLA-B*40:10",15248,100,369,469
"HLA-B*40:102",15248,101,289,390
"HLA-B*40:103",15248,69,235,304
"HLA-B*40:108",15248,101,289,390
"HLA-B*40:11",15248,93,291,384
"HLA-B*40:110",15248,111,287,398
"HLA-B*40:111",15248,89,292,381
"HLA-B*40:113",15248,105,297,402
"HLA-B*40:114",15248,101,285,386
"HLA-B*40:115",15248,91,293,384
"HLA-B*40:117",15248,92,344,436
"HLA-B*40:119",15248,92,289,381
"HLA-B*40:12",15248,109,364,473
"HLA-B*40:126",15248,101,289,390
"HLA-B*40:129",15248,98,328,426
"HLA-B*40:13",15248,130,373,503
"HLA-B*40:130",15248,101,289,390
"HLA-B*40:135",15248,101,289,390
"HLA-B*40:14",15248,93,291,384
"HLA-B*40:157",15248,88,335,423
"HLA-B*40:159",15248,73,236,309
"HLA-B*40:16",15248,73,294,367
"HLA-B*40:160",15248,102,299,401
"HLA-B*40:168",15248,103,281,384
"HLA-B*40:177",15248,69,235,304
"HLA-B*40:18",15248,89,281,370
"HLA-B*40:183",15248,95,302,397
"HLA-B*40:19",15248,103,343,446
"HLA-B*40:197",15248,101,289,390
"HLA-B*40:20",15248,108,308,416
"HLA-B*40:200",15248,89,292,381
"HLA-B*40:201",15248,87,332,419
"HLA-B*40:203",15248,89,292,381
"HLA-B*40:21",15248,119,385,504
"HLA-B*40:226",15248,83,283,366
"HLA-B*40:23",15248,78,307,385
"HLA-B*40:26",15248,90,312,402
"HLA-B*40:27",15248,98,295,393
"HLA-B*40:295",15248,69,235,304
"HLA-B*40:30",15248,96,305,401
"HLA-B*40:31",15248,94,297,391
"HLA-B*40:310",15248,101,289,390
"HLA-B*40:32",15248,83,286,369
"HLA-B*40:334",15248,89,292,381
"HLA-B*40:35",15248,89,292,381
"HLA-B*40:40",15248,90,362,452
"HLA-B*40:42",15248,105,277,382
"HLA-B*40:43",15248,109,302,411
"HLA-B*40:44",15248,67,241,308
"HLA-B*40:47",15248,91,329,420
"HLA-B*40:48",15248,94,304,398
"HLA-B*40:49",15248,96,350,446
"HLA-B*40:50",15248,89,309,398
"HLA-B*40:52",15248,105,349,454
"HLA-B*40:53",15248,69,235,304
"HLA-B*40:61",15248,93,361,454
"HLA-B*40:63",15248,107,289,396
"HLA-B*40:64",15248,96,288,384
"HLA-B*40:72",15248,100,291,391
"HLA-B*40:74",15248,101,289,390
"HLA-B*40:78",15248,89,292,381
"HLA-B*40:79",15248,103,287,390
"HLA-B*40:84",15248,101,289,390
"HLA-B*40:87",15248,101,289,390
"HLA-B*40:90",15248,87,293,380
"HLA-B*40:94",15248,89,292,381
"HLA-B*40:95",15248,67,228,295
"HLA-B*40:99",15248,96,288,384
"HLA-B*41:01",15248,76,236,312
"HLA-B*41:02",15248,87,296,383
"HLA-B*41:03",15248,91,292,383
"HLA-B*41:05",15248,75,244,319
"HLA-B*41:06",15248,76,236,312
"HLA-B*41:07",15248,76,236,312
"HLA-B*41:09",15248,76,236,312
"HLA-B*41:10",15248,87,296,383
"HLA-B*41:11",15248,87,296,383
"HLA-B*41:14",15248,79,231,310
"HLA-B*41:16",15248,76,236,312
"HLA-B*41:18",15248,83,296,379
"HLA-B*41:19",15248,83,285,368
"HLA-B*42:01",15248,98,336,434
"HLA-B*42:02",15248,101,330,431
"HLA-B*42:05",15248,98,336,434
"HLA-B*42:07",15248,108,332,440
"HLA-B*42:10",15248,98,336,434
"HLA-B*42:18",15248,106,322,428
"HLA-B*44:02",15248,120,311,431
"HLA-B*44:03",15248,128,308,436
"HLA-B*44:04",15248,125,330,455
"HLA-B*44:05",15248,101,323,424
"HLA-B*44:06",15248,136,450,586
"HLA-B*44:07",15248,128,308,436
"HLA-B*44:08",15248,124,381,505
"HLA-B*44:09",15248,123,297,420
"HLA-B*44:10",15248,103,355,458
"HLA-B*44:104",15248,120,311,431
"HLA-B*44:107",15248,109,332,441
"HLA-B*44:111",15248,128,308,436
"HLA-B*44:115",15248,128,308,436
"HLA-B*44:116",15248,120,311,431
"HLA-B*44:120",15248,128,308,436
"HLA-B*44:122",15248,128,308,436
"HLA-B*44:13",15248,128,308,436
"HLA-B*44:146",15248,143,323,466
"HLA-B*44:15",15248,95,264,359
"HLA-B*44:166",15248,96,356,452
"HLA-B*44:17",15248,125,305,430
"HLA-B*44:18",15248,106,282,388
"HLA-B*44:20",15248,111,294,405
"HLA-B*44:205",15248,128,308,436
"HLA-B*44:21",15248,121,323,444
"HLA-B*44:22",15248,120,311,431
"HLA-B*44:24",15248,120,311,431
"HLA-B*44:25",15248,105,343,448
"HLA-B*44:28",15248,124,313,437
"HLA-B*44:29",15248,127,309,436
"HLA-B*44:30",15248,128,308,436
"HLA-B*44:31",15248,95,343,438
"HLA-B*44:32",15248,122,296,418
"HLA-B*44:34",15248,126,315,441
"HLA-B*44:36",15248,128,308,436
"HLA-B*44:37",15248,119,379,498
"HLA-B*44:41",15248,120,318,438
"HLA-B*44:43",15248,133,300,433
"HLA-B*44:45",15248,128,308,436
"HLA-B*44:48",15248,120,311,431
"HLA-B*44:50",15248,132,321,453
"HLA-B*44:60",15248,130,395,525
"HLA-B*44:64",15248,122,348,470
"HLA-B*44:67",15248,120,311,431
"HLA-B*44:68",15248,120,311,431
"HLA-B*44:73",15248,122,313,435
"HLA-B*44:74",15248,120,311,431
"HLA-B*44:76",15248,127,349,476
"HLA-B*44:77",15248,102,350,452
"HLA-B*44:80",15248,120,311,431
"HLA-B*44:83",15248,119,367,486
"HLA-B*44:84",15248,120,311,431
"HLA-B*44:86",15248,120,311,431
"HLA-B*44:87",15248,120,311,431
"HLA-B*44:88",15248,120,311,431
"HLA-B*44:91",15248,122,355,477
"HLA-B*44:92",15248,129,306,435
"HLA-B*44:96",15248,130,331,461
"HLA-B*44:98",15248,128,308,436
"HLA-B*44:99",15248,120,311,431
"HLA-B*45:01",15248,64,225,289
"HLA-B*45:02",15248,70,234,304
"HLA-B*46:01",15248,165,449,614
"HLA-B*46:22",15248,165,433,598
"HLA-B*47:01",15248,108,380,488
"HLA-B*47:02",15248,118,390,508
"HLA-B*47:03",15248,118,390,508
"HLA-B*47:04",15248,139,349,488
"HLA-B*47:05",15248,120,336,456
"HLA-B*48:01",15248,110,353,463
"HLA-B*48:02",15248,157,434,591
"HLA-B*48:03",15248,109,364,473
"HLA-B*48:04",15248,110,353,463
"HLA-B*48:05",15248,109,316,425
"HLA-B*48:06",15248,120,374,494
"HLA-B*48:07",15248,109,343,452
"HLA-B*48:12",15248,111,342,453
"HLA-B*48:13",15248,111,342,453
"HLA-B*48:24",15248,110,353,463
"HLA-B*48:26",15248,126,354,480
"HLA-B*48:29",15248,110,353,463
"HLA-B*49:01",15248,98,289,387
"HLA-B*49:04",15248,112,337,449
"HLA-B*49:09",15248,111,289,400
"HLA-B*49:18",15248,108,297,405
"HLA-B*50:01",15248,72,211,283
"HLA-B*50:02",15248,69,206,275
"HLA-B*50:04",15248,72,211,283
"HLA-B*50:08",15248,72,211,283
"HLA-B*50:09",15248,74,240,314
"HLA-B*50:12",15248,89,268,357
"HLA-B*51:01",15248,136,378,514
"HLA-B*51:02",15248,135,372,507
"HLA-B*51:04",15248,133,412,545
"HLA-B*51:05",15248,136,360,496
"HLA-B*51:06",15248,134,397,531
"HLA-B*51:07",15248,148,383,531
"HLA-B*51:08",15248,138,365,503
"HLA-B*51:09",15248,148,354,502
"HLA-B*51:10",15248,137,356,493
"HLA-B*51:100",15248,136,378,514
"HLA-B*51:105",15248,136,378,514
"HLA-B*51:107",15248,136,378,514
"HLA-B*51:109",15248,136,378,514
"HLA-B*51:114",15248,136,378,514
"HLA-B*51:116",15248,146,345,491
"HLA-B*51:117",15248,136,378,514
"HLA-B*51:122",15248,148,354,502
"HLA-B*51:123",15248,136,378,514
"HLA-B*51:127",15248,136,378,514
"HLA-B*51:13",15248,138,374,512
"HLA-B*51:134",15248,136,378,514
"HLA-B*51:14",15248,140,367,507
"HLA-B*51:158",15248,136,378,514
"HLA-B*51:17",15248,136,378,514
"HLA-B*51:177",15248,136,378,514
"HLA-B*51:19",15248,139,380,519
"HLA-B*51:20",15248,139,359,498
"HLA-B*51:21",15248,139,371,510
"HLA-B*51:22",15248,124,415,539
"HLA-B*51:23",15248,130,348,478
"HLA-B*51:24",15248,136,378,514
"HLA-B*51:26",15248,136,378,514
"HLA-B*51:29",15248,127,392,519
"HLA-B*51:31",15248,150,349,499
"HLA-B*51:33",15248,136,378,514
"HLA-B*51:34",15248,139,346,485
"HLA-B*51:36",15248,137,355,492
"HLA-B*51:37",15248,143,399,542
"HLA-B*51:38",15248,136,378,514
"HLA-B*51:39",15248,136,378,514
"HLA-B*51:40",15248,135,364,499
"HLA-B*51:43",15248,136,378,514
"HLA-B*51:46",15248,131,405,536
"HLA-B*51:49",15248,136,378,514
"HLA-B*51:50",15248,125,322,447
"HLA-B*51:55",15248,130,396,526
"HLA-B*51:56",15248,133,412,545
"HLA-B*51:61",15248,142,361,503
"HLA-B*51:64",15248,128,380,508
"HLA-B*51:65",15248,136,378,514
"HLA-B*51:67",15248,136,378,514
"HLA-B*51:68",15248,150,344,494
"HLA-B*51:69",15248,136,378,514
"HLA-B*51:70",15248,136,378,514
"HLA-B*51:71",15248,136,378,514
"HLA-B*51:73",15248,148,354,502
"HLA-B*51:74",15248,136,378,514
"HLA-B*51:75",15248,136,378,514
"HLA-B*51:76",15248,136,378,514
"HLA-B*51:79",15248,136,378,514
"HLA-B*51:82",15248,139,376,515
"HLA-B*51:83",15248,136,378,514
"HLA-B*51:87",15248,137,367,504
"HLA-B*52:01",15248,138,404,542
"HLA-B*52:02",15248,134,409,543
"HLA-B*52:03",15248,123,397,520
"HLA-B*52:04",15248,138,404,542
"HLA-B*52:06",15248,131,380,511
"HLA-B*52:10",15248,135,388,523
"HLA-B*52:11",15248,126,414,540
"HLA-B*52:17",15248,138,404,542
"HLA-B*52:21",15248,118,398,516
"HLA-B*52:25",15248,127,412,539
"HLA-B*52:27",15248,130,393,523
"HLA-B*52:37",15248,132,405,537
"HLA-B*53:01",15248,133,408,541
"HLA-B*53:04",15248,137,382,519
"HLA-B*53:05",15248,137,443,580
"HLA-B*53:06",15248,131,468,599
"HLA-B*53:09",15248,156,444,600
"HLA-B*53:10",15248,133,408,541
"HLA-B*53:15",15248,133,408,541
"HLA-B*53:18",15248,133,408,541
"HLA-B*53:20",15248,133,408,541
"HLA-B*53:23",15248,136,418,554
"HLA-B*53:24",15248,136,415,551
"HLA-B*53:28",15248,151,458,609
"HLA-B*53:31",15248,140,366,506
"HLA-B*54:01",15248,102,238,340
"HLA-B*55:01",15248,92,261,353
"HLA-B*55:02",15248,95,244,339
"HLA-B*55:03",15248,99,267,366
"HLA-B*55:04",15248,109,318,427
"HLA-B*55:05",15248,92,261,353
"HLA-B*55:07",15248,102,238,340
"HLA-B*55:09",15248,86,269,355
"HLA-B*55:11",15248,92,278,370
"HLA-B*55:12",15248,101,265,366
"HLA-B*55:14",15248,131,413,544
"HLA-B*55:17",15248,88,281,369
"HLA-B*55:18",15248,78,258,336
"HLA-B*55:20",15248,100,288,388
"HLA-B*55:21",15248,90,256,346
"HLA-B*55:23",15248,94,293,387
"HLA-B*55:25",15248,92,261,353
"HLA-B*55:29",15248,92,261,353
"HLA-B*55:31",15248,88,263,351
"HLA-B*55:33",15248,92,261,353
"HLA-B*55:45",15248,92,261,353
"HLA-B*55:78",15248,95,260,355
"HLA-B*56:01",15248,89,257,346
"HLA-B*56:02",15248,126,320,446
"HLA-B*56:03",15248,144,420,564
"HLA-B*56:04",15248,126,320,446
"HLA-B*56:05",15248,98,286,384
"HLA-B*56:07",15248,114,326,440
"HLA-B*56:10",15248,116,308,424
"HLA-B*56:13",15248,92,277,369
"HLA-B*56:15",15248,98,283,381
"HLA-B*56:16",15248,90,275,365
"HLA-B*56:22",15248,93,288,381
"HLA-B*56:25",15248,92,259,351
"HLA-B*56:27",15248,89,257,346
"HLA-B*56:33",15248,102,275,377
"HLA-B*57:01",15248,121,395,516
"HLA-B*57:02",15248,143,439,582
"HLA-B*57:03",15248,138,409,547
"HLA-B*57:04",15248,127,430,557
"HLA-B*57:05",15248,149,446,595
"HLA-B*57:09",15248,131,410,541
"HLA-B*57:11",15248,135,425,560
"HLA-B*57:14",15248,121,412,533
"HLA-B*57:15",15248,124,407,531
"HLA-B*57:21",15248,121,395,516
"HLA-B*57:22",15248,125,427,552
"HLA-B*57:23",15248,121,395,516
"HLA-B*57:24",15248,127,384,511
"HLA-B*57:26",15248,122,390,512
"HLA-B*57:32",15248,127,430,557
"HLA-B*57:34",15248,121,395,516
"HLA-B*57:40",15248,121,395,516
"HLA-B*57:44",15248,121,395,516
"HLA-B*57:48",15248,121,395,516
"HLA-B*57:58",15248,124,387,511
"HLA-B*57:61",15248,121,395,516
"HLA-B*58:01",15248,128,390,518
"HLA-B*58:02",15248,128,442,570
"HLA-B*58:04",15248,127,423,550
"HLA-B*58:05",15248,134,408,542
"HLA-B*58:06",15248,128,453,581
"HLA-B*58:08",15248,145,399,544
"HLA-B*58:16",15248,131,410,541
"HLA-B*58:18",15248,121,391,512
"HLA-B*58:23",15248,128,390,518
"HLA-B*58:28",15248,131,442,573
"HLA-B*58:37",15248,133,402,535
"HLA-B*58:62",15248,128,390,518
"HLA-B*59:01",15248,130,348,478
"HLA-B*67:01",15248,112,321,433
"HLA-B*67:02",15248,160,396,556
"HLA-B*73:01",15248,80,250,330
"HLA-B*78:01",15248,114,297,411
"HLA-B*78:02",15248,113,298,411
"HLA-B*78:04",15248,118,275,393
"HLA-B*81:01",15248,105,341,446
"HLA-B*81:05",15248,105,374,479
"HLA-B*82:01",15248,111,355,466
"HLA-B*82:02",15248,111,355,466
"HLA-B*83:01",15248,106,416,522
"HLA-C*01:02",15248,131,385,516
"HLA-C*01:03",15248,136,405,541
"HLA-C*01:04",15248,127,432,559
"HLA-C*01:06",15248,137,389,526
"HLA-C*01:07",15248,131,385,516
"HLA-C*01:08",15248,131,385,516
"HLA-C*01:10",15248,128,391,519
"HLA-C*01:103",15248,126,394,520
"HLA-C*01:12",15248,123,407,530
"HLA-C*01:13",15248,131,385,516
"HLA-C*01:14",15248,137,391,528
"HLA-C*01:17",15248,139,380,519
"HLA-C*01:22",15248,134,400,534
"HLA-C*01:27",15248,131,385,516
"HLA-C*01:30",15248,139,372,511
"HLA-C*01:32",15248,131,385,516
"HLA-C*01:33",15248,131,385,516
"HLA-C*01:45",15248,131,385,516
"HLA-C*01:51",15248,131,385,516
"HLA-C*01:52",15248,131,385,516
"HLA-C*01:54",15248,131,432,563
"HLA-C*01:58",15248,131,385,516
"HLA-C*01:59",15248,134,400,534
"HLA-C*01:62",15248,131,385,516
"HLA-C*01:67",15248,131,385,516
"HLA-C*01:70",15248,131,385,516
"HLA-C*01:74",15248,131,385,516
"HLA-C*01:96",15248,131,385,516
"HLA-C*02:02",15248,161,442,603
"HLA-C*02:03",15248,193,455,648
"HLA-C*02:04",15248,163,442,605
"HLA-C*02:05",15248,139,445,584
"HLA-C*02:06",15248,147,411,558
"HLA-C*02:07",15248,175,463,638
"HLA-C*02:08",15248,161,442,603
"HLA-C*02:12",15248,145,441,586
"HLA-C*02:13",15248,169,448,617
"HLA-C*02:14",15248,158,485,643
"HLA-C*02:16",15248,179,464,643
"HLA-C*02:19",15248,129,434,563
"HLA-C*02:21",15248,161,442,603
"HLA-C*02:23",15248,129,434,563
"HLA-C*02:24",15248,161,442,603
"HLA-C*02:26",15248,161,442,603
"HLA-C*02:27",15248,150,415,565
"HLA-C*02:30",15248,161,442,603
"HLA-C*02:31",15248,161,442,603
"HLA-C*02:32",15248,182,485,667
"HLA-C*02:34",15248,161,442,603
"HLA-C*02:35",15248,160,443,603
"HLA-C*02:40",15248,161,442,603
"HLA-C*02:43",15248,162,448,610
"HLA-C*02:44",15248,161,442,603
"HLA-C*02:45",15248,161,442,603
"HLA-C*02:46",15248,161,442,603
"HLA-C*02:48",15248,161,442,603
"HLA-C*02:49",15248,157,446,603
"HLA-C*02:55",15248,157,446,603
"HLA-C*02:56",15248,161,442,603
"HLA-C*02:87",15248,150,415,565
"HLA-C*03:02",15248,154,437,591
"HLA-C*03:03",15248,126,357,483
"HLA-C*03:04",15248,126,357,483
"HLA-C*03:05",15248,117,395,512
"HLA-C*03:06",15248,148,381,529
"HLA-C*03:07",15248,135,402,537
"HLA-C*03:08",15248,136,403,539
"HLA-C*03:09",15248,126,357,483
"HLA-C*03:10",15248,127,380,507
"HLA-C*03:103",15248,130,379,509
"HLA-C*03:109",15248,126,357,483
"HLA-C*03:11",15248,125,378,503
"HLA-C*03:113",15248,122,394,516
"HLA-C*03:115",15248,126,357,483
"HLA-C*03:116",15248,126,357,483
"HLA-C*03:117",15248,141,403,544
"HLA-C*03:120",15248,126,357,483
"HLA-C*03:122",15248,126,357,483
"HLA-C*03:126",15248,126,357,483
"HLA-C*03:127",15248,134,370,504
"HLA-C*03:13",15248,129,361,490
"HLA-C*03:136",15248,127,364,491
"HLA-C*03:139",15248,154,437,591
"HLA-C*03:14",15248,169,437,606
"HLA-C*03:140",15248,131,381,512
"HLA-C*03:143",15248,121,391,512
"HLA-C*03:147",15248,126,357,483
"HLA-C*03:148",15248,126,357,483
"HLA-C*03:151",15248,126,357,483
"HLA-C*03:153",15248,129,381,510
"HLA-C*03:154",15248,126,357,483
"HLA-C*03:159",15248,126,357,483
"HLA-C*03:16",15248,158,449,607
"HLA-C*03:17",15248,129,392,521
"HLA-C*03:18",15248,126,357,483
"HLA-C*03:19",15248,126,387,513
"HLA-C*03:21",15248,124,403,527
"HLA-C*03:251",15248,141,403,544
"HLA-C*03:258",15248,154,437,591
"HLA-C*03:26",15248,127,375,502
"HLA-C*03:28",15248,147,390,537
"HLA-C*03:30",15248,126,357,483
"HLA-C*03:32",15248,126,357,483
"HLA-C*03:35",15248,129,361,490
"HLA-C*03:36",15248,174,437,611
"HLA-C*03:37",15248,125,378,503
"HLA-C*03:38",15248,127,364,491
"HLA-C*03:40",15248,159,434,593
"HLA-C*03:41",15248,126,357,483
"HLA-C*03:42",15248,159,434,593
"HLA-C*03:43",15248,159,434,593
"HLA-C*03:44",15248,126,357,483
"HLA-C*03:45",15248,135,402,537
"HLA-C*03:46",15248,126,357,483
"HLA-C*03:47",15248,126,357,483
"HLA-C*03:49",15248,147,390,537
"HLA-C*03:51",15248,129,391,520
"HLA-C*03:53",15248,126,357,483
"HLA-C*03:54",15248,123,361,484
"HLA-C*03:56",15248,126,357,483
"HLA-C*03:59",15248,126,357,483
"HLA-C*03:60",15248,154,437,591
"HLA-C*03:64",15248,126,357,483
"HLA-C*03:69",15248,127,364,491
"HLA-C*03:70",15248,134,370,504
"HLA-C*03:75",15248,126,357,483
"HLA-C*03:78",15248,129,359,488
"HLA-C*03:81",15248,126,357,483
"HLA-C*03:85",15248,126,357,483
"HLA-C*03:86",15248,116,404,520
"HLA-C*03:87",15248,126,357,483
"HLA-C*03:88",15248,126,357,483
"HLA-C*03:91",15248,126,357,483
"HLA-C*03:94",15248,116,404,520
"HLA-C*04:01",15248,161,444,605
"HLA-C*04:03",15248,169,439,608
"HLA-C*04:04",15248,166,459,625
"HLA-C*04:05",15248,161,444,605
"HLA-C*04:06",15248,152,438,590
"HLA-C*04:07",15248,161,444,605
"HLA-C*04:08",15248,168,447,615
"HLA-C*04:10",15248,165,441,606
"HLA-C*04:104",15248,161,444,605
"HLA-C*04:108",15248,162,455,617
"HLA-C*04:11",15248,180,416,596
"HLA-C*04:113",15248,180,485,665
"HLA-C*04:114",15248,165,441,606
"HLA-C*04:118",15248,161,444,605
"HLA-C*04:12",15248,161,444,605
"HLA-C*04:121",15248,161,444,605
"HLA-C*04:125",15248,161,444,605
"HLA-C*04:13",15248,182,475,657
"HLA-C*04:131",15248,161,444,605
"HLA-C*04:132",15248,155,485,640
"HLA-C*04:139",15248,161,444,605
"HLA-C*04:14",15248,185,444,629
"HLA-C*04:141",15248,161,444,605
"HLA-C*04:15",15248,167,451,618
"HLA-C*04:150",15248,161,444,605
"HLA-C*04:153",15248,165,441,606
"HLA-C*04:155",15248,161,444,605
"HLA-C*04:16",15248,169,439,608
"HLA-C*04:163",15248,161,444,605
"HLA-C*04:17",15248,167,451,618
"HLA-C*04:180",15248,161,444,605
"HLA-C*04:19",15248,161,444,605
"HLA-C*04:204",15248,161,444,605
"HLA-C*04:207",15248,161,444,605
"HLA-C*04:209",15248,161,444,605
"HLA-C*04:218",15248,161,506,667
"HLA-C*04:23",15248,162,455,617
"HLA-C*04:24",15248,161,444,605
"HLA-C*04:26",15248,161,444,605
"HLA-C*04:27",15248,161,444,605
"HLA-C*04:29",15248,178,431,609
"HLA-C*04:32",15248,166,446,612
"HLA-C*04:33",15248,161,444,605
"HLA-C*04:34",15248,172,474,646
"HLA-C*04:36",15248,180,416,596
"HLA-C*04:37",15248,158,438,596
"HLA-C*04:39",15248,161,444,605
"HLA-C*04:40",15248,176,456,632
"HLA-C*04:45",15248,161,444,605
"HLA-C*04:46",15248,161,444,605
"HLA-C*04:47",15248,161,444,605
"HLA-C*04:52",15248,161,444,605
"HLA-C*04:54",15248,180,569,749
"HLA-C*04:55",15248,180,416,596
"HLA-C*04:56",15248,161,444,605
"HLA-C*04:63",15248,161,444,605
"HLA-C*04:65",15248,161,444,605
"HLA-C*04:70",15248,161,444,605
"HLA-C*04:71",15248,163,433,596
"HLA-C*04:75",15248,161,444,605
"HLA-C*04:77",15248,166,446,612
"HLA-C*04:86",15248,161,484,645
"HLA-C*04:87",15248,161,444,605
"HLA-C*04:96",15248,161,444,605
"HLA-C*05:01",15248,159,440,599
"HLA-C*05:04",15248,197,495,692
"HLA-C*05:05",15248,159,440,599
"HLA-C*05:06",15248,159,440,599
"HLA-C*05:08",15248,153,408,561
"HLA-C*05:09",15248,159,440,599
"HLA-C*05:10",15248,165,445,610
"HLA-C*05:104",15248,152,437,589
"HLA-C*05:11",15248,146,445,591
"HLA-C*05:111",15248,157,423,580
"HLA-C*05:13",15248,159,440,599
"HLA-C*05:14",15248,159,440,599
"HLA-C*05:15",15248,160,435,595
"HLA-C*05:16",15248,145,452,597
"HLA-C*05:18",15248,159,440,599
"HLA-C*05:19",15248,159,440,599
"HLA-C*05:22",15248,158,418,576
"HLA-C*05:24",15248,159,440,599
"HLA-C*05:26",15248,159,440,599
"HLA-C*05:27",15248,141,442,583
"HLA-C*05:28",15248,159,440,599
"HLA-C*05:29",15248,159,440,599
"HLA-C*05:32",15248,161,443,604
"HLA-C*05:33",15248,162,440,602
"HLA-C*05:34",15248,159,440,599
"HLA-C*05:35",15248,159,440,599
"HLA-C*05:36",15248,166,451,617
"HLA-C*05:39",15248,164,413,577
"HLA-C*05:43",15248,159,455,614
"HLA-C*05:44",15248,159,440,599
"HLA-C*05:46",15248,165,442,607
"HLA-C*05:47",15248,157,424,581
"HLA-C*05:55",15248,159,440,599
"HLA-C*05:65",15248,159,440,599
"HLA-C*05:67",15248,159,440,599
"HLA-C*05:77",15248,159,440,599
"HLA-C*05:80",15248,159,440,599
"HLA-C*05:97",15248,159,440,599
"HLA-C*05:98",15248,156,435,591
"HLA-C*06:02",15248,139,414,553
"HLA-C*06:03",15248,131,457,588
"HLA-C*06:04",15248,126,430,556
"HLA-C*06:06",15248,160,437,597
"HLA-C*06:07",15248,139,414,553
"HLA-C*06:08",15248,134,423,557
"HLA-C*06:09",15248,145,406,551
"HLA-C*06:10",15248,137,423,560
"HLA-C*06:11",15248,129,438,567
"HLA-C*06:115",15248,139,414,553
"HLA-C*06:12",15248,139,414,553
"HLA-C*06:127",15248,150,430,580
"HLA-C*06:13",15248,139,414,553
"HLA-C*06:138",15248,135,402,537
"HLA-C*06:14",15248,135,428,563
"HLA-C*06:18",15248,139,414,553
"HLA-C*06:23",15248,134,483,617
"HLA-C*06:26",15248,139,414,553
"HLA-C*06:27",15248,139,414,553
"HLA-C*06:28",15248,150,428,578
"HLA-C*06:30",15248,139,414,553
"HLA-C*06:32",15248,139,414,553
"HLA-C*06:34",15248,134,436,570
"HLA-C*06:35",15248,146,478,624
"HLA-C*06:37",15248,139,414,553
"HLA-C*06:38",15248,139,414,553
"HLA-C*06:39",15248,139,414,553
"HLA-C*06:47",15248,133,450,583
"HLA-C*06:50",15248,139,414,553
"HLA-C*06:53",15248,139,414,553
"HLA-C*06:54",15248,139,414,553
"HLA-C*06:58",15248,139,414,553
"HLA-C*06:59",15248,139,414,553
"HLA-C*06:65",15248,139,414,553
"HLA-C*06:66",15248,139,414,553
"HLA-C*06:70",15248,139,414,553
"HLA-C*06:71",15248,132,418,550
"HLA-C*06:86",15248,139,414,553
"HLA-C*06:87",15248,139,414,553
"HLA-C*06:91",15248,139,414,553
"HLA-C*06:96",15248,139,430,569
"HLA-C*07:01",15248,144,434,578
"HLA-C*07:02",15248,181,463,644
"HLA-C*07:04",15248,145,425,570
"HLA-C*07:05",15248,133,447,580
"HLA-C*07:07",15248,150,419,569
"HLA-C*07:09",15248,150,419,569
"HLA-C*07:10",15248,173,476,649
"HLA-C*07:100",15248,181,463,644
"HLA-C*07:101",15248,145,425,570
"HLA-C*07:102",15248,181,463,644
"HLA-C*07:105",15248,181,463,644
"HLA-C*07:106",15248,144,434,578
"HLA-C*07:108",15248,150,466,616
"HLA-C*07:112",15248,144,434,578
"HLA-C*07:114",15248,181,463,644
"HLA-C*07:116",15248,144,434,578
"HLA-C*07:117",15248,181,463,644
"HLA-C*07:118",15248,144,434,578
"HLA-C*07:119",15248,144,434,578
"HLA-C*07:12",15248,151,396,547
"HLA-C*07:120",15248,151,420,571
"HLA-C*07:122",15248,144,434,578
"HLA-C*07:123",15248,181,463,644
"HLA-C*07:124",15248,134,423,557
"HLA-C*07:126",15248,181,463,644
"HLA-C*07:127",15248,181,463,644
"HLA-C*07:128",15248,144,434,578
"HLA-C*07:13",15248,165,418,583
"HLA-C*07:130",15248,181,463,644
"HLA-C*07:137",15248,179,460,639
"HLA-C*07:138",15248,172,468,640
"HLA-C*07:141",15248,143,460,603
"HLA-C*07:143",15248,181,463,644
"HLA-C*07:147",15248,181,463,644
"HLA-C*07:148",15248,144,434,578
"HLA-C*07:149",15248,181,463,644
"HLA-C*07:15",15248,179,453,632
"HLA-C*07:151",15248,154,442,596
"HLA-C*07:154",15248,181,463,644
"HLA-C*07:155",15248,173,443,616
"HLA-C*07:16",15248,144,434,578
"HLA-C*07:165",15248,134,424,558
"HLA-C*07:17",15248,164,485,649
"HLA-C*07:172",15248,180,493,673
"HLA-C*07:173",15248,144,434,578
"HLA-C*07:179",15248,144,434,578
"HLA-C*07:180",15248,144,434,578
"HLA-C*07:181",15248,145,425,570
"HLA-C*07:184",15248,157,411,568
"HLA-C*07:19",15248,163,468,631
"HLA-C*07:192",15248,181,463,644
"HLA-C*07:196",15248,147,437,584
"HLA-C*07:199",15248,162,414,576
"HLA-C*07:205",15248,144,434,578
"HLA-C*07:206",15248,144,434,578
"HLA-C*07:209",15248,172,464,636
"HLA-C*07:21",15248,144,434,578
"HLA-C*07:212",15248,149,451,600
"HLA-C*07:214",15248,144,434,578
"HLA-C*07:218",15248,181,463,644
"HLA-C*07:22",15248,164,420,584
"HLA-C*07:222",15248,144,434,578
"HLA-C*07:223",15248,144,434,578
"HLA-C*07:224",15248,144,434,578
"HLA-C*07:232",15248,181,463,644
"HLA-C*07:234",15248,181,463,644
"HLA-C*07:24",15248,144,434,578
"HLA-C*07:241",15248,165,467,632
"HLA-C*07:242",15248,160,479,639
"HLA-C*07:243",15248,181,463,644
"HLA-C*07:247",15248,147,423,570
"HLA-C*07:25",15248,181,463,644
"HLA-C*07:250",15248,160,457,617
"HLA-C*07:252",15248,181,463,644
"HLA-C*07:256",15248,146,432,578
"HLA-C*07:257",15248,144,434,578
"HLA-C*07:26",15248,152,437,589
"HLA-C*07:261",15248,181,463,644
"HLA-C*07:262",15248,172,493,665
"HLA-C*07:27",15248,160,460,620
"HLA-C*07:279",15248,144,434,578
"HLA-C*07:28",15248,155,414,569
"HLA-C*07:285",15248,181,463,644
"HLA-C*07:287",15248,178,464,642
"HLA-C*07:29",15248,170,402,572
"HLA-C*07:293",15248,144,434,578
"HLA-C*07:298",15248,144,434,578
"HLA-C*07:301",15248,144,434,578
"HLA-C*07:303",15248,144,434,578
"HLA-C*07:31",15248,149,430,579
"HLA-C*07:312",15248,181,463,644
"HLA-C*07:314",15248,159,438,597
"HLA-C*07:326",15248,181,463,644
"HLA-C*07:335",15248,189,466,655
"HLA-C*07:339",15248,181,463,644
"HLA-C*07:340",15248,181,463,644
"HLA-C*07:35",15248,144,434,578
"HLA-C*07:36",15248,144,434,578
"HLA-C*07:360",15248,181,463,644
"HLA-C*07:368",15248,181,463,644
"HLA-C*07:369",15248,144,434,578
"HLA-C*07:37",15248,193,473,666
"HLA-C*07:38",15248,181,463,644
"HLA-C*07:39",15248,176,477,653
"HLA-C*07:391",15248,165,461,626
"HLA-C*07:40",15248,144,449,593
"HLA-C*07:409",15248,181,463,644
"HLA-C*07:43",15248,163,452,615
"HLA-C*07:44",15248,144,434,578
"HLA-C*07:450",15248,144,434,578
"HLA-C*07:46",15248,164,440,604
"HLA-C*07:48",15248,181,463,644
"HLA-C*07:49",15248,173,472,645
"HLA-C*07:51",15248,181,463,644
"HLA-C*07:54",15248,181,463,644
"HLA-C*07:56",15248,181,463,644
"HLA-C*07:57",15248,144,434,578
"HLA-C*07:60",15248,144,434,578
"HLA-C*07:63",15248,145,425,570
"HLA-C*07:68",15248,180,471,651
"HLA-C*07:70",15248,144,434,578
"HLA-C*07:72",15248,181,463,644
"HLA-C*07:73",15248,157,474,631
"HLA-C*07:75",15248,181,462,643
"HLA-C*07:76",15248,162,481,643
"HLA-C*07:79",15248,181,463,644
"HLA-C*07:80",15248,181,463,644
"HLA-C*07:83",15248,144,434,578
"HLA-C*07:85",15248,144,434,578
"HLA-C*07:88",15248,181,463,644
"HLA-C*07:89",15248,144,434,578
"HLA-C*07:90",15248,181,463,644
"HLA-C*07:91",15248,151,426,577
"HLA-C*07:92",15248,162,454,616
"HLA-C*07:93",15248,144,434,578
"HLA-C*07:95",15248,156,437,593
"HLA-C*07:96",15248,162,454,616
"HLA-C*07:97",15248,181,463,644
"HLA-C*08:01",15248,158,410,568
"HLA-C*08:02",15248,158,389,547
"HLA-C*08:03",15248,158,410,568
"HLA-C*08:04",15248,151,399,550
"HLA-C*08:05",15248,156,398,554
"HLA-C*08:06",15248,156,403,559
"HLA-C*08:07",15248,141,410,551
"HLA-C*08:08",15248,144,414,558
"HLA-C*08:10",15248,159,458,617
"HLA-C*08:103",15248,152,393,545
"HLA-C*08:11",15248,171,455,626
"HLA-C*08:12",15248,141,419,560
"HLA-C*08:13",15248,151,399,550
"HLA-C*08:15",15248,158,389,547
"HLA-C*08:23",15248,158,389,547
"HLA-C*08:25",15248,156,398,554
"HLA-C*08:28",15248,158,389,547
"HLA-C*08:30",15248,159,390,549
"HLA-C*08:32",15248,158,389,547
"HLA-C*08:33",15248,158,389,547
"HLA-C*08:35",15248,158,389,547
"HLA-C*08:43",15248,159,403,562
"HLA-C*08:50",15248,158,410,568
"HLA-C*08:51",15248,156,405,561
"HLA-C*08:53",15248,158,389,547
"HLA-C*08:54",15248,151,399,550
"HLA-C*08:76",15248,158,389,547
"HLA-C*08:92",15248,158,389,547
"HLA-C*12:02",15248,151,430,581
"HLA-C*12:03",15248,130,472,602
"HLA-C*12:04",15248,141,452,593
"HLA-C*12:05",15248,137,456,593
"HLA-C*12:06",15248,130,472,602
"HLA-C*12:07",15248,124,479,603
"HLA-C*12:08",15248,149,455,604
"HLA-C*12:09",15248,153,466,619
"HLA-C*12:101",15248,130,472,602
"HLA-C*12:11",15248,130,440,570
"HLA-C*12:12",15248,129,453,582
"HLA-C*12:13",15248,130,472,602
"HLA-C*12:136",15248,151,430,581
"HLA-C*12:139",15248,130,472,602
"HLA-C*12:14",15248,166,437,603
"HLA-C*12:149",15248,130,472,602
"HLA-C*12:16",15248,151,463,614
"HLA-C*12:162",15248,151,430,581
"HLA-C*12:18",15248,162,448,610
"HLA-C*12:19",15248,137,434,571
"HLA-C*12:20",15248,137,435,572
"HLA-C*12:21",15248,162,448,610
"HLA-C*12:24",15248,140,447,587
"HLA-C*12:27",15248,151,430,581
"HLA-C*12:28",15248,130,472,602
"HLA-C*12:30",15248,151,430,581
"HLA-C*12:33",15248,137,456,593
"HLA-C*12:34",15248,130,472,602
"HLA-C*12:38",15248,130,472,602
"HLA-C*12:40",15248,151,430,581
"HLA-C*12:41",15248,163,453,616
"HLA-C*12:43",15248,130,472,602
"HLA-C*12:45",15248,130,472,602
"HLA-C*12:47",15248,130,472,602
"HLA-C*12:48",15248,130,472,602
"HLA-C*12:54",15248,132,481,613
"HLA-C*12:59",15248,130,472,602
"HLA-C*12:60",15248,141,452,593
"HLA-C*12:61",15248,130,472,602
"HLA-C*12:62",15248,130,472,602
"HLA-C*12:64",15248,151,430,581
"HLA-C*12:67",15248,151,430,581
"HLA-C*12:72",15248,153,436,589
"HLA-C*12:78",15248,130,472,602
"HLA-C*12:86",15248,151,430,581
"HLA-C*12:90",15248,141,420,561
"HLA-C*12:98",15248,129,460,589
"HLA-C*12:99",15248,130,472,602
"HLA-C*14:02",15248,193,492,685
"HLA-C*14:03",15248,193,492,685
"HLA-C*14:04",15248,194,496,690
"HLA-C*14:05",15248,181,506,687
"HLA-C*14:06",15248,174,490,664
"HLA-C*14:10",15248,193,492,685
"HLA-C*14:12",15248,188,511,699
"HLA-C*14:18",15248,184,495,679
"HLA-C*14:24",15248,193,492,685
"HLA-C*14:25",15248,192,498,690
"HLA-C*14:29",15248,208,474,682
"HLA-C*14:32",15248,193,492,685
"HLA-C*14:41",15248,186,489,675
"HLA-C*14:50",15248,193,492,685
"HLA-C*14:66",15248,193,492,685
"HLA-C*14:67",15248,193,492,685
"HLA-C*15:02",15248,147,426,573
"HLA-C*15:03",15248,149,432,581
"HLA-C*15:04",15248,164,505,669
"HLA-C*15:05",15248,139,440,579
"HLA-C*15:06",15248,138,424,562
"HLA-C*15:07",15248,138,419,557
"HLA-C*15:08",15248,146,474,620
"HLA-C*15:09",15248,164,505,669
"HLA-C*15:10",15248,147,426,573
"HLA-C*15:102",15248,129,403,532
"HLA-C*15:11",15248,145,436,581
"HLA-C*15:124",15248,147,426,573
"HLA-C*15:15",15248,144,434,578
"HLA-C*15:16",15248,152,428,580
"HLA-C*15:17",15248,145,436,581
"HLA-C*15:22",15248,136,436,572
"HLA-C*15:23",15248,151,412,563
"HLA-C*15:24",15248,142,440,582
"HLA-C*15:25",15248,156,409,565
"HLA-C*15:26",15248,147,426,573
"HLA-C*15:27",15248,174,473,647
"HLA-C*15:30",15248,164,505,669
"HLA-C*15:38",15248,147,426,573
"HLA-C*15:40",15248,138,424,562
"HLA-C*15:42",15248,143,445,588
"HLA-C*15:44",15248,147,426,573
"HLA-C*15:52",15248,147,426,573
"HLA-C*15:57",15248,163,448,611
"HLA-C*15:58",15248,132,421,553
"HLA-C*15:68",15248,147,426,573
"HLA-C*15:72",15248,155,424,579
"HLA-C*15:85",15248,138,444,582
"HLA-C*16:01",15248,155,444,599
"HLA-C*16:02",15248,153,485,638
"HLA-C*16:04",15248,140,454,594
"HLA-C*16:07",15248,169,468,637
"HLA-C*16:08",15248,155,444,599
"HLA-C*16:09",15248,153,485,638
"HLA-C*16:12",15248,152,473,625
"HLA-C*16:13",15248,155,444,599
"HLA-C*16:14",15248,155,444,599
"HLA-C*16:15",15248,147,450,597
"HLA-C*16:18",15248,135,428,563
"HLA-C*16:19",15248,153,485,638
"HLA-C*16:21",15248,168,458,626
"HLA-C*16:22",15248,155,444,599
"HLA-C*16:24",15248,155,444,599
"HLA-C*16:25",15248,152,480,632
"HLA-C*16:26",15248,155,444,599
"HLA-C*16:33",15248,141,454,595
"HLA-C*16:37",15248,151,452,603
"HLA-C*16:38",15248,148,457,605
"HLA-C*16:46",15248,153,485,638
"HLA-C*16:50",15248,134,451,585
"HLA-C*16:52",15248,155,444,599
"HLA-C*16:74",15248,153,485,638
"HLA-C*16:88",15248,151,499,650
"HLA-C*17:01",15248,146,404,550
"HLA-C*17:04",15248,146,404,550
"HLA-C*17:07",15248,152,401,553
"HLA-C*17:23",15248,150,396,546
"HLA-C*18:01",15248,164,441,605
"HLA-C*18:03",15248,166,432,598
"HLA-C*18:04",15248,161,472,633
"HLA-C*18:06",15248,164,441,605
