"Alleles","AllBinders","StrongBinders","WeakBinders","WeakandStrongBinders"
"HLA-DPA1*01:03-DPB1*01:01",552,8,21,29
"HLA-DPA1*01:03-DPB1*02:01",552,10,22,32
"HLA-DPA1*01:03-DPB1*02:02",552,13,26,39
"HLA-DPA1*01:03-DPB1*03:01",552,4,18,22
"HLA-DPA1*01:03-DPB1*04:01",552,10,29,39
"HLA-DPA1*01:03-DPB1*04:02",552,11,21,32
"HLA-DPA1*01:03-DPB1*05:01",552,5,13,18
"HLA-DPA1*01:03-DPB1*06:01",552,2,23,25
"HLA-DPA1*01:03-DPB1*08:01",552,2,18,20
"HLA-DPA1*01:03-DPB1*09:01",552,0,27,27
"HLA-DPA1*01:03-DPB1*10:001",552,12,22,34
"HLA-DPA1*01:03-DPB1*10:01",552,1,17,18
"HLA-DPA1*01:03-DPB1*10:201",552,4,17,21
"HLA-DPA1*01:03-DPB1*10:301",552,12,20,32
"HLA-DPA1*01:03-DPB1*10:801",552,4,18,22
"HLA-DPA1*01:03-DPB1*10:901",552,13,26,39
"HLA-DPA1*01:03-DPB1*11:001",552,10,31,41
"HLA-DPA1*01:03-DPB1*11:01",552,3,21,24
"HLA-DPA1*01:03-DPB1*11:201",552,10,29,39
"HLA-DPA1*01:03-DPB1*11:301",552,13,26,39
"HLA-DPA1*01:03-DPB1*11:501",552,10,22,32
"HLA-DPA1*01:03-DPB1*11:601",552,11,21,32
"HLA-DPA1*01:03-DPB1*12:101",552,10,29,39
"HLA-DPA1*01:03-DPB1*12:201",552,4,15,19
"HLA-DPA1*01:03-DPB1*12:301",552,10,22,32
"HLA-DPA1*01:03-DPB1*12:501",552,3,25,28
"HLA-DPA1*01:03-DPB1*12:701",552,2,14,16
"HLA-DPA1*01:03-DPB1*12:801",552,10,29,39
"HLA-DPA1*01:03-DPB1*12:901",552,5,22,27
"HLA-DPA1*01:03-DPB1*13:001",552,4,18,22
"HLA-DPA1*01:03-DPB1*13:01",552,10,31,41
"HLA-DPA1*01:03-DPB1*13:201",552,2,13,15
"HLA-DPA1*01:03-DPB1*13:401",552,10,29,39
"HLA-DPA1*01:03-DPB1*14:01",552,2,20,22
"HLA-DPA1*01:03-DPB1*15:01",552,4,8,12
"HLA-DPA1*01:03-DPB1*16:01",552,3,19,22
"HLA-DPA1*01:03-DPB1*17:01",552,2,28,30
"HLA-DPA1*01:03-DPB1*18:01",552,1,16,17
"HLA-DPA1*01:03-DPB1*19:01",552,5,17,22
"HLA-DPA1*01:03-DPB1*20:01",552,4,18,22
"HLA-DPA1*01:03-DPB1*21:01",552,6,35,41
"HLA-DPA1*01:03-DPB1*22:01",552,8,17,25
"HLA-DPA1*01:03-DPB1*23:01",552,10,29,39
"HLA-DPA1*01:03-DPB1*24:01",552,12,22,34
"HLA-DPA1*01:03-DPB1*25:01",552,4,18,22
"HLA-DPA1*01:03-DPB1*26:01",552,3,25,28
"HLA-DPA1*01:03-DPB1*27:01",552,8,28,36
"HLA-DPA1*01:03-DPB1*28:01",552,0,12,12
"HLA-DPA1*01:03-DPB1*29:01",552,1,14,15
"HLA-DPA1*01:03-DPB1*30:01",552,6,35,41
"HLA-DPA1*01:03-DPB1*31:01",552,7,22,29
"HLA-DPA1*01:03-DPB1*33:01",552,11,24,35
"HLA-DPA1*01:03-DPB1*34:01",552,3,12,15
"HLA-DPA1*01:03-DPB1*35:01",552,2,13,15
"HLA-DPA1*01:03-DPB1*36:01",552,4,26,30
"HLA-DPA1*01:03-DPB1*37:01",552,1,17,18
"HLA-DPA1*01:03-DPB1*38:01",552,5,13,18
"HLA-DPA1*01:03-DPB1*39:01",552,10,29,39
"HLA-DPA1*01:03-DPB1*40:01",552,5,13,18
"HLA-DPA1*01:03-DPB1*41:01",552,4,26,30
"HLA-DPA1*01:03-DPB1*45:01",552,4,18,22
"HLA-DPA1*01:03-DPB1*46:01",552,10,22,32
"HLA-DPA1*01:03-DPB1*47:01",552,13,26,39
"HLA-DPA1*01:03-DPB1*48:01",552,10,22,32
"HLA-DPA1*01:03-DPB1*49:01",552,11,21,32
"HLA-DPA1*01:03-DPB1*50:01",552,1,18,19
"HLA-DPA1*01:03-DPB1*51:01",552,11,21,32
"HLA-DPA1*01:03-DPB1*52:01",552,3,23,26
"HLA-DPA1*01:03-DPB1*53:01",552,0,17,17
"HLA-DPA1*01:03-DPB1*54:01",552,3,25,28
"HLA-DPA1*01:03-DPB1*55:01",552,15,33,48
"HLA-DPA1*01:03-DPB1*56:01",552,3,23,26
"HLA-DPA1*01:03-DPB1*59:01",552,4,18,22
"HLA-DPA1*01:03-DPB1*60:01",552,6,15,21
"HLA-DPA1*01:03-DPB1*63:01",552,7,25,32
"HLA-DPA1*01:03-DPB1*65:01",552,4,20,24
"HLA-DPA1*01:03-DPB1*66:01",552,18,22,40
"HLA-DPA1*01:03-DPB1*67:01",552,3,23,26
"HLA-DPA1*01:03-DPB1*68:01",552,4,7,11
"HLA-DPA1*01:03-DPB1*69:01",552,1,15,16
"HLA-DPA1*01:03-DPB1*70:01",552,4,18,22
"HLA-DPA1*01:03-DPB1*71:01",552,11,24,35
"HLA-DPA1*01:03-DPB1*72:01",552,9,26,35
"HLA-DPA1*01:03-DPB1*74:01",552,0,19,19
"HLA-DPA1*01:03-DPB1*75:01",552,10,14,24
"HLA-DPA1*01:03-DPB1*76:01",552,4,18,22
"HLA-DPA1*01:03-DPB1*77:01",552,11,21,32
"HLA-DPA1*01:03-DPB1*78:01",552,4,18,22
"HLA-DPA1*01:03-DPB1*79:01",552,2,13,15
"HLA-DPA1*01:03-DPB1*80:01",552,11,21,32
"HLA-DPA1*01:03-DPB1*81:01",552,10,22,32
"HLA-DPA1*01:03-DPB1*82:01",552,11,21,32
"HLA-DPA1*01:03-DPB1*83:01",552,3,19,22
"HLA-DPA1*01:03-DPB1*85:01",552,8,28,36
"HLA-DPA1*01:03-DPB1*86:01",552,13,26,39
"HLA-DPA1*01:03-DPB1*87:01",552,5,27,32
"HLA-DPA1*01:03-DPB1*88:01",552,1,17,18
"HLA-DPA1*01:03-DPB1*89:01",552,14,20,34
"HLA-DPA1*01:03-DPB1*90:01",552,8,21,29
"HLA-DPA1*01:03-DPB1*91:01",552,4,18,22
"HLA-DPA1*01:03-DPB1*92:01",552,4,18,22
"HLA-DPA1*01:03-DPB1*93:01",552,2,28,30
"HLA-DPA1*01:03-DPB1*95:01",552,8,22,30
"HLA-DPA1*01:03-DPB1*96:01",552,10,29,39
"HLA-DPA1*01:03-DPB1*98:01",552,3,20,23
"HLA-DPA1*01:03-DPB1*99:01",552,7,30,37
"HLA-DPA1*01:04-DPB1*01:01",552,8,21,29
"HLA-DPA1*01:04-DPB1*02:01",552,10,22,32
"HLA-DPA1*01:04-DPB1*02:02",552,13,26,39
"HLA-DPA1*01:04-DPB1*03:01",552,4,18,22
"HLA-DPA1*01:04-DPB1*04:01",552,10,29,39
"HLA-DPA1*01:04-DPB1*04:02",552,11,21,32
"HLA-DPA1*01:04-DPB1*05:01",552,5,13,18
"HLA-DPA1*01:04-DPB1*06:01",552,2,23,25
"HLA-DPA1*01:04-DPB1*08:01",552,2,18,20
"HLA-DPA1*01:04-DPB1*09:01",552,0,27,27
"HLA-DPA1*01:04-DPB1*10:001",552,12,22,34
"HLA-DPA1*01:04-DPB1*10:01",552,1,17,18
"HLA-DPA1*01:04-DPB1*10:201",552,4,17,21
"HLA-DPA1*01:04-DPB1*10:301",552,12,20,32
"HLA-DPA1*01:04-DPB1*10:801",552,4,18,22
"HLA-DPA1*01:04-DPB1*10:901",552,13,26,39
"HLA-DPA1*01:04-DPB1*11:001",552,10,31,41
"HLA-DPA1*01:04-DPB1*11:01",552,3,21,24
"HLA-DPA1*01:04-DPB1*11:201",552,10,29,39
"HLA-DPA1*01:04-DPB1*11:301",552,13,26,39
"HLA-DPA1*01:04-DPB1*11:501",552,10,22,32
"HLA-DPA1*01:04-DPB1*11:601",552,11,21,32
"HLA-DPA1*01:04-DPB1*12:101",552,10,29,39
"HLA-DPA1*01:04-DPB1*12:201",552,4,15,19
"HLA-DPA1*01:04-DPB1*12:301",552,10,22,32
"HLA-DPA1*01:04-DPB1*12:501",552,3,25,28
"HLA-DPA1*01:04-DPB1*12:701",552,2,14,16
"HLA-DPA1*01:04-DPB1*12:801",552,10,29,39
"HLA-DPA1*01:04-DPB1*12:901",552,5,22,27
"HLA-DPA1*01:04-DPB1*13:001",552,4,18,22
"HLA-DPA1*01:04-DPB1*13:01",552,10,31,41
"HLA-DPA1*01:04-DPB1*13:201",552,2,13,15
"HLA-DPA1*01:04-DPB1*13:401",552,10,29,39
"HLA-DPA1*01:04-DPB1*14:01",552,2,20,22
"HLA-DPA1*01:04-DPB1*15:01",552,4,8,12
"HLA-DPA1*01:04-DPB1*16:01",552,3,19,22
"HLA-DPA1*01:04-DPB1*17:01",552,2,28,30
"HLA-DPA1*01:04-DPB1*18:01",552,1,16,17
"HLA-DPA1*01:04-DPB1*19:01",552,5,17,22
"HLA-DPA1*01:04-DPB1*20:01",552,4,18,22
"HLA-DPA1*01:04-DPB1*21:01",552,6,35,41
"HLA-DPA1*01:04-DPB1*22:01",552,8,17,25
"HLA-DPA1*01:04-DPB1*23:01",552,10,29,39
"HLA-DPA1*01:04-DPB1*24:01",552,12,22,34
"HLA-DPA1*01:04-DPB1*25:01",552,4,18,22
"HLA-DPA1*01:04-DPB1*26:01",552,3,25,28
"HLA-DPA1*01:04-DPB1*27:01",552,8,28,36
"HLA-DPA1*01:04-DPB1*28:01",552,0,12,12
"HLA-DPA1*01:04-DPB1*29:01",552,1,14,15
"HLA-DPA1*01:04-DPB1*30:01",552,6,35,41
"HLA-DPA1*01:04-DPB1*31:01",552,7,22,29
"HLA-DPA1*01:04-DPB1*33:01",552,11,24,35
"HLA-DPA1*01:04-DPB1*34:01",552,3,12,15
"HLA-DPA1*01:04-DPB1*35:01",552,2,13,15
"HLA-DPA1*01:04-DPB1*36:01",552,4,26,30
"HLA-DPA1*01:04-DPB1*37:01",552,1,17,18
"HLA-DPA1*01:04-DPB1*38:01",552,5,13,18
"HLA-DPA1*01:04-DPB1*39:01",552,10,29,39
"HLA-DPA1*01:04-DPB1*40:01",552,5,13,18
"HLA-DPA1*01:04-DPB1*41:01",552,4,26,30
"HLA-DPA1*01:04-DPB1*45:01",552,4,18,22
"HLA-DPA1*01:04-DPB1*46:01",552,10,22,32
"HLA-DPA1*01:04-DPB1*47:01",552,13,26,39
"HLA-DPA1*01:04-DPB1*48:01",552,10,22,32
"HLA-DPA1*01:04-DPB1*49:01",552,11,21,32
"HLA-DPA1*01:04-DPB1*50:01",552,1,18,19
"HLA-DPA1*01:04-DPB1*51:01",552,11,21,32
"HLA-DPA1*01:04-DPB1*52:01",552,3,23,26
"HLA-DPA1*01:04-DPB1*53:01",552,0,17,17
"HLA-DPA1*01:04-DPB1*54:01",552,3,25,28
"HLA-DPA1*01:04-DPB1*55:01",552,15,33,48
"HLA-DPA1*01:04-DPB1*56:01",552,3,23,26
"HLA-DPA1*01:04-DPB1*59:01",552,4,18,22
"HLA-DPA1*01:04-DPB1*60:01",552,6,15,21
"HLA-DPA1*01:04-DPB1*63:01",552,7,25,32
"HLA-DPA1*01:04-DPB1*65:01",552,4,20,24
"HLA-DPA1*01:04-DPB1*66:01",552,18,22,40
"HLA-DPA1*01:04-DPB1*67:01",552,3,23,26
"HLA-DPA1*01:04-DPB1*68:01",552,4,7,11
"HLA-DPA1*01:04-DPB1*69:01",552,1,15,16
"HLA-DPA1*01:04-DPB1*70:01",552,4,18,22
"HLA-DPA1*01:04-DPB1*71:01",552,11,24,35
"HLA-DPA1*01:04-DPB1*72:01",552,9,26,35
"HLA-DPA1*01:04-DPB1*74:01",552,0,19,19
"HLA-DPA1*01:04-DPB1*75:01",552,10,14,24
"HLA-DPA1*01:04-DPB1*76:01",552,4,18,22
"HLA-DPA1*01:04-DPB1*77:01",552,11,21,32
"HLA-DPA1*01:04-DPB1*78:01",552,4,18,22
"HLA-DPA1*01:04-DPB1*79:01",552,2,13,15
"HLA-DPA1*01:04-DPB1*80:01",552,11,21,32
"HLA-DPA1*01:04-DPB1*81:01",552,10,22,32
"HLA-DPA1*01:04-DPB1*82:01",552,11,21,32
"HLA-DPA1*01:04-DPB1*83:01",552,3,19,22
"HLA-DPA1*01:04-DPB1*85:01",552,8,28,36
"HLA-DPA1*01:04-DPB1*86:01",552,13,26,39
"HLA-DPA1*01:04-DPB1*87:01",552,5,27,32
"HLA-DPA1*01:04-DPB1*88:01",552,1,17,18
"HLA-DPA1*01:04-DPB1*89:01",552,14,20,34
"HLA-DPA1*01:04-DPB1*90:01",552,8,21,29
"HLA-DPA1*01:04-DPB1*91:01",552,4,18,22
"HLA-DPA1*01:04-DPB1*92:01",552,4,18,22
"HLA-DPA1*01:04-DPB1*93:01",552,2,28,30
"HLA-DPA1*01:04-DPB1*95:01",552,8,22,30
"HLA-DPA1*01:04-DPB1*96:01",552,10,29,39
"HLA-DPA1*01:04-DPB1*98:01",552,3,20,23
"HLA-DPA1*01:04-DPB1*99:01",552,7,30,37
"HLA-DPA1*02:01-DPB1*01:01",552,13,20,33
"HLA-DPA1*02:01-DPB1*02:01",552,13,27,40
"HLA-DPA1*02:01-DPB1*02:02",552,14,35,49
"HLA-DPA1*02:01-DPB1*03:01",552,1,19,20
"HLA-DPA1*02:01-DPB1*04:01",552,15,32,47
"HLA-DPA1*02:01-DPB1*04:02",552,11,30,41
"HLA-DPA1*02:01-DPB1*05:01",552,6,19,25
"HLA-DPA1*02:01-DPB1*06:01",552,4,27,31
"HLA-DPA1*02:01-DPB1*08:01",552,4,15,19
"HLA-DPA1*02:01-DPB1*09:01",552,2,25,27
"HLA-DPA1*02:01-DPB1*10:001",552,14,30,44
"HLA-DPA1*02:01-DPB1*10:01",552,1,21,22
"HLA-DPA1*02:01-DPB1*10:201",552,7,26,33
"HLA-DPA1*02:01-DPB1*10:301",552,10,30,40
"HLA-DPA1*02:01-DPB1*10:801",552,9,27,36
"HLA-DPA1*02:01-DPB1*10:901",552,13,33,46
"HLA-DPA1*02:01-DPB1*11:001",552,13,30,43
"HLA-DPA1*02:01-DPB1*11:01",552,8,21,29
"HLA-DPA1*02:01-DPB1*11:201",552,15,32,47
"HLA-DPA1*02:01-DPB1*11:301",552,13,33,46
"HLA-DPA1*02:01-DPB1*11:501",552,13,27,40
"HLA-DPA1*02:01-DPB1*11:601",552,11,30,41
"HLA-DPA1*02:01-DPB1*12:101",552,15,32,47
"HLA-DPA1*02:01-DPB1*12:201",552,5,17,22
"HLA-DPA1*02:01-DPB1*12:301",552,13,27,40
"HLA-DPA1*02:01-DPB1*12:501",552,6,24,30
"HLA-DPA1*02:01-DPB1*12:701",552,5,21,26
"HLA-DPA1*02:01-DPB1*12:801",552,15,32,47
"HLA-DPA1*02:01-DPB1*12:901",552,6,28,34
"HLA-DPA1*02:01-DPB1*13:001",552,2,21,23
"HLA-DPA1*02:01-DPB1*13:01",552,13,30,43
"HLA-DPA1*02:01-DPB1*13:201",552,1,15,16
"HLA-DPA1*02:01-DPB1*13:401",552,15,32,47
"HLA-DPA1*02:01-DPB1*14:01",552,1,22,23
"HLA-DPA1*02:01-DPB1*15:01",552,1,13,14
"HLA-DPA1*02:01-DPB1*16:01",552,3,20,23
"HLA-DPA1*02:01-DPB1*17:01",552,6,24,30
"HLA-DPA1*02:01-DPB1*18:01",552,1,19,20
"HLA-DPA1*02:01-DPB1*19:01",552,7,14,21
"HLA-DPA1*02:01-DPB1*20:01",552,2,21,23
"HLA-DPA1*02:01-DPB1*21:01",552,9,35,44
"HLA-DPA1*02:01-DPB1*22:01",552,8,20,28
"HLA-DPA1*02:01-DPB1*23:01",552,15,32,47
"HLA-DPA1*02:01-DPB1*24:01",552,14,30,44
"HLA-DPA1*02:01-DPB1*25:01",552,1,19,20
"HLA-DPA1*02:01-DPB1*26:01",552,6,24,30
"HLA-DPA1*02:01-DPB1*27:01",552,10,28,38
"HLA-DPA1*02:01-DPB1*28:01",552,1,14,15
"HLA-DPA1*02:01-DPB1*29:01",552,1,22,23
"HLA-DPA1*02:01-DPB1*30:01",552,9,35,44
"HLA-DPA1*02:01-DPB1*31:01",552,10,29,39
"HLA-DPA1*02:01-DPB1*33:01",552,13,33,46
"HLA-DPA1*02:01-DPB1*34:01",552,3,15,18
"HLA-DPA1*02:01-DPB1*35:01",552,1,15,16
"HLA-DPA1*02:01-DPB1*36:01",552,5,24,29
"HLA-DPA1*02:01-DPB1*37:01",552,1,21,22
"HLA-DPA1*02:01-DPB1*38:01",552,6,19,25
"HLA-DPA1*02:01-DPB1*39:01",552,15,32,47
"HLA-DPA1*02:01-DPB1*40:01",552,1,17,18
"HLA-DPA1*02:01-DPB1*41:01",552,10,38,48
"HLA-DPA1*02:01-DPB1*45:01",552,1,19,20
"HLA-DPA1*02:01-DPB1*46:01",552,13,27,40
"HLA-DPA1*02:01-DPB1*47:01",552,14,35,49
"HLA-DPA1*02:01-DPB1*48:01",552,13,27,40
"HLA-DPA1*02:01-DPB1*49:01",552,11,30,41
"HLA-DPA1*02:01-DPB1*50:01",552,2,20,22
"HLA-DPA1*02:01-DPB1*51:01",552,11,30,41
"HLA-DPA1*02:01-DPB1*52:01",552,7,21,28
"HLA-DPA1*02:01-DPB1*53:01",552,2,17,19
"HLA-DPA1*02:01-DPB1*54:01",552,5,25,30
"HLA-DPA1*02:01-DPB1*55:01",552,18,34,52
"HLA-DPA1*02:01-DPB1*56:01",552,7,21,28
"HLA-DPA1*02:01-DPB1*59:01",552,9,27,36
"HLA-DPA1*02:01-DPB1*60:01",552,7,22,29
"HLA-DPA1*02:01-DPB1*63:01",552,11,27,38
"HLA-DPA1*02:01-DPB1*65:01",552,11,18,29
"HLA-DPA1*02:01-DPB1*66:01",552,14,32,46
"HLA-DPA1*02:01-DPB1*67:01",552,7,21,28
"HLA-DPA1*02:01-DPB1*68:01",552,4,12,16
"HLA-DPA1*02:01-DPB1*69:01",552,1,12,13
"HLA-DPA1*02:01-DPB1*70:01",552,1,19,20
"HLA-DPA1*02:01-DPB1*71:01",552,13,33,46
"HLA-DPA1*02:01-DPB1*72:01",552,10,34,44
"HLA-DPA1*02:01-DPB1*74:01",552,1,17,18
"HLA-DPA1*02:01-DPB1*75:01",552,9,23,32
"HLA-DPA1*02:01-DPB1*76:01",552,1,19,20
"HLA-DPA1*02:01-DPB1*77:01",552,11,30,41
"HLA-DPA1*02:01-DPB1*78:01",552,1,19,20
"HLA-DPA1*02:01-DPB1*79:01",552,1,15,16
"HLA-DPA1*02:01-DPB1*80:01",552,11,30,41
"HLA-DPA1*02:01-DPB1*81:01",552,13,27,40
"HLA-DPA1*02:01-DPB1*82:01",552,11,30,41
"HLA-DPA1*02:01-DPB1*83:01",552,8,27,35
"HLA-DPA1*02:01-DPB1*85:01",552,10,28,38
"HLA-DPA1*02:01-DPB1*86:01",552,13,33,46
"HLA-DPA1*02:01-DPB1*87:01",552,9,31,40
"HLA-DPA1*02:01-DPB1*88:01",552,1,21,22
"HLA-DPA1*02:01-DPB1*89:01",552,14,25,39
"HLA-DPA1*02:01-DPB1*90:01",552,13,20,33
"HLA-DPA1*02:01-DPB1*91:01",552,2,21,23
"HLA-DPA1*02:01-DPB1*92:01",552,1,19,20
"HLA-DPA1*02:01-DPB1*93:01",552,6,24,30
"HLA-DPA1*02:01-DPB1*95:01",552,9,36,45
"HLA-DPA1*02:01-DPB1*96:01",552,15,32,47
"HLA-DPA1*02:01-DPB1*98:01",552,2,16,18
"HLA-DPA1*02:01-DPB1*99:01",552,9,40,49
"HLA-DPA1*02:02-DPB1*01:01",552,12,26,38
"HLA-DPA1*02:02-DPB1*02:01",552,13,48,61
"HLA-DPA1*02:02-DPB1*02:02",552,16,54,70
"HLA-DPA1*02:02-DPB1*03:01",552,1,29,30
"HLA-DPA1*02:02-DPB1*04:01",552,21,35,56
"HLA-DPA1*02:02-DPB1*04:02",552,14,42,56
"HLA-DPA1*02:02-DPB1*05:01",552,8,22,30
"HLA-DPA1*02:02-DPB1*06:01",552,12,43,55
"HLA-DPA1*02:02-DPB1*08:01",552,6,18,24
"HLA-DPA1*02:02-DPB1*09:01",552,4,31,35
"HLA-DPA1*02:02-DPB1*10:001",552,19,35,54
"HLA-DPA1*02:02-DPB1*10:01",552,3,29,32
"HLA-DPA1*02:02-DPB1*10:201",552,13,36,49
"HLA-DPA1*02:02-DPB1*10:301",552,11,38,49
"HLA-DPA1*02:02-DPB1*10:801",552,12,40,52
"HLA-DPA1*02:02-DPB1*10:901",552,20,47,67
"HLA-DPA1*02:02-DPB1*11:001",552,13,37,50
"HLA-DPA1*02:02-DPB1*11:01",552,10,27,37
"HLA-DPA1*02:02-DPB1*11:201",552,21,35,56
"HLA-DPA1*02:02-DPB1*11:301",552,20,47,67
"HLA-DPA1*02:02-DPB1*11:501",552,13,48,61
"HLA-DPA1*02:02-DPB1*11:601",552,14,42,56
"HLA-DPA1*02:02-DPB1*12:101",552,21,35,56
"HLA-DPA1*02:02-DPB1*12:201",552,7,19,26
"HLA-DPA1*02:02-DPB1*12:301",552,13,48,61
"HLA-DPA1*02:02-DPB1*12:501",552,6,33,39
"HLA-DPA1*02:02-DPB1*12:701",552,6,21,27
"HLA-DPA1*02:02-DPB1*12:801",552,21,35,56
"HLA-DPA1*02:02-DPB1*12:901",552,12,39,51
"HLA-DPA1*02:02-DPB1*13:001",552,3,33,36
"HLA-DPA1*02:02-DPB1*13:01",552,13,37,50
"HLA-DPA1*02:02-DPB1*13:201",552,1,19,20
"HLA-DPA1*02:02-DPB1*13:401",552,21,35,56
"HLA-DPA1*02:02-DPB1*14:01",552,1,26,27
"HLA-DPA1*02:02-DPB1*15:01",552,1,14,15
"HLA-DPA1*02:02-DPB1*16:01",552,6,32,38
"HLA-DPA1*02:02-DPB1*17:01",552,12,39,51
"HLA-DPA1*02:02-DPB1*18:01",552,4,33,37
"HLA-DPA1*02:02-DPB1*19:01",552,5,18,23
"HLA-DPA1*02:02-DPB1*20:01",552,3,33,36
"HLA-DPA1*02:02-DPB1*21:01",552,14,50,64
"HLA-DPA1*02:02-DPB1*22:01",552,7,30,37
"HLA-DPA1*02:02-DPB1*23:01",552,21,35,56
"HLA-DPA1*02:02-DPB1*24:01",552,19,35,54
"HLA-DPA1*02:02-DPB1*25:01",552,1,29,30
"HLA-DPA1*02:02-DPB1*26:01",552,6,33,39
"HLA-DPA1*02:02-DPB1*27:01",552,15,48,63
"HLA-DPA1*02:02-DPB1*28:01",552,3,23,26
"HLA-DPA1*02:02-DPB1*29:01",552,2,39,41
"HLA-DPA1*02:02-DPB1*30:01",552,14,50,64
"HLA-DPA1*02:02-DPB1*31:01",552,15,40,55
"HLA-DPA1*02:02-DPB1*33:01",552,18,39,57
"HLA-DPA1*02:02-DPB1*34:01",552,2,30,32
"HLA-DPA1*02:02-DPB1*35:01",552,1,19,20
"HLA-DPA1*02:02-DPB1*36:01",552,7,38,45
"HLA-DPA1*02:02-DPB1*37:01",552,3,29,32
"HLA-DPA1*02:02-DPB1*38:01",552,8,22,30
"HLA-DPA1*02:02-DPB1*39:01",552,21,35,56
"HLA-DPA1*02:02-DPB1*40:01",552,2,28,30
"HLA-DPA1*02:02-DPB1*41:01",552,16,57,73
"HLA-DPA1*02:02-DPB1*45:01",552,1,29,30
"HLA-DPA1*02:02-DPB1*46:01",552,13,48,61
"HLA-DPA1*02:02-DPB1*47:01",552,16,54,70
"HLA-DPA1*02:02-DPB1*48:01",552,13,48,61
"HLA-DPA1*02:02-DPB1*49:01",552,14,42,56
"HLA-DPA1*02:02-DPB1*50:01",552,3,27,30
"HLA-DPA1*02:02-DPB1*51:01",552,14,42,56
"HLA-DPA1*02:02-DPB1*52:01",552,7,39,46
"HLA-DPA1*02:02-DPB1*53:01",552,4,28,32
"HLA-DPA1*02:02-DPB1*54:01",552,9,33,42
"HLA-DPA1*02:02-DPB1*55:01",552,22,59,81
"HLA-DPA1*02:02-DPB1*56:01",552,7,39,46
"HLA-DPA1*02:02-DPB1*59:01",552,12,40,52
"HLA-DPA1*02:02-DPB1*60:01",552,10,37,47
"HLA-DPA1*02:02-DPB1*63:01",552,13,30,43
"HLA-DPA1*02:02-DPB1*65:01",552,11,22,33
"HLA-DPA1*02:02-DPB1*66:01",552,15,51,66
"HLA-DPA1*02:02-DPB1*67:01",552,7,39,46
"HLA-DPA1*02:02-DPB1*68:01",552,5,9,14
"HLA-DPA1*02:02-DPB1*69:01",552,2,22,24
"HLA-DPA1*02:02-DPB1*70:01",552,1,29,30
"HLA-DPA1*02:02-DPB1*71:01",552,18,39,57
"HLA-DPA1*02:02-DPB1*72:01",552,14,41,55
"HLA-DPA1*02:02-DPB1*74:01",552,2,24,26
"HLA-DPA1*02:02-DPB1*75:01",552,11,30,41
"HLA-DPA1*02:02-DPB1*76:01",552,1,29,30
"HLA-DPA1*02:02-DPB1*77:01",552,14,42,56
"HLA-DPA1*02:02-DPB1*78:01",552,1,29,30
"HLA-DPA1*02:02-DPB1*79:01",552,1,19,20
"HLA-DPA1*02:02-DPB1*80:01",552,14,42,56
"HLA-DPA1*02:02-DPB1*81:01",552,13,48,61
"HLA-DPA1*02:02-DPB1*82:01",552,14,42,56
"HLA-DPA1*02:02-DPB1*83:01",552,19,36,55
"HLA-DPA1*02:02-DPB1*85:01",552,15,48,63
"HLA-DPA1*02:02-DPB1*86:01",552,20,47,67
"HLA-DPA1*02:02-DPB1*87:01",552,12,54,66
"HLA-DPA1*02:02-DPB1*88:01",552,3,29,32
"HLA-DPA1*02:02-DPB1*89:01",552,18,29,47
"HLA-DPA1*02:02-DPB1*90:01",552,12,26,38
"HLA-DPA1*02:02-DPB1*91:01",552,3,33,36
"HLA-DPA1*02:02-DPB1*92:01",552,1,29,30
"HLA-DPA1*02:02-DPB1*93:01",552,12,39,51
"HLA-DPA1*02:02-DPB1*95:01",552,9,48,57
"HLA-DPA1*02:02-DPB1*96:01",552,21,35,56
"HLA-DPA1*02:02-DPB1*98:01",552,6,31,37
"HLA-DPA1*02:02-DPB1*99:01",552,10,44,54
"HLA-DPA1*03:01-DPB1*01:01",552,16,20,36
"HLA-DPA1*03:01-DPB1*02:01",552,10,20,30
"HLA-DPA1*03:01-DPB1*02:02",552,14,21,35
"HLA-DPA1*03:01-DPB1*03:01",552,2,15,17
"HLA-DPA1*03:01-DPB1*04:01",552,16,20,36
"HLA-DPA1*03:01-DPB1*04:02",552,10,26,36
"HLA-DPA1*03:01-DPB1*05:01",552,6,26,32
"HLA-DPA1*03:01-DPB1*06:01",552,5,18,23
"HLA-DPA1*03:01-DPB1*08:01",552,3,19,22
"HLA-DPA1*03:01-DPB1*09:01",552,2,28,30
"HLA-DPA1*03:01-DPB1*10:001",552,13,25,38
"HLA-DPA1*03:01-DPB1*10:01",552,2,30,32
"HLA-DPA1*03:01-DPB1*10:201",552,9,23,32
"HLA-DPA1*03:01-DPB1*10:301",552,12,28,40
"HLA-DPA1*03:01-DPB1*10:801",552,5,27,32
"HLA-DPA1*03:01-DPB1*10:901",552,13,32,45
"HLA-DPA1*03:01-DPB1*11:001",552,12,40,52
"HLA-DPA1*03:01-DPB1*11:01",552,7,30,37
"HLA-DPA1*03:01-DPB1*11:201",552,16,20,36
"HLA-DPA1*03:01-DPB1*11:301",552,13,32,45
"HLA-DPA1*03:01-DPB1*11:501",552,10,20,30
"HLA-DPA1*03:01-DPB1*11:601",552,10,26,36
"HLA-DPA1*03:01-DPB1*12:101",552,16,20,36
"HLA-DPA1*03:01-DPB1*12:201",552,6,21,27
"HLA-DPA1*03:01-DPB1*12:301",552,10,20,30
"HLA-DPA1*03:01-DPB1*12:501",552,6,38,44
"HLA-DPA1*03:01-DPB1*12:701",552,6,25,31
"HLA-DPA1*03:01-DPB1*12:801",552,16,20,36
"HLA-DPA1*03:01-DPB1*12:901",552,9,30,39
"HLA-DPA1*03:01-DPB1*13:001",552,4,17,21
"HLA-DPA1*03:01-DPB1*13:01",552,12,40,52
"HLA-DPA1*03:01-DPB1*13:201",552,1,19,20
"HLA-DPA1*03:01-DPB1*13:401",552,16,20,36
"HLA-DPA1*03:01-DPB1*14:01",552,1,22,23
"HLA-DPA1*03:01-DPB1*15:01",552,0,15,15
"HLA-DPA1*03:01-DPB1*16:01",552,4,19,23
"HLA-DPA1*03:01-DPB1*17:01",552,6,28,34
"HLA-DPA1*03:01-DPB1*18:01",552,0,17,17
"HLA-DPA1*03:01-DPB1*19:01",552,7,20,27
"HLA-DPA1*03:01-DPB1*20:01",552,4,17,21
"HLA-DPA1*03:01-DPB1*21:01",552,13,34,47
"HLA-DPA1*03:01-DPB1*22:01",552,9,23,32
"HLA-DPA1*03:01-DPB1*23:01",552,16,20,36
"HLA-DPA1*03:01-DPB1*24:01",552,13,25,38
"HLA-DPA1*03:01-DPB1*25:01",552,2,15,17
"HLA-DPA1*03:01-DPB1*26:01",552,6,38,44
"HLA-DPA1*03:01-DPB1*27:01",552,15,35,50
"HLA-DPA1*03:01-DPB1*28:01",552,0,6,6
"HLA-DPA1*03:01-DPB1*29:01",552,4,19,23
"HLA-DPA1*03:01-DPB1*30:01",552,13,34,47
"HLA-DPA1*03:01-DPB1*31:01",552,11,25,36
"HLA-DPA1*03:01-DPB1*33:01",552,11,26,37
"HLA-DPA1*03:01-DPB1*34:01",552,3,13,16
"HLA-DPA1*03:01-DPB1*35:01",552,1,19,20
"HLA-DPA1*03:01-DPB1*36:01",552,7,38,45
"HLA-DPA1*03:01-DPB1*37:01",552,2,30,32
"HLA-DPA1*03:01-DPB1*38:01",552,6,26,32
"HLA-DPA1*03:01-DPB1*39:01",552,16,20,36
"HLA-DPA1*03:01-DPB1*40:01",552,2,18,20
"HLA-DPA1*03:01-DPB1*41:01",552,4,22,26
"HLA-DPA1*03:01-DPB1*45:01",552,2,15,17
"HLA-DPA1*03:01-DPB1*46:01",552,10,20,30
"HLA-DPA1*03:01-DPB1*47:01",552,14,21,35
"HLA-DPA1*03:01-DPB1*48:01",552,10,20,30
"HLA-DPA1*03:01-DPB1*49:01",552,10,26,36
"HLA-DPA1*03:01-DPB1*50:01",552,2,18,20
"HLA-DPA1*03:01-DPB1*51:01",552,10,26,36
"HLA-DPA1*03:01-DPB1*52:01",552,6,34,40
"HLA-DPA1*03:01-DPB1*53:01",552,0,13,13
"HLA-DPA1*03:01-DPB1*54:01",552,10,34,44
"HLA-DPA1*03:01-DPB1*55:01",552,15,40,55
"HLA-DPA1*03:01-DPB1*56:01",552,6,34,40
"HLA-DPA1*03:01-DPB1*59:01",552,5,27,32
"HLA-DPA1*03:01-DPB1*60:01",552,4,21,25
"HLA-DPA1*03:01-DPB1*63:01",552,13,22,35
"HLA-DPA1*03:01-DPB1*65:01",552,9,24,33
"HLA-DPA1*03:01-DPB1*66:01",552,21,32,53
"HLA-DPA1*03:01-DPB1*67:01",552,6,34,40
"HLA-DPA1*03:01-DPB1*68:01",552,2,7,9
"HLA-DPA1*03:01-DPB1*69:01",552,1,14,15
"HLA-DPA1*03:01-DPB1*70:01",552,2,15,17
"HLA-DPA1*03:01-DPB1*71:01",552,11,26,37
"HLA-DPA1*03:01-DPB1*72:01",552,8,24,32
"HLA-DPA1*03:01-DPB1*74:01",552,2,20,22
"HLA-DPA1*03:01-DPB1*75:01",552,8,26,34
"HLA-DPA1*03:01-DPB1*76:01",552,2,15,17
"HLA-DPA1*03:01-DPB1*77:01",552,10,26,36
"HLA-DPA1*03:01-DPB1*78:01",552,2,15,17
"HLA-DPA1*03:01-DPB1*79:01",552,1,19,20
"HLA-DPA1*03:01-DPB1*80:01",552,10,26,36
"HLA-DPA1*03:01-DPB1*81:01",552,10,20,30
"HLA-DPA1*03:01-DPB1*82:01",552,10,26,36
"HLA-DPA1*03:01-DPB1*83:01",552,2,26,28
"HLA-DPA1*03:01-DPB1*85:01",552,15,35,50
"HLA-DPA1*03:01-DPB1*86:01",552,13,32,45
"HLA-DPA1*03:01-DPB1*87:01",552,10,32,42
"HLA-DPA1*03:01-DPB1*88:01",552,2,30,32
"HLA-DPA1*03:01-DPB1*89:01",552,16,25,41
"HLA-DPA1*03:01-DPB1*90:01",552,16,20,36
"HLA-DPA1*03:01-DPB1*91:01",552,4,17,21
"HLA-DPA1*03:01-DPB1*92:01",552,2,15,17
"HLA-DPA1*03:01-DPB1*93:01",552,6,28,34
"HLA-DPA1*03:01-DPB1*95:01",552,10,27,37
"HLA-DPA1*03:01-DPB1*96:01",552,16,20,36
"HLA-DPA1*03:01-DPB1*98:01",552,4,21,25
"HLA-DPA1*03:01-DPB1*99:01",552,9,32,41
"HLA-DPA1*04:01-DPB1*01:01",552,9,12,21
"HLA-DPA1*04:01-DPB1*02:01",552,8,22,30
"HLA-DPA1*04:01-DPB1*02:02",552,13,24,37
"HLA-DPA1*04:01-DPB1*03:01",552,5,15,20
"HLA-DPA1*04:01-DPB1*04:01",552,11,24,35
"HLA-DPA1*04:01-DPB1*04:02",552,7,19,26
"HLA-DPA1*04:01-DPB1*05:01",552,5,9,14
"HLA-DPA1*04:01-DPB1*06:01",552,2,25,27
"HLA-DPA1*04:01-DPB1*08:01",552,1,13,14
"HLA-DPA1*04:01-DPB1*09:01",552,0,26,26
"HLA-DPA1*04:01-DPB1*10:001",552,13,23,36
"HLA-DPA1*04:01-DPB1*10:01",552,0,18,18
"HLA-DPA1*04:01-DPB1*10:201",552,3,16,19
"HLA-DPA1*04:01-DPB1*10:301",552,10,17,27
"HLA-DPA1*04:01-DPB1*10:801",552,4,20,24
"HLA-DPA1*04:01-DPB1*10:901",552,3,32,35
"HLA-DPA1*04:01-DPB1*11:001",552,11,33,44
"HLA-DPA1*04:01-DPB1*11:01",552,3,24,27
"HLA-DPA1*04:01-DPB1*11:201",552,11,24,35
"HLA-DPA1*04:01-DPB1*11:301",552,3,32,35
"HLA-DPA1*04:01-DPB1*11:501",552,8,22,30
"HLA-DPA1*04:01-DPB1*11:601",552,7,19,26
"HLA-DPA1*04:01-DPB1*12:101",552,11,24,35
"HLA-DPA1*04:01-DPB1*12:201",552,2,15,17
"HLA-DPA1*04:01-DPB1*12:301",552,8,22,30
"HLA-DPA1*04:01-DPB1*12:501",552,2,26,28
"HLA-DPA1*04:01-DPB1*12:701",552,3,19,22
"HLA-DPA1*04:01-DPB1*12:801",552,11,24,35
"HLA-DPA1*04:01-DPB1*12:901",552,6,19,25
"HLA-DPA1*04:01-DPB1*13:001",552,5,19,24
"HLA-DPA1*04:01-DPB1*13:01",552,11,33,44
"HLA-DPA1*04:01-DPB1*13:201",552,1,15,16
"HLA-DPA1*04:01-DPB1*13:401",552,11,24,35
"HLA-DPA1*04:01-DPB1*14:01",552,4,23,27
"HLA-DPA1*04:01-DPB1*15:01",552,2,10,12
"HLA-DPA1*04:01-DPB1*16:01",552,3,14,17
"HLA-DPA1*04:01-DPB1*17:01",552,1,25,26
"HLA-DPA1*04:01-DPB1*18:01",552,2,17,19
"HLA-DPA1*04:01-DPB1*19:01",552,4,14,18
"HLA-DPA1*04:01-DPB1*20:01",552,5,19,24
"HLA-DPA1*04:01-DPB1*21:01",552,5,31,36
"HLA-DPA1*04:01-DPB1*22:01",552,5,15,20
"HLA-DPA1*04:01-DPB1*23:01",552,11,24,35
"HLA-DPA1*04:01-DPB1*24:01",552,13,23,36
"HLA-DPA1*04:01-DPB1*25:01",552,5,15,20
"HLA-DPA1*04:01-DPB1*26:01",552,2,26,28
"HLA-DPA1*04:01-DPB1*27:01",552,7,30,37
"HLA-DPA1*04:01-DPB1*28:01",552,1,10,11
"HLA-DPA1*04:01-DPB1*29:01",552,3,17,20
"HLA-DPA1*04:01-DPB1*30:01",552,5,31,36
"HLA-DPA1*04:01-DPB1*31:01",552,7,15,22
"HLA-DPA1*04:01-DPB1*33:01",552,10,26,36
"HLA-DPA1*04:01-DPB1*34:01",552,3,11,14
"HLA-DPA1*04:01-DPB1*35:01",552,1,15,16
"HLA-DPA1*04:01-DPB1*36:01",552,7,22,29
"HLA-DPA1*04:01-DPB1*37:01",552,0,18,18
"HLA-DPA1*04:01-DPB1*38:01",552,5,9,14
"HLA-DPA1*04:01-DPB1*39:01",552,11,24,35
"HLA-DPA1*04:01-DPB1*40:01",552,3,10,13
"HLA-DPA1*04:01-DPB1*41:01",552,1,23,24
"HLA-DPA1*04:01-DPB1*45:01",552,5,15,20
"HLA-DPA1*04:01-DPB1*46:01",552,8,22,30
"HLA-DPA1*04:01-DPB1*47:01",552,13,24,37
"HLA-DPA1*04:01-DPB1*48:01",552,8,22,30
"HLA-DPA1*04:01-DPB1*49:01",552,7,19,26
"HLA-DPA1*04:01-DPB1*50:01",552,2,16,18
"HLA-DPA1*04:01-DPB1*51:01",552,7,19,26
"HLA-DPA1*04:01-DPB1*52:01",552,7,23,30
"HLA-DPA1*04:01-DPB1*53:01",552,2,13,15
"HLA-DPA1*04:01-DPB1*54:01",552,1,21,22
"HLA-DPA1*04:01-DPB1*55:01",552,14,39,53
"HLA-DPA1*04:01-DPB1*56:01",552,7,23,30
"HLA-DPA1*04:01-DPB1*59:01",552,4,20,24
"HLA-DPA1*04:01-DPB1*60:01",552,2,15,17
"HLA-DPA1*04:01-DPB1*63:01",552,6,17,23
"HLA-DPA1*04:01-DPB1*65:01",552,2,16,18
"HLA-DPA1*04:01-DPB1*66:01",552,15,30,45
"HLA-DPA1*04:01-DPB1*67:01",552,7,23,30
"HLA-DPA1*04:01-DPB1*68:01",552,2,11,13
"HLA-DPA1*04:01-DPB1*69:01",552,1,19,20
"HLA-DPA1*04:01-DPB1*70:01",552,5,15,20
"HLA-DPA1*04:01-DPB1*71:01",552,10,26,36
"HLA-DPA1*04:01-DPB1*72:01",552,9,23,32
"HLA-DPA1*04:01-DPB1*74:01",552,0,18,18
"HLA-DPA1*04:01-DPB1*75:01",552,4,16,20
"HLA-DPA1*04:01-DPB1*76:01",552,5,15,20
"HLA-DPA1*04:01-DPB1*77:01",552,7,19,26
"HLA-DPA1*04:01-DPB1*78:01",552,5,15,20
"HLA-DPA1*04:01-DPB1*79:01",552,1,15,16
"HLA-DPA1*04:01-DPB1*80:01",552,7,19,26
"HLA-DPA1*04:01-DPB1*81:01",552,8,22,30
"HLA-DPA1*04:01-DPB1*82:01",552,7,19,26
"HLA-DPA1*04:01-DPB1*83:01",552,4,17,21
"HLA-DPA1*04:01-DPB1*85:01",552,7,30,37
"HLA-DPA1*04:01-DPB1*86:01",552,3,32,35
"HLA-DPA1*04:01-DPB1*87:01",552,7,27,34
"HLA-DPA1*04:01-DPB1*88:01",552,0,18,18
"HLA-DPA1*04:01-DPB1*89:01",552,11,23,34
"HLA-DPA1*04:01-DPB1*90:01",552,9,12,21
"HLA-DPA1*04:01-DPB1*91:01",552,5,19,24
"HLA-DPA1*04:01-DPB1*92:01",552,5,15,20
"HLA-DPA1*04:01-DPB1*93:01",552,1,25,26
"HLA-DPA1*04:01-DPB1*95:01",552,8,19,27
"HLA-DPA1*04:01-DPB1*96:01",552,11,24,35
"HLA-DPA1*04:01-DPB1*98:01",552,2,23,25
"HLA-DPA1*04:01-DPB1*99:01",552,7,26,33
"HLA-DQA1*01:01-DQB1*02:01",552,8,4,12
"HLA-DQA1*01:01-DQB1*02:03",552,4,14,18
"HLA-DQA1*01:01-DQB1*02:05",552,13,30,43
"HLA-DQA1*01:01-DQB1*03:01",552,16,48,64
"HLA-DQA1*01:01-DQB1*03:02",552,3,12,15
"HLA-DQA1*01:01-DQB1*03:03",552,11,18,29
"HLA-DQA1*01:01-DQB1*03:04",552,12,32,44
"HLA-DQA1*01:01-DQB1*03:05",552,4,24,28
"HLA-DQA1*01:01-DQB1*03:06",552,77,85,162
"HLA-DQA1*01:01-DQB1*03:08",552,7,26,33
"HLA-DQA1*01:01-DQB1*03:10",552,16,48,64
"HLA-DQA1*01:01-DQB1*03:11",552,3,12,15
"HLA-DQA1*01:01-DQB1*03:12",552,16,33,49
"HLA-DQA1*01:01-DQB1*03:13",552,15,54,69
"HLA-DQA1*01:01-DQB1*03:14",552,12,32,44
"HLA-DQA1*01:01-DQB1*03:16",552,16,48,64
"HLA-DQA1*01:01-DQB1*03:17",552,15,23,38
"HLA-DQA1*01:01-DQB1*03:18",552,3,12,15
"HLA-DQA1*01:01-DQB1*03:20",552,11,18,29
"HLA-DQA1*01:01-DQB1*03:25",552,77,85,162
"HLA-DQA1*01:01-DQB1*03:26",552,11,18,29
"HLA-DQA1*01:01-DQB1*03:30",552,4,18,22
"HLA-DQA1*01:01-DQB1*03:36",552,16,48,64
"HLA-DQA1*01:01-DQB1*03:37",552,3,12,15
"HLA-DQA1*01:01-DQB1*04:01",552,42,87,129
"HLA-DQA1*01:01-DQB1*04:02",552,42,87,129
"HLA-DQA1*01:01-DQB1*04:03",552,51,71,122
"HLA-DQA1*01:01-DQB1*04:04",552,66,95,161
"HLA-DQA1*01:01-DQB1*05:01",552,4,30,34
"HLA-DQA1*01:01-DQB1*05:02",552,5,40,45
"HLA-DQA1*01:01-DQB1*05:03",552,0,38,38
"HLA-DQA1*01:01-DQB1*05:05",552,5,40,45
"HLA-DQA1*01:01-DQB1*05:06",552,0,38,38
"HLA-DQA1*01:01-DQB1*05:09",552,0,38,38
"HLA-DQA1*01:01-DQB1*05:11",552,4,30,34
"HLA-DQA1*01:01-DQB1*05:12",552,5,31,36
"HLA-DQA1*01:01-DQB1*06:01",552,0,13,13
"HLA-DQA1*01:01-DQB1*06:02",552,1,19,20
"HLA-DQA1*01:01-DQB1*06:03",552,22,51,73
"HLA-DQA1*01:01-DQB1*06:04",552,13,45,58
"HLA-DQA1*01:01-DQB1*06:07",552,8,24,32
"HLA-DQA1*01:01-DQB1*06:08",552,41,42,83
"HLA-DQA1*01:01-DQB1*06:09",552,4,21,25
"HLA-DQA1*01:01-DQB1*06:10",552,7,25,32
"HLA-DQA1*01:01-DQB1*06:11",552,1,30,31
"HLA-DQA1*01:01-DQB1*06:12",552,13,38,51
"HLA-DQA1*01:01-DQB1*06:14",552,25,46,71
"HLA-DQA1*01:01-DQB1*06:15",552,0,9,9
"HLA-DQA1*01:01-DQB1*06:16",552,1,19,20
"HLA-DQA1*01:01-DQB1*06:18",552,3,19,22
"HLA-DQA1*01:01-DQB1*06:21",552,29,45,74
"HLA-DQA1*01:01-DQB1*06:22",552,4,14,18
"HLA-DQA1*01:01-DQB1*06:23",552,9,28,37
"HLA-DQA1*01:01-DQB1*06:27",552,18,46,64
"HLA-DQA1*01:01-DQB1*06:28",552,22,51,73
"HLA-DQA1*01:01-DQB1*06:29",552,4,23,27
"HLA-DQA1*01:01-DQB1*06:31",552,22,51,73
"HLA-DQA1*01:01-DQB1*06:32",552,11,28,39
"HLA-DQA1*01:01-DQB1*06:33",552,0,19,19
"HLA-DQA1*01:01-DQB1*06:40",552,22,51,73
"HLA-DQA1*01:02-DQB1*02:01",552,4,7,11
"HLA-DQA1*01:02-DQB1*02:03",552,0,12,12
"HLA-DQA1*01:02-DQB1*02:05",552,9,34,43
"HLA-DQA1*01:02-DQB1*03:01",552,9,39,48
"HLA-DQA1*01:02-DQB1*03:02",552,1,16,17
"HLA-DQA1*01:02-DQB1*03:03",552,4,20,24
"HLA-DQA1*01:02-DQB1*03:04",552,10,30,40
"HLA-DQA1*01:02-DQB1*03:05",552,1,25,26
"HLA-DQA1*01:02-DQB1*03:06",552,62,76,138
"HLA-DQA1*01:02-DQB1*03:08",552,8,26,34
"HLA-DQA1*01:02-DQB1*03:10",552,9,39,48
"HLA-DQA1*01:02-DQB1*03:11",552,1,16,17
"HLA-DQA1*01:02-DQB1*03:12",552,8,17,25
"HLA-DQA1*01:02-DQB1*03:13",552,9,43,52
"HLA-DQA1*01:02-DQB1*03:14",552,10,30,40
"HLA-DQA1*01:02-DQB1*03:16",552,9,39,48
"HLA-DQA1*01:02-DQB1*03:17",552,6,23,29
"HLA-DQA1*01:02-DQB1*03:18",552,1,16,17
"HLA-DQA1*01:02-DQB1*03:20",552,4,20,24
"HLA-DQA1*01:02-DQB1*03:25",552,62,76,138
"HLA-DQA1*01:02-DQB1*03:26",552,4,20,24
"HLA-DQA1*01:02-DQB1*03:30",552,0,14,14
"HLA-DQA1*01:02-DQB1*03:36",552,9,39,48
"HLA-DQA1*01:02-DQB1*03:37",552,1,16,17
"HLA-DQA1*01:02-DQB1*04:01",552,34,43,77
"HLA-DQA1*01:02-DQB1*04:02",552,34,43,77
"HLA-DQA1*01:02-DQB1*04:03",552,39,59,98
"HLA-DQA1*01:02-DQB1*04:04",552,50,82,132
"HLA-DQA1*01:02-DQB1*05:01",552,6,26,32
"HLA-DQA1*01:02-DQB1*05:02",552,3,27,30
"HLA-DQA1*01:02-DQB1*05:03",552,3,9,12
"HLA-DQA1*01:02-DQB1*05:05",552,3,27,30
"HLA-DQA1*01:02-DQB1*05:06",552,3,9,12
"HLA-DQA1*01:02-DQB1*05:09",552,3,9,12
"HLA-DQA1*01:02-DQB1*05:11",552,6,26,32
"HLA-DQA1*01:02-DQB1*05:12",552,7,25,32
"HLA-DQA1*01:02-DQB1*06:01",552,1,11,12
"HLA-DQA1*01:02-DQB1*06:02",552,3,17,20
"HLA-DQA1*01:02-DQB1*06:03",552,33,48,81
"HLA-DQA1*01:02-DQB1*06:04",552,4,26,30
"HLA-DQA1*01:02-DQB1*06:07",552,2,24,26
"HLA-DQA1*01:02-DQB1*06:08",552,53,61,114
"HLA-DQA1*01:02-DQB1*06:09",552,2,9,11
"HLA-DQA1*01:02-DQB1*06:10",552,6,26,32
"HLA-DQA1*01:02-DQB1*06:11",552,3,28,31
"HLA-DQA1*01:02-DQB1*06:12",552,10,33,43
"HLA-DQA1*01:02-DQB1*06:14",552,26,45,71
"HLA-DQA1*01:02-DQB1*06:15",552,0,11,11
"HLA-DQA1*01:02-DQB1*06:16",552,3,17,20
"HLA-DQA1*01:02-DQB1*06:18",552,0,17,17
"HLA-DQA1*01:02-DQB1*06:21",552,30,42,72
"HLA-DQA1*01:02-DQB1*06:22",552,0,10,10
"HLA-DQA1*01:02-DQB1*06:23",552,3,32,35
"HLA-DQA1*01:02-DQB1*06:27",552,9,37,46
"HLA-DQA1*01:02-DQB1*06:28",552,33,48,81
"HLA-DQA1*01:02-DQB1*06:29",552,0,24,24
"HLA-DQA1*01:02-DQB1*06:31",552,33,48,81
"HLA-DQA1*01:02-DQB1*06:32",552,11,20,31
"HLA-DQA1*01:02-DQB1*06:33",552,3,21,24
"HLA-DQA1*01:02-DQB1*06:40",552,33,48,81
"HLA-DQA1*01:03-DQB1*02:01",552,0,2,2
"HLA-DQA1*01:03-DQB1*02:03",552,0,0,0
"HLA-DQA1*01:03-DQB1*02:05",552,0,5,5
"HLA-DQA1*01:03-DQB1*03:01",552,0,3,3
"HLA-DQA1*01:03-DQB1*03:02",552,0,0,0
"HLA-DQA1*01:03-DQB1*03:03",552,0,0,0
"HLA-DQA1*01:03-DQB1*03:04",552,0,5,5
"HLA-DQA1*01:03-DQB1*03:05",552,0,0,0
"HLA-DQA1*01:03-DQB1*03:06",552,0,9,9
"HLA-DQA1*01:03-DQB1*03:08",552,0,11,11
"HLA-DQA1*01:03-DQB1*03:10",552,0,3,3
"HLA-DQA1*01:03-DQB1*03:11",552,0,0,0
"HLA-DQA1*01:03-DQB1*03:12",552,0,2,2
"HLA-DQA1*01:03-DQB1*03:13",552,0,6,6
"HLA-DQA1*01:03-DQB1*03:14",552,0,5,5
"HLA-DQA1*01:03-DQB1*03:16",552,0,3,3
"HLA-DQA1*01:03-DQB1*03:17",552,0,0,0
"HLA-DQA1*01:03-DQB1*03:18",552,0,0,0
"HLA-DQA1*01:03-DQB1*03:20",552,0,0,0
"HLA-DQA1*01:03-DQB1*03:25",552,0,9,9
"HLA-DQA1*01:03-DQB1*03:26",552,0,0,0
"HLA-DQA1*01:03-DQB1*03:30",552,0,0,0
"HLA-DQA1*01:03-DQB1*03:36",552,0,3,3
"HLA-DQA1*01:03-DQB1*03:37",552,0,0,0
"HLA-DQA1*01:03-DQB1*04:01",552,0,4,4
"HLA-DQA1*01:03-DQB1*04:02",552,0,4,4
"HLA-DQA1*01:03-DQB1*04:03",552,0,3,3
"HLA-DQA1*01:03-DQB1*04:04",552,0,11,11
"HLA-DQA1*01:03-DQB1*05:01",552,3,18,21
"HLA-DQA1*01:03-DQB1*05:02",552,0,12,12
"HLA-DQA1*01:03-DQB1*05:03",552,3,7,10
"HLA-DQA1*01:03-DQB1*05:05",552,0,12,12
"HLA-DQA1*01:03-DQB1*05:06",552,3,7,10
"HLA-DQA1*01:03-DQB1*05:09",552,3,7,10
"HLA-DQA1*01:03-DQB1*05:11",552,3,18,21
"HLA-DQA1*01:03-DQB1*05:12",552,3,20,23
"HLA-DQA1*01:03-DQB1*06:01",552,0,2,2
"HLA-DQA1*01:03-DQB1*06:02",552,0,4,4
"HLA-DQA1*01:03-DQB1*06:03",552,9,27,36
"HLA-DQA1*01:03-DQB1*06:04",552,0,10,10
"HLA-DQA1*01:03-DQB1*06:07",552,0,3,3
"HLA-DQA1*01:03-DQB1*06:08",552,33,35,68
"HLA-DQA1*01:03-DQB1*06:09",552,0,2,2
"HLA-DQA1*01:03-DQB1*06:10",552,0,0,0
"HLA-DQA1*01:03-DQB1*06:11",552,0,8,8
"HLA-DQA1*01:03-DQB1*06:12",552,1,10,11
"HLA-DQA1*01:03-DQB1*06:14",552,3,29,32
"HLA-DQA1*01:03-DQB1*06:15",552,0,0,0
"HLA-DQA1*01:03-DQB1*06:16",552,0,4,4
"HLA-DQA1*01:03-DQB1*06:18",552,0,2,2
"HLA-DQA1*01:03-DQB1*06:21",552,14,31,45
"HLA-DQA1*01:03-DQB1*06:22",552,0,0,0
"HLA-DQA1*01:03-DQB1*06:23",552,0,3,3
"HLA-DQA1*01:03-DQB1*06:27",552,1,21,22
"HLA-DQA1*01:03-DQB1*06:28",552,9,27,36
"HLA-DQA1*01:03-DQB1*06:29",552,0,1,1
"HLA-DQA1*01:03-DQB1*06:31",552,9,27,36
"HLA-DQA1*01:03-DQB1*06:32",552,0,4,4
"HLA-DQA1*01:03-DQB1*06:33",552,0,3,3
"HLA-DQA1*01:03-DQB1*06:40",552,9,27,36
"HLA-DQA1*01:04-DQB1*02:01",552,8,4,12
"HLA-DQA1*01:04-DQB1*02:03",552,4,14,18
"HLA-DQA1*01:04-DQB1*02:05",552,13,30,43
"HLA-DQA1*01:04-DQB1*03:01",552,16,48,64
"HLA-DQA1*01:04-DQB1*03:02",552,3,12,15
"HLA-DQA1*01:04-DQB1*03:03",552,11,18,29
"HLA-DQA1*01:04-DQB1*03:04",552,12,32,44
"HLA-DQA1*01:04-DQB1*03:05",552,4,24,28
"HLA-DQA1*01:04-DQB1*03:06",552,77,85,162
"HLA-DQA1*01:04-DQB1*03:08",552,7,26,33
"HLA-DQA1*01:04-DQB1*03:10",552,16,48,64
"HLA-DQA1*01:04-DQB1*03:11",552,3,12,15
"HLA-DQA1*01:04-DQB1*03:12",552,16,33,49
"HLA-DQA1*01:04-DQB1*03:13",552,15,54,69
"HLA-DQA1*01:04-DQB1*03:14",552,12,32,44
"HLA-DQA1*01:04-DQB1*03:16",552,16,48,64
"HLA-DQA1*01:04-DQB1*03:17",552,15,23,38
"HLA-DQA1*01:04-DQB1*03:18",552,3,12,15
"HLA-DQA1*01:04-DQB1*03:20",552,11,18,29
"HLA-DQA1*01:04-DQB1*03:25",552,77,85,162
"HLA-DQA1*01:04-DQB1*03:26",552,11,18,29
"HLA-DQA1*01:04-DQB1*03:30",552,4,18,22
"HLA-DQA1*01:04-DQB1*03:36",552,16,48,64
"HLA-DQA1*01:04-DQB1*03:37",552,3,12,15
"HLA-DQA1*01:04-DQB1*04:01",552,42,87,129
"HLA-DQA1*01:04-DQB1*04:02",552,42,87,129
"HLA-DQA1*01:04-DQB1*04:03",552,51,71,122
"HLA-DQA1*01:04-DQB1*04:04",552,66,95,161
"HLA-DQA1*01:04-DQB1*05:01",552,4,30,34
"HLA-DQA1*01:04-DQB1*05:02",552,5,40,45
"HLA-DQA1*01:04-DQB1*05:03",552,0,38,38
"HLA-DQA1*01:04-DQB1*05:05",552,5,40,45
"HLA-DQA1*01:04-DQB1*05:06",552,0,38,38
"HLA-DQA1*01:04-DQB1*05:09",552,0,38,38
"HLA-DQA1*01:04-DQB1*05:11",552,4,30,34
"HLA-DQA1*01:04-DQB1*05:12",552,5,31,36
"HLA-DQA1*01:04-DQB1*06:01",552,0,13,13
"HLA-DQA1*01:04-DQB1*06:02",552,1,19,20
"HLA-DQA1*01:04-DQB1*06:03",552,22,51,73
"HLA-DQA1*01:04-DQB1*06:04",552,13,45,58
"HLA-DQA1*01:04-DQB1*06:07",552,8,24,32
"HLA-DQA1*01:04-DQB1*06:08",552,41,42,83
"HLA-DQA1*01:04-DQB1*06:09",552,4,21,25
"HLA-DQA1*01:04-DQB1*06:10",552,7,25,32
"HLA-DQA1*01:04-DQB1*06:11",552,1,30,31
"HLA-DQA1*01:04-DQB1*06:12",552,13,38,51
"HLA-DQA1*01:04-DQB1*06:14",552,25,46,71
"HLA-DQA1*01:04-DQB1*06:15",552,0,9,9
"HLA-DQA1*01:04-DQB1*06:16",552,1,19,20
"HLA-DQA1*01:04-DQB1*06:18",552,3,19,22
"HLA-DQA1*01:04-DQB1*06:21",552,29,45,74
"HLA-DQA1*01:04-DQB1*06:22",552,4,14,18
"HLA-DQA1*01:04-DQB1*06:23",552,9,28,37
"HLA-DQA1*01:04-DQB1*06:27",552,18,46,64
"HLA-DQA1*01:04-DQB1*06:28",552,22,51,73
"HLA-DQA1*01:04-DQB1*06:29",552,4,23,27
"HLA-DQA1*01:04-DQB1*06:31",552,22,51,73
"HLA-DQA1*01:04-DQB1*06:32",552,11,28,39
"HLA-DQA1*01:04-DQB1*06:33",552,0,19,19
"HLA-DQA1*01:04-DQB1*06:40",552,22,51,73
"HLA-DQA1*01:05-DQB1*02:01",552,8,4,12
"HLA-DQA1*01:05-DQB1*02:03",552,4,14,18
"HLA-DQA1*01:05-DQB1*02:05",552,13,30,43
"HLA-DQA1*01:05-DQB1*03:01",552,16,48,64
"HLA-DQA1*01:05-DQB1*03:02",552,3,12,15
"HLA-DQA1*01:05-DQB1*03:03",552,11,18,29
"HLA-DQA1*01:05-DQB1*03:04",552,12,32,44
"HLA-DQA1*01:05-DQB1*03:05",552,4,24,28
"HLA-DQA1*01:05-DQB1*03:06",552,77,85,162
"HLA-DQA1*01:05-DQB1*03:08",552,7,26,33
"HLA-DQA1*01:05-DQB1*03:10",552,16,48,64
"HLA-DQA1*01:05-DQB1*03:11",552,3,12,15
"HLA-DQA1*01:05-DQB1*03:12",552,16,33,49
"HLA-DQA1*01:05-DQB1*03:13",552,15,54,69
"HLA-DQA1*01:05-DQB1*03:14",552,12,32,44
"HLA-DQA1*01:05-DQB1*03:16",552,16,48,64
"HLA-DQA1*01:05-DQB1*03:17",552,15,23,38
"HLA-DQA1*01:05-DQB1*03:18",552,3,12,15
"HLA-DQA1*01:05-DQB1*03:20",552,11,18,29
"HLA-DQA1*01:05-DQB1*03:25",552,77,85,162
"HLA-DQA1*01:05-DQB1*03:26",552,11,18,29
"HLA-DQA1*01:05-DQB1*03:30",552,4,18,22
"HLA-DQA1*01:05-DQB1*03:36",552,16,48,64
"HLA-DQA1*01:05-DQB1*03:37",552,3,12,15
"HLA-DQA1*01:05-DQB1*04:01",552,42,87,129
"HLA-DQA1*01:05-DQB1*04:02",552,42,87,129
"HLA-DQA1*01:05-DQB1*04:03",552,51,71,122
"HLA-DQA1*01:05-DQB1*04:04",552,66,95,161
"HLA-DQA1*01:05-DQB1*05:01",552,4,30,34
"HLA-DQA1*01:05-DQB1*05:02",552,5,40,45
"HLA-DQA1*01:05-DQB1*05:03",552,0,38,38
"HLA-DQA1*01:05-DQB1*05:05",552,5,40,45
"HLA-DQA1*01:05-DQB1*05:06",552,0,38,38
"HLA-DQA1*01:05-DQB1*05:09",552,0,38,38
"HLA-DQA1*01:05-DQB1*05:11",552,4,30,34
"HLA-DQA1*01:05-DQB1*05:12",552,5,31,36
"HLA-DQA1*01:05-DQB1*06:01",552,0,13,13
"HLA-DQA1*01:05-DQB1*06:02",552,1,19,20
"HLA-DQA1*01:05-DQB1*06:03",552,22,51,73
"HLA-DQA1*01:05-DQB1*06:04",552,13,45,58
"HLA-DQA1*01:05-DQB1*06:07",552,8,24,32
"HLA-DQA1*01:05-DQB1*06:08",552,41,42,83
"HLA-DQA1*01:05-DQB1*06:09",552,4,21,25
"HLA-DQA1*01:05-DQB1*06:10",552,7,25,32
"HLA-DQA1*01:05-DQB1*06:11",552,1,30,31
"HLA-DQA1*01:05-DQB1*06:12",552,13,38,51
"HLA-DQA1*01:05-DQB1*06:14",552,25,46,71
"HLA-DQA1*01:05-DQB1*06:15",552,0,9,9
"HLA-DQA1*01:05-DQB1*06:16",552,1,19,20
"HLA-DQA1*01:05-DQB1*06:18",552,3,19,22
"HLA-DQA1*01:05-DQB1*06:21",552,29,45,74
"HLA-DQA1*01:05-DQB1*06:22",552,4,14,18
"HLA-DQA1*01:05-DQB1*06:23",552,9,28,37
"HLA-DQA1*01:05-DQB1*06:27",552,18,46,64
"HLA-DQA1*01:05-DQB1*06:28",552,22,51,73
"HLA-DQA1*01:05-DQB1*06:29",552,4,23,27
"HLA-DQA1*01:05-DQB1*06:31",552,22,51,73
"HLA-DQA1*01:05-DQB1*06:32",552,11,28,39
"HLA-DQA1*01:05-DQB1*06:33",552,0,19,19
"HLA-DQA1*01:05-DQB1*06:40",552,22,51,73
"HLA-DQA1*02:01-DQB1*02:01",552,11,15,26
"HLA-DQA1*02:01-DQB1*02:03",552,5,31,36
"HLA-DQA1*02:01-DQB1*02:05",552,30,41,71
"HLA-DQA1*02:01-DQB1*03:01",552,2,26,28
"HLA-DQA1*02:01-DQB1*03:02",552,12,17,29
"HLA-DQA1*02:01-DQB1*03:03",552,10,15,25
"HLA-DQA1*02:01-DQB1*03:04",552,6,27,33
"HLA-DQA1*02:01-DQB1*03:05",552,6,20,26
"HLA-DQA1*02:01-DQB1*03:06",552,39,52,91
"HLA-DQA1*02:01-DQB1*03:08",552,18,39,57
"HLA-DQA1*02:01-DQB1*03:10",552,2,26,28
"HLA-DQA1*02:01-DQB1*03:11",552,12,17,29
"HLA-DQA1*02:01-DQB1*03:12",552,9,19,28
"HLA-DQA1*02:01-DQB1*03:13",552,4,27,31
"HLA-DQA1*02:01-DQB1*03:14",552,6,27,33
"HLA-DQA1*02:01-DQB1*03:16",552,2,26,28
"HLA-DQA1*02:01-DQB1*03:17",552,10,10,20
"HLA-DQA1*02:01-DQB1*03:18",552,12,17,29
"HLA-DQA1*02:01-DQB1*03:20",552,10,15,25
"HLA-DQA1*02:01-DQB1*03:25",552,39,52,91
"HLA-DQA1*02:01-DQB1*03:26",552,10,15,25
"HLA-DQA1*02:01-DQB1*03:30",552,7,13,20
"HLA-DQA1*02:01-DQB1*03:36",552,2,26,28
"HLA-DQA1*02:01-DQB1*03:37",552,12,17,29
"HLA-DQA1*02:01-DQB1*04:01",552,21,27,48
"HLA-DQA1*02:01-DQB1*04:02",552,21,27,48
"HLA-DQA1*02:01-DQB1*04:03",552,28,37,65
"HLA-DQA1*02:01-DQB1*04:04",552,27,35,62
"HLA-DQA1*02:01-DQB1*05:01",552,1,31,32
"HLA-DQA1*02:01-DQB1*05:02",552,0,14,14
"HLA-DQA1*02:01-DQB1*05:03",552,3,11,14
"HLA-DQA1*02:01-DQB1*05:05",552,0,14,14
"HLA-DQA1*02:01-DQB1*05:06",552,3,11,14
"HLA-DQA1*02:01-DQB1*05:09",552,3,11,14
"HLA-DQA1*02:01-DQB1*05:11",552,1,31,32
"HLA-DQA1*02:01-DQB1*05:12",552,4,27,31
"HLA-DQA1*02:01-DQB1*06:01",552,0,14,14
"HLA-DQA1*02:01-DQB1*06:02",552,1,11,12
"HLA-DQA1*02:01-DQB1*06:03",552,14,40,54
"HLA-DQA1*02:01-DQB1*06:04",552,6,22,28
"HLA-DQA1*02:01-DQB1*06:07",552,5,10,15
"HLA-DQA1*02:01-DQB1*06:08",552,32,52,84
"HLA-DQA1*02:01-DQB1*06:09",552,0,9,9
"HLA-DQA1*02:01-DQB1*06:10",552,1,8,9
"HLA-DQA1*02:01-DQB1*06:11",552,5,10,15
"HLA-DQA1*02:01-DQB1*06:12",552,3,26,29
"HLA-DQA1*02:01-DQB1*06:14",552,11,36,47
"HLA-DQA1*02:01-DQB1*06:15",552,0,5,5
"HLA-DQA1*02:01-DQB1*06:16",552,1,11,12
"HLA-DQA1*02:01-DQB1*06:18",552,0,12,12
"HLA-DQA1*02:01-DQB1*06:21",552,23,36,59
"HLA-DQA1*02:01-DQB1*06:22",552,0,4,4
"HLA-DQA1*02:01-DQB1*06:23",552,3,18,21
"HLA-DQA1*02:01-DQB1*06:27",552,12,26,38
"HLA-DQA1*02:01-DQB1*06:28",552,14,40,54
"HLA-DQA1*02:01-DQB1*06:29",552,0,10,10
"HLA-DQA1*02:01-DQB1*06:31",552,14,40,54
"HLA-DQA1*02:01-DQB1*06:32",552,8,11,19
"HLA-DQA1*02:01-DQB1*06:33",552,2,11,13
"HLA-DQA1*02:01-DQB1*06:40",552,14,40,54
"HLA-DQA1*03:01-DQB1*02:01",552,12,11,23
"HLA-DQA1*03:01-DQB1*02:03",552,10,20,30
"HLA-DQA1*03:01-DQB1*02:05",552,21,49,70
"HLA-DQA1*03:01-DQB1*03:01",552,2,25,27
"HLA-DQA1*03:01-DQB1*03:02",552,4,17,21
"HLA-DQA1*03:01-DQB1*03:03",552,11,17,28
"HLA-DQA1*03:01-DQB1*03:04",552,2,28,30
"HLA-DQA1*03:01-DQB1*03:05",552,2,15,17
"HLA-DQA1*03:01-DQB1*03:06",552,52,53,105
"HLA-DQA1*03:01-DQB1*03:08",552,7,26,33
"HLA-DQA1*03:01-DQB1*03:10",552,2,25,27
"HLA-DQA1*03:01-DQB1*03:11",552,4,17,21
"HLA-DQA1*03:01-DQB1*03:12",552,9,20,29
"HLA-DQA1*03:01-DQB1*03:13",552,1,26,27
"HLA-DQA1*03:01-DQB1*03:14",552,2,28,30
"HLA-DQA1*03:01-DQB1*03:16",552,2,25,27
"HLA-DQA1*03:01-DQB1*03:17",552,8,11,19
"HLA-DQA1*03:01-DQB1*03:18",552,4,17,21
"HLA-DQA1*03:01-DQB1*03:20",552,11,17,28
"HLA-DQA1*03:01-DQB1*03:25",552,52,53,105
"HLA-DQA1*03:01-DQB1*03:26",552,11,17,28
"HLA-DQA1*03:01-DQB1*03:30",552,6,14,20
"HLA-DQA1*03:01-DQB1*03:36",552,2,25,27
"HLA-DQA1*03:01-DQB1*03:37",552,4,17,21
"HLA-DQA1*03:01-DQB1*04:01",552,17,35,52
"HLA-DQA1*03:01-DQB1*04:02",552,17,35,52
"HLA-DQA1*03:01-DQB1*04:03",552,30,49,79
"HLA-DQA1*03:01-DQB1*04:04",552,24,36,60
"HLA-DQA1*03:01-DQB1*05:01",552,0,5,5
"HLA-DQA1*03:01-DQB1*05:02",552,0,5,5
"HLA-DQA1*03:01-DQB1*05:03",552,0,4,4
"HLA-DQA1*03:01-DQB1*05:05",552,0,5,5
"HLA-DQA1*03:01-DQB1*05:06",552,0,4,4
"HLA-DQA1*03:01-DQB1*05:09",552,0,4,4
"HLA-DQA1*03:01-DQB1*05:11",552,0,5,5
"HLA-DQA1*03:01-DQB1*05:12",552,0,9,9
"HLA-DQA1*03:01-DQB1*06:01",552,0,3,3
"HLA-DQA1*03:01-DQB1*06:02",552,0,10,10
"HLA-DQA1*03:01-DQB1*06:03",552,11,32,43
"HLA-DQA1*03:01-DQB1*06:04",552,3,12,15
"HLA-DQA1*03:01-DQB1*06:07",552,0,16,16
"HLA-DQA1*03:01-DQB1*06:08",552,23,30,53
"HLA-DQA1*03:01-DQB1*06:09",552,0,5,5
"HLA-DQA1*03:01-DQB1*06:10",552,2,7,9
"HLA-DQA1*03:01-DQB1*06:11",552,1,13,14
"HLA-DQA1*03:01-DQB1*06:12",552,1,20,21
"HLA-DQA1*03:01-DQB1*06:14",552,11,35,46
"HLA-DQA1*03:01-DQB1*06:15",552,0,1,1
"HLA-DQA1*03:01-DQB1*06:16",552,0,10,10
"HLA-DQA1*03:01-DQB1*06:18",552,0,8,8
"HLA-DQA1*03:01-DQB1*06:21",552,10,27,37
"HLA-DQA1*03:01-DQB1*06:22",552,0,5,5
"HLA-DQA1*03:01-DQB1*06:23",552,3,14,17
"HLA-DQA1*03:01-DQB1*06:27",552,9,20,29
"HLA-DQA1*03:01-DQB1*06:28",552,11,32,43
"HLA-DQA1*03:01-DQB1*06:29",552,3,5,8
"HLA-DQA1*03:01-DQB1*06:31",552,11,32,43
"HLA-DQA1*03:01-DQB1*06:32",552,5,18,23
"HLA-DQA1*03:01-DQB1*06:33",552,0,9,9
"HLA-DQA1*03:01-DQB1*06:40",552,11,32,43
"HLA-DQA1*03:02-DQB1*02:01",552,12,11,23
"HLA-DQA1*03:02-DQB1*02:03",552,10,20,30
"HLA-DQA1*03:02-DQB1*02:05",552,21,49,70
"HLA-DQA1*03:02-DQB1*03:01",552,2,25,27
"HLA-DQA1*03:02-DQB1*03:02",552,4,17,21
"HLA-DQA1*03:02-DQB1*03:03",552,11,17,28
"HLA-DQA1*03:02-DQB1*03:04",552,2,28,30
"HLA-DQA1*03:02-DQB1*03:05",552,2,15,17
"HLA-DQA1*03:02-DQB1*03:06",552,52,53,105
"HLA-DQA1*03:02-DQB1*03:08",552,7,26,33
"HLA-DQA1*03:02-DQB1*03:10",552,2,25,27
"HLA-DQA1*03:02-DQB1*03:11",552,4,17,21
"HLA-DQA1*03:02-DQB1*03:12",552,9,20,29
"HLA-DQA1*03:02-DQB1*03:13",552,1,26,27
"HLA-DQA1*03:02-DQB1*03:14",552,2,28,30
"HLA-DQA1*03:02-DQB1*03:16",552,2,25,27
"HLA-DQA1*03:02-DQB1*03:17",552,8,11,19
"HLA-DQA1*03:02-DQB1*03:18",552,4,17,21
"HLA-DQA1*03:02-DQB1*03:20",552,11,17,28
"HLA-DQA1*03:02-DQB1*03:25",552,52,53,105
"HLA-DQA1*03:02-DQB1*03:26",552,11,17,28
"HLA-DQA1*03:02-DQB1*03:30",552,6,14,20
"HLA-DQA1*03:02-DQB1*03:36",552,2,25,27
"HLA-DQA1*03:02-DQB1*03:37",552,4,17,21
"HLA-DQA1*03:02-DQB1*04:01",552,17,35,52
"HLA-DQA1*03:02-DQB1*04:02",552,17,35,52
"HLA-DQA1*03:02-DQB1*04:03",552,30,49,79
"HLA-DQA1*03:02-DQB1*04:04",552,24,36,60
"HLA-DQA1*03:02-DQB1*05:01",552,0,5,5
"HLA-DQA1*03:02-DQB1*05:02",552,0,5,5
"HLA-DQA1*03:02-DQB1*05:03",552,0,4,4
"HLA-DQA1*03:02-DQB1*05:05",552,0,5,5
"HLA-DQA1*03:02-DQB1*05:06",552,0,4,4
"HLA-DQA1*03:02-DQB1*05:09",552,0,4,4
"HLA-DQA1*03:02-DQB1*05:11",552,0,5,5
"HLA-DQA1*03:02-DQB1*05:12",552,0,9,9
"HLA-DQA1*03:02-DQB1*06:01",552,0,3,3
"HLA-DQA1*03:02-DQB1*06:02",552,0,10,10
"HLA-DQA1*03:02-DQB1*06:03",552,11,32,43
"HLA-DQA1*03:02-DQB1*06:04",552,3,12,15
"HLA-DQA1*03:02-DQB1*06:07",552,0,16,16
"HLA-DQA1*03:02-DQB1*06:08",552,23,30,53
"HLA-DQA1*03:02-DQB1*06:09",552,0,5,5
"HLA-DQA1*03:02-DQB1*06:10",552,2,7,9
"HLA-DQA1*03:02-DQB1*06:11",552,1,13,14
"HLA-DQA1*03:02-DQB1*06:12",552,1,20,21
"HLA-DQA1*03:02-DQB1*06:14",552,11,35,46
"HLA-DQA1*03:02-DQB1*06:15",552,0,1,1
"HLA-DQA1*03:02-DQB1*06:16",552,0,10,10
"HLA-DQA1*03:02-DQB1*06:18",552,0,8,8
"HLA-DQA1*03:02-DQB1*06:21",552,10,27,37
"HLA-DQA1*03:02-DQB1*06:22",552,0,5,5
"HLA-DQA1*03:02-DQB1*06:23",552,3,14,17
"HLA-DQA1*03:02-DQB1*06:27",552,9,20,29
"HLA-DQA1*03:02-DQB1*06:28",552,11,32,43
"HLA-DQA1*03:02-DQB1*06:29",552,3,5,8
"HLA-DQA1*03:02-DQB1*06:31",552,11,32,43
"HLA-DQA1*03:02-DQB1*06:32",552,5,18,23
"HLA-DQA1*03:02-DQB1*06:33",552,0,9,9
"HLA-DQA1*03:02-DQB1*06:40",552,11,32,43
"HLA-DQA1*03:03-DQB1*02:01",552,12,11,23
"HLA-DQA1*03:03-DQB1*02:03",552,10,20,30
"HLA-DQA1*03:03-DQB1*02:05",552,21,49,70
"HLA-DQA1*03:03-DQB1*03:01",552,2,25,27
"HLA-DQA1*03:03-DQB1*03:02",552,4,17,21
"HLA-DQA1*03:03-DQB1*03:03",552,11,17,28
"HLA-DQA1*03:03-DQB1*03:04",552,2,28,30
"HLA-DQA1*03:03-DQB1*03:05",552,2,15,17
"HLA-DQA1*03:03-DQB1*03:06",552,52,53,105
"HLA-DQA1*03:03-DQB1*03:08",552,7,26,33
"HLA-DQA1*03:03-DQB1*03:10",552,2,25,27
"HLA-DQA1*03:03-DQB1*03:11",552,4,17,21
"HLA-DQA1*03:03-DQB1*03:12",552,9,20,29
"HLA-DQA1*03:03-DQB1*03:13",552,1,26,27
"HLA-DQA1*03:03-DQB1*03:14",552,2,28,30
"HLA-DQA1*03:03-DQB1*03:16",552,2,25,27
"HLA-DQA1*03:03-DQB1*03:17",552,8,11,19
"HLA-DQA1*03:03-DQB1*03:18",552,4,17,21
"HLA-DQA1*03:03-DQB1*03:20",552,11,17,28
"HLA-DQA1*03:03-DQB1*03:25",552,52,53,105
"HLA-DQA1*03:03-DQB1*03:26",552,11,17,28
"HLA-DQA1*03:03-DQB1*03:30",552,6,14,20
"HLA-DQA1*03:03-DQB1*03:36",552,2,25,27
"HLA-DQA1*03:03-DQB1*03:37",552,4,17,21
"HLA-DQA1*03:03-DQB1*04:01",552,17,35,52
"HLA-DQA1*03:03-DQB1*04:02",552,17,35,52
"HLA-DQA1*03:03-DQB1*04:03",552,30,49,79
"HLA-DQA1*03:03-DQB1*04:04",552,24,36,60
"HLA-DQA1*03:03-DQB1*05:01",552,0,5,5
"HLA-DQA1*03:03-DQB1*05:02",552,0,5,5
"HLA-DQA1*03:03-DQB1*05:03",552,0,4,4
"HLA-DQA1*03:03-DQB1*05:05",552,0,5,5
"HLA-DQA1*03:03-DQB1*05:06",552,0,4,4
"HLA-DQA1*03:03-DQB1*05:09",552,0,4,4
"HLA-DQA1*03:03-DQB1*05:11",552,0,5,5
"HLA-DQA1*03:03-DQB1*05:12",552,0,9,9
"HLA-DQA1*03:03-DQB1*06:01",552,0,3,3
"HLA-DQA1*03:03-DQB1*06:02",552,0,10,10
"HLA-DQA1*03:03-DQB1*06:03",552,11,32,43
"HLA-DQA1*03:03-DQB1*06:04",552,3,12,15
"HLA-DQA1*03:03-DQB1*06:07",552,0,16,16
"HLA-DQA1*03:03-DQB1*06:08",552,23,30,53
"HLA-DQA1*03:03-DQB1*06:09",552,0,5,5
"HLA-DQA1*03:03-DQB1*06:10",552,2,7,9
"HLA-DQA1*03:03-DQB1*06:11",552,1,13,14
"HLA-DQA1*03:03-DQB1*06:12",552,1,20,21
"HLA-DQA1*03:03-DQB1*06:14",552,11,35,46
"HLA-DQA1*03:03-DQB1*06:15",552,0,1,1
"HLA-DQA1*03:03-DQB1*06:16",552,0,10,10
"HLA-DQA1*03:03-DQB1*06:18",552,0,8,8
"HLA-DQA1*03:03-DQB1*06:21",552,10,27,37
"HLA-DQA1*03:03-DQB1*06:22",552,0,5,5
"HLA-DQA1*03:03-DQB1*06:23",552,3,14,17
"HLA-DQA1*03:03-DQB1*06:27",552,9,20,29
"HLA-DQA1*03:03-DQB1*06:28",552,11,32,43
"HLA-DQA1*03:03-DQB1*06:29",552,3,5,8
"HLA-DQA1*03:03-DQB1*06:31",552,11,32,43
"HLA-DQA1*03:03-DQB1*06:32",552,5,18,23
"HLA-DQA1*03:03-DQB1*06:33",552,0,9,9
"HLA-DQA1*03:03-DQB1*06:40",552,11,32,43
"HLA-DQA1*04:01-DQB1*02:01",552,74,75,149
"HLA-DQA1*04:01-DQB1*02:03",552,62,98,160
"HLA-DQA1*04:01-DQB1*02:05",552,129,100,229
"HLA-DQA1*04:01-DQB1*03:01",552,42,60,102
"HLA-DQA1*04:01-DQB1*03:02",552,49,85,134
"HLA-DQA1*04:01-DQB1*03:03",552,68,99,167
"HLA-DQA1*04:01-DQB1*03:04",552,41,53,94
"HLA-DQA1*04:01-DQB1*03:05",552,34,71,105
"HLA-DQA1*04:01-DQB1*03:06",552,177,125,302
"HLA-DQA1*04:01-DQB1*03:08",552,50,72,122
"HLA-DQA1*04:01-DQB1*03:10",552,42,60,102
"HLA-DQA1*04:01-DQB1*03:11",552,49,85,134
"HLA-DQA1*04:01-DQB1*03:12",552,62,104,166
"HLA-DQA1*04:01-DQB1*03:13",552,42,70,112
"HLA-DQA1*04:01-DQB1*03:14",552,41,53,94
"HLA-DQA1*04:01-DQB1*03:16",552,42,60,102
"HLA-DQA1*04:01-DQB1*03:17",552,51,78,129
"HLA-DQA1*04:01-DQB1*03:18",552,49,85,134
"HLA-DQA1*04:01-DQB1*03:20",552,68,99,167
"HLA-DQA1*04:01-DQB1*03:25",552,177,125,302
"HLA-DQA1*04:01-DQB1*03:26",552,68,99,167
"HLA-DQA1*04:01-DQB1*03:30",552,49,98,147
"HLA-DQA1*04:01-DQB1*03:36",552,42,60,102
"HLA-DQA1*04:01-DQB1*03:37",552,49,85,134
"HLA-DQA1*04:01-DQB1*04:01",552,120,106,226
"HLA-DQA1*04:01-DQB1*04:02",552,120,106,226
"HLA-DQA1*04:01-DQB1*04:03",552,162,121,283
"HLA-DQA1*04:01-DQB1*04:04",552,123,106,229
"HLA-DQA1*04:01-DQB1*05:01",552,6,25,31
"HLA-DQA1*04:01-DQB1*05:02",552,1,14,15
"HLA-DQA1*04:01-DQB1*05:03",552,3,12,15
"HLA-DQA1*04:01-DQB1*05:05",552,1,14,15
"HLA-DQA1*04:01-DQB1*05:06",552,3,12,15
"HLA-DQA1*04:01-DQB1*05:09",552,3,12,15
"HLA-DQA1*04:01-DQB1*05:11",552,6,25,31
"HLA-DQA1*04:01-DQB1*05:12",552,7,31,38
"HLA-DQA1*04:01-DQB1*06:01",552,6,28,34
"HLA-DQA1*04:01-DQB1*06:02",552,9,21,30
"HLA-DQA1*04:01-DQB1*06:03",552,31,70,101
"HLA-DQA1*04:01-DQB1*06:04",552,41,48,89
"HLA-DQA1*04:01-DQB1*06:07",552,21,41,62
"HLA-DQA1*04:01-DQB1*06:08",552,60,62,122
"HLA-DQA1*04:01-DQB1*06:09",552,26,44,70
"HLA-DQA1*04:01-DQB1*06:10",552,22,41,63
"HLA-DQA1*04:01-DQB1*06:11",552,12,24,36
"HLA-DQA1*04:01-DQB1*06:12",552,31,41,72
"HLA-DQA1*04:01-DQB1*06:14",552,30,72,102
"HLA-DQA1*04:01-DQB1*06:15",552,9,23,32
"HLA-DQA1*04:01-DQB1*06:16",552,9,21,30
"HLA-DQA1*04:01-DQB1*06:18",552,22,40,62
"HLA-DQA1*04:01-DQB1*06:21",552,42,56,98
"HLA-DQA1*04:01-DQB1*06:22",552,23,28,51
"HLA-DQA1*04:01-DQB1*06:23",552,14,22,36
"HLA-DQA1*04:01-DQB1*06:27",552,41,64,105
"HLA-DQA1*04:01-DQB1*06:28",552,31,70,101
"HLA-DQA1*04:01-DQB1*06:29",552,10,30,40
"HLA-DQA1*04:01-DQB1*06:31",552,31,70,101
"HLA-DQA1*04:01-DQB1*06:32",552,31,56,87
"HLA-DQA1*04:01-DQB1*06:33",552,9,19,28
"HLA-DQA1*04:01-DQB1*06:40",552,31,70,101
"HLA-DQA1*05:01-DQB1*02:01",552,8,12,20
"HLA-DQA1*05:01-DQB1*02:03",552,7,21,28
"HLA-DQA1*05:01-DQB1*02:05",552,17,40,57
"HLA-DQA1*05:01-DQB1*03:01",552,0,26,26
"HLA-DQA1*05:01-DQB1*03:02",552,4,23,27
"HLA-DQA1*05:01-DQB1*03:03",552,7,19,26
"HLA-DQA1*05:01-DQB1*03:04",552,2,23,25
"HLA-DQA1*05:01-DQB1*03:05",552,4,16,20
"HLA-DQA1*05:01-DQB1*03:06",552,34,57,91
"HLA-DQA1*05:01-DQB1*03:08",552,12,34,46
"HLA-DQA1*05:01-DQB1*03:10",552,0,26,26
"HLA-DQA1*05:01-DQB1*03:11",552,4,23,27
"HLA-DQA1*05:01-DQB1*03:12",552,5,25,30
"HLA-DQA1*05:01-DQB1*03:13",552,1,25,26
"HLA-DQA1*05:01-DQB1*03:14",552,2,23,25
"HLA-DQA1*05:01-DQB1*03:16",552,0,26,26
"HLA-DQA1*05:01-DQB1*03:17",552,8,14,22
"HLA-DQA1*05:01-DQB1*03:18",552,4,23,27
"HLA-DQA1*05:01-DQB1*03:20",552,7,19,26
"HLA-DQA1*05:01-DQB1*03:25",552,34,57,91
"HLA-DQA1*05:01-DQB1*03:26",552,7,19,26
"HLA-DQA1*05:01-DQB1*03:30",552,4,16,20
"HLA-DQA1*05:01-DQB1*03:36",552,0,26,26
"HLA-DQA1*05:01-DQB1*03:37",552,4,23,27
"HLA-DQA1*05:01-DQB1*04:01",552,21,28,49
"HLA-DQA1*05:01-DQB1*04:02",552,21,28,49
"HLA-DQA1*05:01-DQB1*04:03",552,24,37,61
"HLA-DQA1*05:01-DQB1*04:04",552,27,37,64
"HLA-DQA1*05:01-DQB1*05:01",552,10,29,39
"HLA-DQA1*05:01-DQB1*05:02",552,1,15,16
"HLA-DQA1*05:01-DQB1*05:03",552,3,17,20
"HLA-DQA1*05:01-DQB1*05:05",552,1,15,16
"HLA-DQA1*05:01-DQB1*05:06",552,3,17,20
"HLA-DQA1*05:01-DQB1*05:09",552,3,17,20
"HLA-DQA1*05:01-DQB1*05:11",552,10,29,39
"HLA-DQA1*05:01-DQB1*05:12",552,11,33,44
"HLA-DQA1*05:01-DQB1*06:01",552,0,13,13
"HLA-DQA1*05:01-DQB1*06:02",552,2,19,21
"HLA-DQA1*05:01-DQB1*06:03",552,18,61,79
"HLA-DQA1*05:01-DQB1*06:04",552,5,27,32
"HLA-DQA1*05:01-DQB1*06:07",552,4,18,22
"HLA-DQA1*05:01-DQB1*06:08",552,37,56,93
"HLA-DQA1*05:01-DQB1*06:09",552,0,15,15
"HLA-DQA1*05:01-DQB1*06:10",552,2,15,17
"HLA-DQA1*05:01-DQB1*06:11",552,6,18,24
"HLA-DQA1*05:01-DQB1*06:12",552,5,39,44
"HLA-DQA1*05:01-DQB1*06:14",552,16,55,71
"HLA-DQA1*05:01-DQB1*06:15",552,0,8,8
"HLA-DQA1*05:01-DQB1*06:16",552,2,19,21
"HLA-DQA1*05:01-DQB1*06:18",552,0,12,12
"HLA-DQA1*05:01-DQB1*06:21",552,30,46,76
"HLA-DQA1*05:01-DQB1*06:22",552,0,7,7
"HLA-DQA1*05:01-DQB1*06:23",552,5,22,27
"HLA-DQA1*05:01-DQB1*06:27",552,10,30,40
"HLA-DQA1*05:01-DQB1*06:28",552,18,61,79
"HLA-DQA1*05:01-DQB1*06:29",552,1,16,17
"HLA-DQA1*05:01-DQB1*06:31",552,18,61,79
"HLA-DQA1*05:01-DQB1*06:32",552,7,18,25
"HLA-DQA1*05:01-DQB1*06:33",552,4,17,21
"HLA-DQA1*05:01-DQB1*06:40",552,18,61,79
"HLA-DQA1*05:03-DQB1*02:01",552,8,12,20
"HLA-DQA1*05:03-DQB1*02:03",552,7,21,28
"HLA-DQA1*05:03-DQB1*02:05",552,17,40,57
"HLA-DQA1*05:03-DQB1*03:01",552,0,26,26
"HLA-DQA1*05:03-DQB1*03:02",552,4,23,27
"HLA-DQA1*05:03-DQB1*03:03",552,7,19,26
"HLA-DQA1*05:03-DQB1*03:04",552,2,23,25
"HLA-DQA1*05:03-DQB1*03:05",552,4,16,20
"HLA-DQA1*05:03-DQB1*03:06",552,34,57,91
"HLA-DQA1*05:03-DQB1*03:08",552,12,34,46
"HLA-DQA1*05:03-DQB1*03:10",552,0,26,26
"HLA-DQA1*05:03-DQB1*03:11",552,4,23,27
"HLA-DQA1*05:03-DQB1*03:12",552,5,25,30
"HLA-DQA1*05:03-DQB1*03:13",552,1,25,26
"HLA-DQA1*05:03-DQB1*03:14",552,2,23,25
"HLA-DQA1*05:03-DQB1*03:16",552,0,26,26
"HLA-DQA1*05:03-DQB1*03:17",552,8,14,22
"HLA-DQA1*05:03-DQB1*03:18",552,4,23,27
"HLA-DQA1*05:03-DQB1*03:20",552,7,19,26
"HLA-DQA1*05:03-DQB1*03:25",552,34,57,91
"HLA-DQA1*05:03-DQB1*03:26",552,7,19,26
"HLA-DQA1*05:03-DQB1*03:30",552,4,16,20
"HLA-DQA1*05:03-DQB1*03:36",552,0,26,26
"HLA-DQA1*05:03-DQB1*03:37",552,4,23,27
"HLA-DQA1*05:03-DQB1*04:01",552,21,28,49
"HLA-DQA1*05:03-DQB1*04:02",552,21,28,49
"HLA-DQA1*05:03-DQB1*04:03",552,24,37,61
"HLA-DQA1*05:03-DQB1*04:04",552,27,37,64
"HLA-DQA1*05:03-DQB1*05:01",552,10,29,39
"HLA-DQA1*05:03-DQB1*05:02",552,1,15,16
"HLA-DQA1*05:03-DQB1*05:03",552,3,17,20
"HLA-DQA1*05:03-DQB1*05:05",552,1,15,16
"HLA-DQA1*05:03-DQB1*05:06",552,3,17,20
"HLA-DQA1*05:03-DQB1*05:09",552,3,17,20
"HLA-DQA1*05:03-DQB1*05:11",552,10,29,39
"HLA-DQA1*05:03-DQB1*05:12",552,11,33,44
"HLA-DQA1*05:03-DQB1*06:01",552,0,13,13
"HLA-DQA1*05:03-DQB1*06:02",552,2,19,21
"HLA-DQA1*05:03-DQB1*06:03",552,18,61,79
"HLA-DQA1*05:03-DQB1*06:04",552,5,27,32
"HLA-DQA1*05:03-DQB1*06:07",552,4,18,22
"HLA-DQA1*05:03-DQB1*06:08",552,37,56,93
"HLA-DQA1*05:03-DQB1*06:09",552,0,15,15
"HLA-DQA1*05:03-DQB1*06:10",552,2,15,17
"HLA-DQA1*05:03-DQB1*06:11",552,6,18,24
"HLA-DQA1*05:03-DQB1*06:12",552,5,39,44
"HLA-DQA1*05:03-DQB1*06:14",552,16,55,71
"HLA-DQA1*05:03-DQB1*06:15",552,0,8,8
"HLA-DQA1*05:03-DQB1*06:16",552,2,19,21
"HLA-DQA1*05:03-DQB1*06:18",552,0,12,12
"HLA-DQA1*05:03-DQB1*06:21",552,30,46,76
"HLA-DQA1*05:03-DQB1*06:22",552,0,7,7
"HLA-DQA1*05:03-DQB1*06:23",552,5,22,27
"HLA-DQA1*05:03-DQB1*06:27",552,10,30,40
"HLA-DQA1*05:03-DQB1*06:28",552,18,61,79
"HLA-DQA1*05:03-DQB1*06:29",552,1,16,17
"HLA-DQA1*05:03-DQB1*06:31",552,18,61,79
"HLA-DQA1*05:03-DQB1*06:32",552,7,18,25
"HLA-DQA1*05:03-DQB1*06:33",552,4,17,21
"HLA-DQA1*05:03-DQB1*06:40",552,18,61,79
"HLA-DQA1*05:05-DQB1*02:01",552,8,12,20
"HLA-DQA1*05:05-DQB1*02:03",552,7,21,28
"HLA-DQA1*05:05-DQB1*02:05",552,17,40,57
"HLA-DQA1*05:05-DQB1*03:01",552,0,26,26
"HLA-DQA1*05:05-DQB1*03:02",552,4,23,27
"HLA-DQA1*05:05-DQB1*03:03",552,7,19,26
"HLA-DQA1*05:05-DQB1*03:04",552,2,23,25
"HLA-DQA1*05:05-DQB1*03:05",552,4,16,20
"HLA-DQA1*05:05-DQB1*03:06",552,34,57,91
"HLA-DQA1*05:05-DQB1*03:08",552,12,34,46
"HLA-DQA1*05:05-DQB1*03:10",552,0,26,26
"HLA-DQA1*05:05-DQB1*03:11",552,4,23,27
"HLA-DQA1*05:05-DQB1*03:12",552,5,25,30
"HLA-DQA1*05:05-DQB1*03:13",552,1,25,26
"HLA-DQA1*05:05-DQB1*03:14",552,2,23,25
"HLA-DQA1*05:05-DQB1*03:16",552,0,26,26
"HLA-DQA1*05:05-DQB1*03:17",552,8,14,22
"HLA-DQA1*05:05-DQB1*03:18",552,4,23,27
"HLA-DQA1*05:05-DQB1*03:20",552,7,19,26
"HLA-DQA1*05:05-DQB1*03:25",552,34,57,91
"HLA-DQA1*05:05-DQB1*03:26",552,7,19,26
"HLA-DQA1*05:05-DQB1*03:30",552,4,16,20
"HLA-DQA1*05:05-DQB1*03:36",552,0,26,26
"HLA-DQA1*05:05-DQB1*03:37",552,4,23,27
"HLA-DQA1*05:05-DQB1*04:01",552,21,28,49
"HLA-DQA1*05:05-DQB1*04:02",552,21,28,49
"HLA-DQA1*05:05-DQB1*04:03",552,24,37,61
"HLA-DQA1*05:05-DQB1*04:04",552,27,37,64
"HLA-DQA1*05:05-DQB1*05:01",552,10,29,39
"HLA-DQA1*05:05-DQB1*05:02",552,1,15,16
"HLA-DQA1*05:05-DQB1*05:03",552,3,17,20
"HLA-DQA1*05:05-DQB1*05:05",552,1,15,16
"HLA-DQA1*05:05-DQB1*05:06",552,3,17,20
"HLA-DQA1*05:05-DQB1*05:09",552,3,17,20
"HLA-DQA1*05:05-DQB1*05:11",552,10,29,39
"HLA-DQA1*05:05-DQB1*05:12",552,11,33,44
"HLA-DQA1*05:05-DQB1*06:01",552,0,13,13
"HLA-DQA1*05:05-DQB1*06:02",552,2,19,21
"HLA-DQA1*05:05-DQB1*06:03",552,18,61,79
"HLA-DQA1*05:05-DQB1*06:04",552,5,27,32
"HLA-DQA1*05:05-DQB1*06:07",552,4,18,22
"HLA-DQA1*05:05-DQB1*06:08",552,37,56,93
"HLA-DQA1*05:05-DQB1*06:09",552,0,15,15
"HLA-DQA1*05:05-DQB1*06:10",552,2,15,17
"HLA-DQA1*05:05-DQB1*06:11",552,6,18,24
"HLA-DQA1*05:05-DQB1*06:12",552,5,39,44
"HLA-DQA1*05:05-DQB1*06:14",552,16,55,71
"HLA-DQA1*05:05-DQB1*06:15",552,0,8,8
"HLA-DQA1*05:05-DQB1*06:16",552,2,19,21
"HLA-DQA1*05:05-DQB1*06:18",552,0,12,12
"HLA-DQA1*05:05-DQB1*06:21",552,30,46,76
"HLA-DQA1*05:05-DQB1*06:22",552,0,7,7
"HLA-DQA1*05:05-DQB1*06:23",552,5,22,27
"HLA-DQA1*05:05-DQB1*06:27",552,10,30,40
"HLA-DQA1*05:05-DQB1*06:28",552,18,61,79
"HLA-DQA1*05:05-DQB1*06:29",552,1,16,17
"HLA-DQA1*05:05-DQB1*06:31",552,18,61,79
"HLA-DQA1*05:05-DQB1*06:32",552,7,18,25
"HLA-DQA1*05:05-DQB1*06:33",552,4,17,21
"HLA-DQA1*05:05-DQB1*06:40",552,18,61,79
"HLA-DQA1*05:08-DQB1*02:01",552,8,12,20
"HLA-DQA1*05:08-DQB1*02:03",552,7,21,28
"HLA-DQA1*05:08-DQB1*02:05",552,17,40,57
"HLA-DQA1*05:08-DQB1*03:01",552,0,26,26
"HLA-DQA1*05:08-DQB1*03:02",552,4,23,27
"HLA-DQA1*05:08-DQB1*03:03",552,7,19,26
"HLA-DQA1*05:08-DQB1*03:04",552,2,23,25
"HLA-DQA1*05:08-DQB1*03:05",552,4,16,20
"HLA-DQA1*05:08-DQB1*03:06",552,34,57,91
"HLA-DQA1*05:08-DQB1*03:08",552,12,34,46
"HLA-DQA1*05:08-DQB1*03:10",552,0,26,26
"HLA-DQA1*05:08-DQB1*03:11",552,4,23,27
"HLA-DQA1*05:08-DQB1*03:12",552,5,25,30
"HLA-DQA1*05:08-DQB1*03:13",552,1,25,26
"HLA-DQA1*05:08-DQB1*03:14",552,2,23,25
"HLA-DQA1*05:08-DQB1*03:16",552,0,26,26
"HLA-DQA1*05:08-DQB1*03:17",552,8,14,22
"HLA-DQA1*05:08-DQB1*03:18",552,4,23,27
"HLA-DQA1*05:08-DQB1*03:20",552,7,19,26
"HLA-DQA1*05:08-DQB1*03:25",552,34,57,91
"HLA-DQA1*05:08-DQB1*03:26",552,7,19,26
"HLA-DQA1*05:08-DQB1*03:30",552,4,16,20
"HLA-DQA1*05:08-DQB1*03:36",552,0,26,26
"HLA-DQA1*05:08-DQB1*03:37",552,4,23,27
"HLA-DQA1*05:08-DQB1*04:01",552,21,28,49
"HLA-DQA1*05:08-DQB1*04:02",552,21,28,49
"HLA-DQA1*05:08-DQB1*04:03",552,24,37,61
"HLA-DQA1*05:08-DQB1*04:04",552,27,37,64
"HLA-DQA1*05:08-DQB1*05:01",552,10,29,39
"HLA-DQA1*05:08-DQB1*05:02",552,1,15,16
"HLA-DQA1*05:08-DQB1*05:03",552,3,17,20
"HLA-DQA1*05:08-DQB1*05:05",552,1,15,16
"HLA-DQA1*05:08-DQB1*05:06",552,3,17,20
"HLA-DQA1*05:08-DQB1*05:09",552,3,17,20
"HLA-DQA1*05:08-DQB1*05:11",552,10,29,39
"HLA-DQA1*05:08-DQB1*05:12",552,11,33,44
"HLA-DQA1*05:08-DQB1*06:01",552,0,13,13
"HLA-DQA1*05:08-DQB1*06:02",552,2,19,21
"HLA-DQA1*05:08-DQB1*06:03",552,18,61,79
"HLA-DQA1*05:08-DQB1*06:04",552,5,27,32
"HLA-DQA1*05:08-DQB1*06:07",552,4,18,22
"HLA-DQA1*05:08-DQB1*06:08",552,37,56,93
"HLA-DQA1*05:08-DQB1*06:09",552,0,15,15
"HLA-DQA1*05:08-DQB1*06:10",552,2,15,17
"HLA-DQA1*05:08-DQB1*06:11",552,6,18,24
"HLA-DQA1*05:08-DQB1*06:12",552,5,39,44
"HLA-DQA1*05:08-DQB1*06:14",552,16,55,71
"HLA-DQA1*05:08-DQB1*06:15",552,0,8,8
"HLA-DQA1*05:08-DQB1*06:16",552,2,19,21
"HLA-DQA1*05:08-DQB1*06:18",552,0,12,12
"HLA-DQA1*05:08-DQB1*06:21",552,30,46,76
"HLA-DQA1*05:08-DQB1*06:22",552,0,7,7
"HLA-DQA1*05:08-DQB1*06:23",552,5,22,27
"HLA-DQA1*05:08-DQB1*06:27",552,10,30,40
"HLA-DQA1*05:08-DQB1*06:28",552,18,61,79
"HLA-DQA1*05:08-DQB1*06:29",552,1,16,17
"HLA-DQA1*05:08-DQB1*06:31",552,18,61,79
"HLA-DQA1*05:08-DQB1*06:32",552,7,18,25
"HLA-DQA1*05:08-DQB1*06:33",552,4,17,21
"HLA-DQA1*05:08-DQB1*06:40",552,18,61,79
"HLA-DQA1*05:09-DQB1*02:01",552,8,12,20
"HLA-DQA1*05:09-DQB1*02:03",552,7,21,28
"HLA-DQA1*05:09-DQB1*02:05",552,17,40,57
"HLA-DQA1*05:09-DQB1*03:01",552,0,26,26
"HLA-DQA1*05:09-DQB1*03:02",552,4,23,27
"HLA-DQA1*05:09-DQB1*03:03",552,7,19,26
"HLA-DQA1*05:09-DQB1*03:04",552,2,23,25
"HLA-DQA1*05:09-DQB1*03:05",552,4,16,20
"HLA-DQA1*05:09-DQB1*03:06",552,34,57,91
"HLA-DQA1*05:09-DQB1*03:08",552,12,34,46
"HLA-DQA1*05:09-DQB1*03:10",552,0,26,26
"HLA-DQA1*05:09-DQB1*03:11",552,4,23,27
"HLA-DQA1*05:09-DQB1*03:12",552,5,25,30
"HLA-DQA1*05:09-DQB1*03:13",552,1,25,26
"HLA-DQA1*05:09-DQB1*03:14",552,2,23,25
"HLA-DQA1*05:09-DQB1*03:16",552,0,26,26
"HLA-DQA1*05:09-DQB1*03:17",552,8,14,22
"HLA-DQA1*05:09-DQB1*03:18",552,4,23,27
"HLA-DQA1*05:09-DQB1*03:20",552,7,19,26
"HLA-DQA1*05:09-DQB1*03:25",552,34,57,91
"HLA-DQA1*05:09-DQB1*03:26",552,7,19,26
"HLA-DQA1*05:09-DQB1*03:30",552,4,16,20
"HLA-DQA1*05:09-DQB1*03:36",552,0,26,26
"HLA-DQA1*05:09-DQB1*03:37",552,4,23,27
"HLA-DQA1*05:09-DQB1*04:01",552,21,28,49
"HLA-DQA1*05:09-DQB1*04:02",552,21,28,49
"HLA-DQA1*05:09-DQB1*04:03",552,24,37,61
"HLA-DQA1*05:09-DQB1*04:04",552,27,37,64
"HLA-DQA1*05:09-DQB1*05:01",552,10,29,39
"HLA-DQA1*05:09-DQB1*05:02",552,1,15,16
"HLA-DQA1*05:09-DQB1*05:03",552,3,17,20
"HLA-DQA1*05:09-DQB1*05:05",552,1,15,16
"HLA-DQA1*05:09-DQB1*05:06",552,3,17,20
"HLA-DQA1*05:09-DQB1*05:09",552,3,17,20
"HLA-DQA1*05:09-DQB1*05:11",552,10,29,39
"HLA-DQA1*05:09-DQB1*05:12",552,11,33,44
"HLA-DQA1*05:09-DQB1*06:01",552,0,13,13
"HLA-DQA1*05:09-DQB1*06:02",552,2,19,21
"HLA-DQA1*05:09-DQB1*06:03",552,18,61,79
"HLA-DQA1*05:09-DQB1*06:04",552,5,27,32
"HLA-DQA1*05:09-DQB1*06:07",552,4,18,22
"HLA-DQA1*05:09-DQB1*06:08",552,37,56,93
"HLA-DQA1*05:09-DQB1*06:09",552,0,15,15
"HLA-DQA1*05:09-DQB1*06:10",552,2,15,17
"HLA-DQA1*05:09-DQB1*06:11",552,6,18,24
"HLA-DQA1*05:09-DQB1*06:12",552,5,39,44
"HLA-DQA1*05:09-DQB1*06:14",552,16,55,71
"HLA-DQA1*05:09-DQB1*06:15",552,0,8,8
"HLA-DQA1*05:09-DQB1*06:16",552,2,19,21
"HLA-DQA1*05:09-DQB1*06:18",552,0,12,12
"HLA-DQA1*05:09-DQB1*06:21",552,30,46,76
"HLA-DQA1*05:09-DQB1*06:22",552,0,7,7
"HLA-DQA1*05:09-DQB1*06:23",552,5,22,27
"HLA-DQA1*05:09-DQB1*06:27",552,10,30,40
"HLA-DQA1*05:09-DQB1*06:28",552,18,61,79
"HLA-DQA1*05:09-DQB1*06:29",552,1,16,17
"HLA-DQA1*05:09-DQB1*06:31",552,18,61,79
"HLA-DQA1*05:09-DQB1*06:32",552,7,18,25
"HLA-DQA1*05:09-DQB1*06:33",552,4,17,21
"HLA-DQA1*05:09-DQB1*06:40",552,18,61,79
"HLA-DQA1*06:01-DQB1*02:01",552,15,23,38
"HLA-DQA1*06:01-DQB1*02:03",552,10,30,40
"HLA-DQA1*06:01-DQB1*02:05",552,37,78,115
"HLA-DQA1*06:01-DQB1*03:01",552,3,29,32
"HLA-DQA1*06:01-DQB1*03:02",552,15,29,44
"HLA-DQA1*06:01-DQB1*03:03",552,14,21,35
"HLA-DQA1*06:01-DQB1*03:04",552,11,33,44
"HLA-DQA1*06:01-DQB1*03:05",552,5,21,26
"HLA-DQA1*06:01-DQB1*03:06",552,55,73,128
"HLA-DQA1*06:01-DQB1*03:08",552,19,38,57
"HLA-DQA1*06:01-DQB1*03:10",552,3,29,32
"HLA-DQA1*06:01-DQB1*03:11",552,15,29,44
"HLA-DQA1*06:01-DQB1*03:12",552,13,27,40
"HLA-DQA1*06:01-DQB1*03:13",552,5,30,35
"HLA-DQA1*06:01-DQB1*03:14",552,11,33,44
"HLA-DQA1*06:01-DQB1*03:16",552,3,29,32
"HLA-DQA1*06:01-DQB1*03:17",552,9,14,23
"HLA-DQA1*06:01-DQB1*03:18",552,15,29,44
"HLA-DQA1*06:01-DQB1*03:20",552,14,21,35
"HLA-DQA1*06:01-DQB1*03:25",552,55,73,128
"HLA-DQA1*06:01-DQB1*03:26",552,14,21,35
"HLA-DQA1*06:01-DQB1*03:30",552,7,20,27
"HLA-DQA1*06:01-DQB1*03:36",552,3,29,32
"HLA-DQA1*06:01-DQB1*03:37",552,15,29,44
"HLA-DQA1*06:01-DQB1*04:01",552,24,26,50
"HLA-DQA1*06:01-DQB1*04:02",552,24,26,50
"HLA-DQA1*06:01-DQB1*04:03",552,32,49,81
"HLA-DQA1*06:01-DQB1*04:04",552,36,34,70
"HLA-DQA1*06:01-DQB1*05:01",552,0,13,13
"HLA-DQA1*06:01-DQB1*05:02",552,0,6,6
"HLA-DQA1*06:01-DQB1*05:03",552,0,6,6
"HLA-DQA1*06:01-DQB1*05:05",552,0,6,6
"HLA-DQA1*06:01-DQB1*05:06",552,0,6,6
"HLA-DQA1*06:01-DQB1*05:09",552,0,6,6
"HLA-DQA1*06:01-DQB1*05:11",552,0,13,13
"HLA-DQA1*06:01-DQB1*05:12",552,0,15,15
"HLA-DQA1*06:01-DQB1*06:01",552,0,2,2
"HLA-DQA1*06:01-DQB1*06:02",552,0,9,9
"HLA-DQA1*06:01-DQB1*06:03",552,12,37,49
"HLA-DQA1*06:01-DQB1*06:04",552,13,32,45
"HLA-DQA1*06:01-DQB1*06:07",552,9,10,19
"HLA-DQA1*06:01-DQB1*06:08",552,30,56,86
"HLA-DQA1*06:01-DQB1*06:09",552,1,20,21
"HLA-DQA1*06:01-DQB1*06:10",552,0,9,9
"HLA-DQA1*06:01-DQB1*06:11",552,0,11,11
"HLA-DQA1*06:01-DQB1*06:12",552,3,31,34
"HLA-DQA1*06:01-DQB1*06:14",552,9,35,44
"HLA-DQA1*06:01-DQB1*06:15",552,0,6,6
"HLA-DQA1*06:01-DQB1*06:16",552,0,9,9
"HLA-DQA1*06:01-DQB1*06:18",552,1,16,17
"HLA-DQA1*06:01-DQB1*06:21",552,30,41,71
"HLA-DQA1*06:01-DQB1*06:22",552,0,12,12
"HLA-DQA1*06:01-DQB1*06:23",552,0,10,10
"HLA-DQA1*06:01-DQB1*06:27",552,14,34,48
"HLA-DQA1*06:01-DQB1*06:28",552,12,37,49
"HLA-DQA1*06:01-DQB1*06:29",552,0,11,11
"HLA-DQA1*06:01-DQB1*06:31",552,12,37,49
"HLA-DQA1*06:01-DQB1*06:32",552,9,12,21
"HLA-DQA1*06:01-DQB1*06:33",552,0,9,9
"HLA-DQA1*06:01-DQB1*06:40",552,12,37,49
"HLA-DRB1*01:01",552,4,31,35
"HLA-DRB1*01:02",552,4,27,31
"HLA-DRB1*01:03",552,16,44,60
"HLA-DRB1*01:04",552,6,28,34
"HLA-DRB1*01:07",552,4,31,35
"HLA-DRB1*01:10",552,5,39,44
"HLA-DRB1*01:11",552,5,22,27
"HLA-DRB1*01:16",552,14,40,54
"HLA-DRB1*01:18",552,4,44,48
"HLA-DRB1*01:20",552,5,33,38
"HLA-DRB1*01:22",552,4,31,35
"HLA-DRB1*01:24",552,4,30,34
"HLA-DRB1*01:26",552,4,27,31
"HLA-DRB1*01:27",552,4,31,35
"HLA-DRB1*01:29",552,4,32,36
"HLA-DRB1*03:01",552,4,30,34
"HLA-DRB1*03:02",552,56,61,117
"HLA-DRB1*03:03",552,21,52,73
"HLA-DRB1*03:04",552,4,30,34
"HLA-DRB1*03:05",552,16,40,56
"HLA-DRB1*03:06",552,4,28,32
"HLA-DRB1*03:07",552,9,38,47
"HLA-DRB1*03:08",552,4,30,34
"HLA-DRB1*03:11",552,5,18,23
"HLA-DRB1*03:13",552,4,30,34
"HLA-DRB1*03:15",552,4,20,24
"HLA-DRB1*03:17",552,24,38,62
"HLA-DRB1*03:19",552,3,31,34
"HLA-DRB1*03:22",552,4,30,34
"HLA-DRB1*03:23",552,4,30,34
"HLA-DRB1*03:24",552,9,30,39
"HLA-DRB1*03:25",552,4,30,34
"HLA-DRB1*03:27",552,38,48,86
"HLA-DRB1*03:29",552,52,54,106
"HLA-DRB1*03:30",552,4,30,34
"HLA-DRB1*03:36",552,4,30,34
"HLA-DRB1*03:37",552,4,30,34
"HLA-DRB1*03:39",552,4,30,34
"HLA-DRB1*03:42",552,2,25,27
"HLA-DRB1*03:43",552,4,30,34
"HLA-DRB1*03:44",552,4,30,34
"HLA-DRB1*03:47",552,4,30,34
"HLA-DRB1*04:01",552,4,22,26
"HLA-DRB1*04:02",552,15,40,55
"HLA-DRB1*04:03",552,9,28,37
"HLA-DRB1*04:04",552,8,19,27
"HLA-DRB1*04:05",552,2,22,24
"HLA-DRB1*04:06",552,9,28,37
"HLA-DRB1*04:07",552,5,41,46
"HLA-DRB1*04:08",552,3,19,22
"HLA-DRB1*04:09",552,3,24,27
"HLA-DRB1*04:10",552,2,22,24
"HLA-DRB1*04:11",552,4,33,37
"HLA-DRB1*04:13",552,5,26,31
"HLA-DRB1*04:14",552,10,28,38
"HLA-DRB1*04:15",552,19,44,63
"HLA-DRB1*04:16",552,4,22,26
"HLA-DRB1*04:17",552,8,33,41
"HLA-DRB1*04:18",552,21,33,54
"HLA-DRB1*04:19",552,3,19,22
"HLA-DRB1*04:21",552,4,22,26
"HLA-DRB1*04:23",552,8,19,27
"HLA-DRB1*04:26",552,4,22,26
"HLA-DRB1*04:27",552,7,18,25
"HLA-DRB1*04:31",552,12,22,34
"HLA-DRB1*04:33",552,4,22,26
"HLA-DRB1*04:34",552,11,28,39
"HLA-DRB1*04:35",552,6,28,34
"HLA-DRB1*04:36",552,19,44,63
"HLA-DRB1*04:37",552,26,44,70
"HLA-DRB1*04:38",552,5,20,25
"HLA-DRB1*04:39",552,9,28,37
"HLA-DRB1*04:40",552,8,19,27
"HLA-DRB1*04:41",552,9,28,37
"HLA-DRB1*04:42",552,7,24,31
"HLA-DRB1*04:43",552,4,25,29
"HLA-DRB1*04:44",552,7,12,19
"HLA-DRB1*04:50",552,9,29,38
"HLA-DRB1*04:51",552,9,28,37
"HLA-DRB1*04:54",552,9,37,46
"HLA-DRB1*04:56",552,7,18,25
"HLA-DRB1*04:59",552,11,31,42
"HLA-DRB1*04:60",552,9,28,37
"HLA-DRB1*04:62",552,6,27,33
"HLA-DRB1*04:64",552,5,22,27
"HLA-DRB1*04:68",552,8,19,27
"HLA-DRB1*04:70",552,8,21,29
"HLA-DRB1*04:71",552,9,28,37
"HLA-DRB1*04:72",552,9,25,34
"HLA-DRB1*04:76",552,4,22,26
"HLA-DRB1*04:79",552,7,16,23
"HLA-DRB1*04:83",552,2,22,24
"HLA-DRB1*04:88",552,10,19,29
"HLA-DRB1*07:01",552,8,34,42
"HLA-DRB1*07:03",552,8,34,42
"HLA-DRB1*07:05",552,8,34,42
"HLA-DRB1*07:07",552,8,34,42
"HLA-DRB1*07:11",552,18,51,69
"HLA-DRB1*07:13",552,8,34,42
"HLA-DRB1*07:15",552,8,34,42
"HLA-DRB1*07:16",552,8,34,42
"HLA-DRB1*08:01",552,9,32,41
"HLA-DRB1*08:02",552,15,35,50
"HLA-DRB1*08:03",552,30,53,83
"HLA-DRB1*08:04",552,20,30,50
"HLA-DRB1*08:05",552,5,23,28
"HLA-DRB1*08:06",552,8,28,36
"HLA-DRB1*08:07",552,29,47,76
"HLA-DRB1*08:08",552,17,39,56
"HLA-DRB1*08:09",552,15,35,50
"HLA-DRB1*08:10",552,19,32,51
"HLA-DRB1*08:11",552,17,39,56
"HLA-DRB1*08:12",552,16,29,45
"HLA-DRB1*08:13",552,32,38,70
"HLA-DRB1*08:14",552,30,53,83
"HLA-DRB1*08:16",552,9,32,41
"HLA-DRB1*08:18",552,13,20,33
"HLA-DRB1*08:19",552,39,76,115
"HLA-DRB1*08:20",552,18,36,54
"HLA-DRB1*08:22",552,5,22,27
"HLA-DRB1*08:26",552,9,32,41
"HLA-DRB1*08:28",552,17,35,52
"HLA-DRB1*08:34",552,39,77,116
"HLA-DRB1*09:01",552,6,25,31
"HLA-DRB1*09:02",552,2,22,24
"HLA-DRB1*09:04",552,8,31,39
"HLA-DRB1*09:06",552,6,25,31
"HLA-DRB1*10:01",552,2,25,27
"HLA-DRB1*10:02",552,7,25,32
"HLA-DRB1*11:01",552,15,28,43
"HLA-DRB1*11:02",552,16,27,43
"HLA-DRB1*11:03",552,16,27,43
"HLA-DRB1*11:04",552,14,33,47
"HLA-DRB1*11:05",552,13,27,40
"HLA-DRB1*11:06",552,7,21,28
"HLA-DRB1*11:07",552,9,38,47
"HLA-DRB1*11:08",552,17,33,50
"HLA-DRB1*11:09",552,15,28,43
"HLA-DRB1*11:10",552,15,28,43
"HLA-DRB1*11:11",552,17,29,46
"HLA-DRB1*11:12",552,15,28,43
"HLA-DRB1*11:13",552,8,23,31
"HLA-DRB1*11:14",552,16,32,48
"HLA-DRB1*11:15",552,15,28,43
"HLA-DRB1*11:16",552,16,27,43
"HLA-DRB1*11:17",552,19,37,56
"HLA-DRB1*11:18",552,11,29,40
"HLA-DRB1*11:19",552,14,27,41
"HLA-DRB1*11:20",552,16,32,48
"HLA-DRB1*11:21",552,8,26,34
"HLA-DRB1*11:24",552,15,28,43
"HLA-DRB1*11:25",552,18,36,54
"HLA-DRB1*11:27",552,10,28,38
"HLA-DRB1*11:28",552,15,28,43
"HLA-DRB1*11:29",552,15,28,43
"HLA-DRB1*11:32",552,16,32,48
"HLA-DRB1*11:33",552,15,28,43
"HLA-DRB1*11:34",552,8,22,30
"HLA-DRB1*11:35",552,14,33,47
"HLA-DRB1*11:36",552,14,28,42
"HLA-DRB1*11:37",552,12,27,39
"HLA-DRB1*11:39",552,15,28,43
"HLA-DRB1*11:41",552,11,26,37
"HLA-DRB1*11:42",552,9,28,37
"HLA-DRB1*11:43",552,14,33,47
"HLA-DRB1*11:44",552,14,33,47
"HLA-DRB1*11:45",552,24,47,71
"HLA-DRB1*11:47",552,7,21,28
"HLA-DRB1*11:48",552,15,26,41
"HLA-DRB1*11:49",552,15,28,43
"HLA-DRB1*11:51",552,15,28,43
"HLA-DRB1*11:56",552,13,29,42
"HLA-DRB1*11:58",552,14,33,47
"HLA-DRB1*11:60",552,14,33,47
"HLA-DRB1*11:61",552,15,28,43
"HLA-DRB1*11:62",552,15,28,43
"HLA-DRB1*11:65",552,16,27,43
"HLA-DRB1*11:66",552,15,28,43
"HLA-DRB1*11:69",552,16,22,38
"HLA-DRB1*11:76",552,16,27,43
"HLA-DRB1*11:78",552,14,33,47
"HLA-DRB1*11:81",552,15,31,46
"HLA-DRB1*11:84",552,7,27,34
"HLA-DRB1*11:88",552,13,29,42
"HLA-DRB1*11:93",552,14,39,53
"HLA-DRB1*11:94",552,15,28,43
"HLA-DRB1*11:96",552,15,28,43
"HLA-DRB1*12:01",552,6,20,26
"HLA-DRB1*12:02",552,12,41,53
"HLA-DRB1*12:03",552,10,23,33
"HLA-DRB1*12:04",552,7,20,27
"HLA-DRB1*12:05",552,6,20,26
"HLA-DRB1*12:08",552,11,24,35
"HLA-DRB1*12:11",552,6,23,29
"HLA-DRB1*12:20",552,14,44,58
"HLA-DRB1*13:01",552,16,27,43
"HLA-DRB1*13:02",552,16,32,48
"HLA-DRB1*13:03",552,11,31,42
"HLA-DRB1*13:04",552,8,29,37
"HLA-DRB1*13:05",552,15,28,43
"HLA-DRB1*13:06",552,11,29,40
"HLA-DRB1*13:07",552,12,27,39
"HLA-DRB1*13:08",552,15,26,41
"HLA-DRB1*13:09",552,10,22,32
"HLA-DRB1*13:10",552,9,35,44
"HLA-DRB1*13:11",552,14,33,47
"HLA-DRB1*13:12",552,13,24,37
"HLA-DRB1*13:13",552,29,60,89
"HLA-DRB1*13:14",552,15,28,43
"HLA-DRB1*13:15",552,9,28,37
"HLA-DRB1*13:16",552,16,29,45
"HLA-DRB1*13:17",552,11,24,35
"HLA-DRB1*13:18",552,18,36,54
"HLA-DRB1*13:19",552,11,26,37
"HLA-DRB1*13:20",552,14,28,42
"HLA-DRB1*13:21",552,13,25,38
"HLA-DRB1*13:22",552,16,27,43
"HLA-DRB1*13:23",552,16,32,48
"HLA-DRB1*13:24",552,16,27,43
"HLA-DRB1*13:26",552,7,24,31
"HLA-DRB1*13:27",552,5,21,26
"HLA-DRB1*13:29",552,18,33,51
"HLA-DRB1*13:31",552,23,60,83
"HLA-DRB1*13:32",552,6,23,29
"HLA-DRB1*13:33",552,14,30,44
"HLA-DRB1*13:34",552,16,32,48
"HLA-DRB1*13:36",552,18,32,50
"HLA-DRB1*13:37",552,19,37,56
"HLA-DRB1*13:38",552,16,30,46
"HLA-DRB1*13:39",552,16,32,48
"HLA-DRB1*13:41",552,10,30,40
"HLA-DRB1*13:42",552,14,33,47
"HLA-DRB1*13:48",552,6,23,29
"HLA-DRB1*13:49",552,5,22,27
"HLA-DRB1*13:50",552,15,28,43
"HLA-DRB1*13:52",552,16,27,43
"HLA-DRB1*13:53",552,11,26,37
"HLA-DRB1*13:54",552,27,33,60
"HLA-DRB1*13:56",552,17,33,50
"HLA-DRB1*13:59",552,16,27,43
"HLA-DRB1*13:61",552,9,27,36
"HLA-DRB1*13:62",552,15,28,43
"HLA-DRB1*13:63",552,17,29,46
"HLA-DRB1*13:65",552,16,30,46
"HLA-DRB1*13:66",552,22,31,53
"HLA-DRB1*13:67",552,15,37,52
"HLA-DRB1*13:69",552,16,27,43
"HLA-DRB1*13:70",552,15,26,41
"HLA-DRB1*13:75",552,12,25,37
"HLA-DRB1*13:77",552,16,27,43
"HLA-DRB1*13:79",552,16,27,43
"HLA-DRB1*13:80",552,16,27,43
"HLA-DRB1*13:81",552,2,10,12
"HLA-DRB1*13:82",552,14,27,41
"HLA-DRB1*13:87",552,16,27,43
"HLA-DRB1*13:88",552,3,29,32
"HLA-DRB1*13:90",552,11,31,42
"HLA-DRB1*13:91",552,16,27,43
"HLA-DRB1*13:93",552,8,29,37
"HLA-DRB1*13:95",552,11,31,42
"HLA-DRB1*13:96",552,15,35,50
"HLA-DRB1*13:97",552,16,32,48
"HLA-DRB1*14:01",552,21,38,59
"HLA-DRB1*14:02",552,27,35,62
"HLA-DRB1*14:03",552,31,39,70
"HLA-DRB1*14:04",552,18,32,50
"HLA-DRB1*14:05",552,19,37,56
"HLA-DRB1*14:06",552,10,28,38
"HLA-DRB1*14:07",552,32,70,102
"HLA-DRB1*14:08",552,19,37,56
"HLA-DRB1*14:09",552,17,36,53
"HLA-DRB1*14:10",552,10,28,38
"HLA-DRB1*14:11",552,17,35,52
"HLA-DRB1*14:12",552,20,36,56
"HLA-DRB1*14:13",552,22,27,49
"HLA-DRB1*14:15",552,20,30,50
"HLA-DRB1*14:16",552,15,24,39
"HLA-DRB1*14:17",552,8,22,30
"HLA-DRB1*14:18",552,19,38,57
"HLA-DRB1*14:19",552,30,43,73
"HLA-DRB1*14:20",552,10,28,38
"HLA-DRB1*14:21",552,6,22,28
"HLA-DRB1*14:22",552,10,28,38
"HLA-DRB1*14:23",552,19,37,56
"HLA-DRB1*14:24",552,15,41,56
"HLA-DRB1*14:25",552,10,28,38
"HLA-DRB1*14:27",552,10,29,39
"HLA-DRB1*14:28",552,21,35,56
"HLA-DRB1*14:32",552,14,15,29
"HLA-DRB1*14:33",552,19,32,51
"HLA-DRB1*14:35",552,24,45,69
"HLA-DRB1*14:41",552,27,35,62
"HLA-DRB1*14:44",552,23,60,83
"HLA-DRB1*14:46",552,11,34,45
"HLA-DRB1*14:47",552,28,51,79
"HLA-DRB1*14:48",552,33,79,112
"HLA-DRB1*14:50",552,13,34,47
"HLA-DRB1*14:52",552,10,22,32
"HLA-DRB1*14:58",552,21,38,59
"HLA-DRB1*14:60",552,21,38,59
"HLA-DRB1*14:61",552,18,32,50
"HLA-DRB1*14:68",552,36,70,106
"HLA-DRB1*14:69",552,16,32,48
"HLA-DRB1*14:70",552,20,46,66
"HLA-DRB1*14:75",552,21,44,65
"HLA-DRB1*14:79",552,14,38,52
"HLA-DRB1*14:86",552,21,38,59
"HLA-DRB1*14:87",552,21,38,59
"HLA-DRB1*14:90",552,21,38,59
"HLA-DRB1*14:95",552,9,23,32
"HLA-DRB1*14:97",552,21,38,59
"HLA-DRB1*14:99",552,20,42,62
"HLA-DRB1*15:01",552,8,23,31
"HLA-DRB1*15:02",552,21,31,52
"HLA-DRB1*15:03",552,16,48,64
"HLA-DRB1*15:04",552,10,31,41
"HLA-DRB1*15:05",552,10,22,32
"HLA-DRB1*15:06",552,8,23,31
"HLA-DRB1*15:07",552,7,19,26
"HLA-DRB1*15:10",552,12,27,39
"HLA-DRB1*15:11",552,17,29,46
"HLA-DRB1*15:13",552,8,23,31
"HLA-DRB1*15:14",552,21,31,52
"HLA-DRB1*15:15",552,20,40,60
"HLA-DRB1*15:18",552,9,29,38
"HLA-DRB1*15:20",552,8,23,31
"HLA-DRB1*15:22",552,8,23,31
"HLA-DRB1*15:23",552,16,56,72
"HLA-DRB1*15:24",552,8,23,31
"HLA-DRB1*15:31",552,25,44,69
"HLA-DRB1*15:33",552,8,23,31
"HLA-DRB1*15:36",552,8,22,30
"HLA-DRB1*15:37",552,8,21,29
"HLA-DRB1*15:38",552,21,31,52
"HLA-DRB1*15:40",552,8,23,31
"HLA-DRB1*15:47",552,21,31,52
"HLA-DRB1*16:01",552,6,27,33
"HLA-DRB1*16:02",552,6,32,38
"HLA-DRB1*16:04",552,5,33,38
"HLA-DRB1*16:05",552,9,30,39
"HLA-DRB1*16:07",552,9,30,39
"HLA-DRB1*16:08",552,6,27,33
"HLA-DRB1*16:09",552,14,29,43
"HLA-DRB1*16:10",552,15,38,53
"HLA-DRB1*16:12",552,6,33,39
"HLA-DRB1*16:15",552,6,21,27
"HLA-DRB3*01:01",552,6,33,39
"HLA-DRB3*01:05",552,12,33,45
"HLA-DRB3*01:11",552,6,33,39
"HLA-DRB3*01:13",552,6,33,39
"HLA-DRB3*02:01",552,17,31,48
"HLA-DRB3*02:02",552,27,27,54
"HLA-DRB3*02:04",552,20,43,63
"HLA-DRB3*02:05",552,23,27,50
"HLA-DRB3*02:09",552,28,35,63
"HLA-DRB3*02:10",552,27,27,54
"HLA-DRB3*02:11",552,28,33,61
"HLA-DRB3*02:12",552,27,26,53
"HLA-DRB3*02:13",552,23,27,50
"HLA-DRB3*02:16",552,28,34,62
"HLA-DRB3*02:17",552,22,27,49
"HLA-DRB3*02:19",552,35,41,76
"HLA-DRB3*02:20",552,27,27,54
"HLA-DRB3*02:21",552,28,35,63
"HLA-DRB3*02:22",552,35,41,76
"HLA-DRB3*02:23",552,27,27,54
"HLA-DRB3*02:25",552,27,27,54
"HLA-DRB3*03:01",552,27,26,53
"HLA-DRB3*03:03",552,46,64,110
"HLA-DRB4*01:01",552,5,25,30
"HLA-DRB4*01:04",552,1,16,17
"HLA-DRB4*01:07",552,5,25,30
"HLA-DRB5*01:03",552,15,37,52
"HLA-DRB5*01:04",552,9,27,36
"HLA-DRB5*01:05",552,10,18,28
"HLA-DRB5*01:06",552,1,8,9
"HLA-DRB5*01:11",552,4,24,28
"HLA-DRB5*02:03",552,10,25,35
"HLA-DRB5*02:04",552,8,19,27
